      0.00000000  3.64956728e-01  3.64956728e-01  3.28436055e-01  3.28436055e-01  5.57026290e-03  5.57026290e-03 -5.57026290e-03 -5.57026290e-03  3.64956728e-01  3.64956728e-01
      0.01000000  3.65778761e-01  3.65778761e-01  3.27273284e-01  3.24956820e-01  5.18628059e-03  5.18628059e-03 -5.87845246e-03 -5.87845246e-03  3.64154470e-01  3.64154470e-01
      0.02000000  3.66585927e-01  3.66585927e-01  3.26144719e-01  3.21566839e-01  4.81150586e-03  4.81150586e-03 -6.17934234e-03 -6.17934234e-03  3.63375884e-01  3.63375884e-01
      0.03000000  3.67378795e-01  3.67378795e-01  3.25048635e-01  3.18261936e-01  4.44555083e-03  4.44555083e-03 -6.47323467e-03 -6.47323467e-03  3.62619779e-01  3.62619779e-01
      0.04000000  3.68157895e-01  3.68157895e-01  3.23983441e-01  3.15038241e-01  4.08805363e-03  4.08805363e-03 -6.76041166e-03 -6.76041166e-03  3.61885053e-01  3.61885053e-01
      0.05000000  3.68923725e-01  3.68923725e-01  3.22947659e-01  3.11892158e-01  3.73867589e-03  3.73867589e-03 -7.04113744e-03 -7.04113744e-03  3.61170685e-01  3.61170685e-01
      0.06000000  3.69676750e-01  3.69676750e-01  3.21939919e-01  3.08820337e-01  3.39710054e-03  3.39710054e-03 -7.31565978e-03 -7.31565978e-03  3.60475727e-01  3.60475727e-01
      0.07000000  3.70417409e-01  3.70417409e-01  3.20958945e-01  3.05819650e-01  3.06302994e-03  3.06302994e-03 -7.58421151e-03 -7.58421151e-03  3.59799296e-01  3.59799296e-01
      0.08000000  3.71146113e-01  3.71146113e-01  3.20003548e-01  3.02887174e-01  2.73618413e-03  2.73618413e-03 -7.84701179e-03 -7.84701179e-03  3.59140567e-01  3.59140567e-01
      0.09000000  3.71863252e-01  3.71863252e-01  3.19072617e-01  3.00020169e-01  2.41629938e-03  2.41629938e-03 -8.10426730e-03 -8.10426730e-03  3.58498773e-01  3.58498773e-01
      0.10000000  3.72569193e-01  3.72569193e-01  3.18165111e-01  2.97216064e-01  2.10312683e-03  2.10312683e-03 -8.35617325e-03 -8.35617325e-03  3.57873192e-01  3.57873192e-01
      0.11000000  3.73264284e-01  3.73264284e-01  3.17280058e-01  2.94472441e-01  1.79643132e-03  1.79643132e-03 -8.60291425e-03 -8.60291425e-03  3.57263151e-01  3.57263151e-01
      0.12000000  3.73948854e-01  3.73948854e-01  3.16416540e-01  2.91787027e-01  1.49599027e-03  1.49599027e-03 -8.84466516e-03 -8.84466516e-03  3.56668015e-01  3.56668015e-01
      0.13000000  3.74623215e-01  3.74623215e-01  3.15573700e-01  2.89157674e-01  1.20159282e-03  1.20159282e-03 -9.08159180e-03 -9.08159180e-03  3.56087188e-01  3.56087188e-01
      0.14000000  3.75287666e-01  3.75287666e-01  3.14750727e-01  2.86582358e-01  9.13038854e-04  9.13038854e-04 -9.31385163e-03 -9.31385163e-03  3.55520110e-01  3.55520110e-01
      0.15000000  3.75942488e-01  3.75942488e-01  3.13946858e-01  2.84059165e-01  6.30138321e-04  6.30138321e-04 -9.54159434e-03 -9.54159434e-03  3.54966251e-01  3.54966251e-01
      0.16000000  3.76587952e-01  3.76587952e-01  3.13161371e-01  2.81586280e-01  3.52710468e-04  3.52710468e-04 -9.76496237e-03 -9.76496237e-03  3.54425113e-01  3.54425113e-01
      0.17000000  3.77224314e-01  3.77224314e-01  3.12393588e-01  2.79161987e-01  8.05832197e-05  8.05832197e-05 -9.98409145e-03 -9.98409145e-03  3.53896222e-01  3.53896222e-01
      0.18000000  3.77851820e-01  3.77851820e-01  3.11642862e-01  2.76784657e-01 -1.86407403e-04 -1.86407403e-04 -1.01991110e-02 -1.01991110e-02  3.53379133e-01  3.53379133e-01
      0.19000000  3.78470704e-01  3.78470704e-01  3.10908584e-01  2.74452740e-01 -4.48417819e-04 -4.48417819e-04 -1.04101445e-02 -1.04101445e-02  3.52873423e-01  3.52873423e-01
      0.20000000  3.79081191e-01  3.79081191e-01  3.10190175e-01  2.72164767e-01 -7.05597369e-04 -7.05597369e-04 -1.06173100e-02 -1.06173100e-02  3.52378690e-01  3.52378690e-01
      0.21000000  3.79683496e-01  3.79683496e-01  3.09487086e-01  2.69919335e-01 -9.58088766e-04 -9.58088766e-04 -1.08207204e-02 -1.08207204e-02  3.51894554e-01  3.51894554e-01
      0.22000000  3.80277824e-01  3.80277824e-01  3.08798795e-01  2.67715112e-01 -1.20602850e-03 -1.20602850e-03 -1.10204836e-02 -1.10204836e-02  3.51420652e-01  3.51420652e-01
      0.23000000  3.80864373e-01  3.80864373e-01  3.08124806e-01  2.65550824e-01 -1.44954721e-03 -1.44954721e-03 -1.12167032e-02 -1.12167032e-02  3.50956642e-01  3.50956642e-01
      0.24000000  3.81443333e-01  3.81443333e-01  3.07464647e-01  2.63425260e-01 -1.68877003e-03 -1.68877003e-03 -1.14094781e-02 -1.14094781e-02  3.50502194e-01  3.50502194e-01
      0.25000000  3.82014886e-01  3.82014886e-01  3.06817867e-01  2.61337258e-01 -1.92381694e-03 -1.92381694e-03 -1.15989036e-02 -1.15989036e-02  3.50056998e-01  3.50056998e-01
      0.26000000  3.82579208e-01  3.82579208e-01  3.06184038e-01  2.59285711e-01 -2.15480301e-03 -2.15480301e-03 -1.17850708e-02 -1.17850708e-02  3.49620756e-01  3.49620756e-01
      0.27000000  3.83136467e-01  3.83136467e-01  3.05562750e-01  2.57269560e-01 -2.38183869e-03 -2.38183869e-03 -1.19680675e-02 -1.19680675e-02  3.49193184e-01  3.49193184e-01
      0.28000000  3.83686825e-01  3.83686825e-01  3.04953612e-01  2.55287790e-01 -2.60503009e-03 -2.60503009e-03 -1.21479778e-02 -1.21479778e-02  3.48774011e-01  3.48774011e-01
      0.29000000  3.84230439e-01  3.84230439e-01  3.04356251e-01  2.53339428e-01 -2.82447919e-03 -2.82447919e-03 -1.23248828e-02 -1.23248828e-02  3.48362978e-01  3.48362978e-01
      0.30000000  3.84767460e-01  3.84767460e-01  3.03770310e-01  2.51423543e-01 -3.04028408e-03 -3.04028408e-03 -1.24988604e-02 -1.24988604e-02  3.47959837e-01  3.47959837e-01
      0.31000000  3.85298033e-01  3.85298033e-01  3.03195447e-01  2.49539242e-01 -3.25253911e-03 -3.25253911e-03 -1.26699857e-02 -1.26699857e-02  3.47564352e-01  3.47564352e-01
      0.32000000  3.85822298e-01  3.85822298e-01  3.02631335e-01  2.47685667e-01 -3.46133515e-03 -3.46133515e-03 -1.28383308e-02 -1.28383308e-02  3.47176296e-01  3.47176296e-01
      0.33000000  3.86340392e-01  3.86340392e-01  3.02077659e-01  2.45861994e-01 -3.66675975e-03 -3.66675975e-03 -1.30039655e-02 -1.30039655e-02  3.46795451e-01  3.46795451e-01
      0.34000000  3.86852445e-01  3.86852445e-01  3.01534121e-01  2.44067430e-01 -3.86889724e-03 -3.86889724e-03 -1.31669570e-02 -1.31669570e-02  3.46421609e-01  3.46421609e-01
      0.35000000  3.87358584e-01  3.87358584e-01  3.01000430e-01  2.42301217e-01 -4.06782900e-03 -4.06782900e-03 -1.33273699e-02 -1.33273699e-02  3.46054570e-01  3.46054570e-01
      0.36000000  3.87858932e-01  3.87858932e-01  3.00476311e-01  2.40562620e-01 -4.26363349e-03 -4.26363349e-03 -1.34852670e-02 -1.34852670e-02  3.45694142e-01  3.45694142e-01
      0.37000000  3.88353608e-01  3.88353608e-01  2.99961497e-01  2.38850934e-01 -4.45638647e-03 -4.45638647e-03 -1.36407085e-02 -1.36407085e-02  3.45340140e-01  3.45340140e-01
      0.38000000  3.88842725e-01  3.88842725e-01  2.99455733e-01  2.37165482e-01 -4.64616109e-03 -4.64616109e-03 -1.37937528e-02 -1.37937528e-02  3.44992388e-01  3.44992388e-01
      0.39000000  3.89326396e-01  3.89326396e-01  2.98958773e-01  2.35505609e-01 -4.83302801e-03 -4.83302801e-03 -1.39444562e-02 -1.39444562e-02  3.44650716e-01  3.44650716e-01
      0.40000000  3.89804728e-01  3.89804728e-01  2.98470381e-01  2.33870684e-01 -5.01705554e-03 -5.01705554e-03 -1.40928733e-02 -1.40928733e-02  3.44314959e-01  3.44314959e-01
      0.41000000  3.90277825e-01  3.90277825e-01  2.97990330e-01  2.32260099e-01 -5.19830969e-03 -5.19830969e-03 -1.42390568e-02 -1.42390568e-02  3.43984961e-01  3.43984961e-01
      0.42000000  3.90745790e-01  3.90745790e-01  2.97518401e-01  2.30673267e-01 -5.37685434e-03 -5.37685434e-03 -1.43830577e-02 -1.43830577e-02  3.43660568e-01  3.43660568e-01
      0.43000000  3.91208720e-01  3.91208720e-01  2.97054382e-01  2.29109621e-01 -5.55275129e-03 -5.55275129e-03 -1.45249254e-02 -1.45249254e-02  3.43341636e-01  3.43341636e-01
      0.44000000  3.91666712e-01  3.91666712e-01  2.96598071e-01  2.27568615e-01 -5.72606037e-03 -5.72606037e-03 -1.46647076e-02 -1.46647076e-02  3.43028024e-01  3.43028024e-01
      0.45000000  3.92119856e-01  3.92119856e-01  2.96149272e-01  2.26049720e-01 -5.89683949e-03 -5.89683949e-03 -1.48024507e-02 -1.48024507e-02  3.42719595e-01  3.42719595e-01
      0.46000000  3.92568245e-01  3.92568245e-01  2.95707795e-01  2.24552424e-01 -6.06514478e-03 -6.06514478e-03 -1.49381996e-02 -1.49381996e-02  3.42416219e-01  3.42416219e-01
      0.47000000  3.93011964e-01  3.93011964e-01  2.95273458e-01  2.23076234e-01 -6.23103061e-03 -6.23103061e-03 -1.50719978e-02 -1.50719978e-02  3.42117769e-01  3.42117769e-01
      0.48000000  3.93451100e-01  3.93451100e-01  2.94846086e-01  2.21620672e-01 -6.39454968e-03 -6.39454968e-03 -1.52038874e-02 -1.52038874e-02  3.41824123e-01  3.41824123e-01
      0.49000000  3.93885734e-01  3.93885734e-01  2.94425507e-01  2.20185274e-01 -6.55575309e-03 -6.55575309e-03 -1.53339094e-02 -1.53339094e-02  3.41535164e-01  3.41535164e-01
      0.50000000  3.94315948e-01  3.94315948e-01  2.94011558e-01  2.18769594e-01 -6.71469043e-03 -6.71469043e-03 -1.54621034e-02 -1.54621034e-02  3.41250778e-01  3.41250778e-01
      0.51000000  3.94741820e-01  3.94741820e-01  2.93604081e-01  2.17373198e-01 -6.87140977e-03 -6.87140977e-03 -1.55885080e-02 -1.55885080e-02  3.40970854e-01  3.40970854e-01
      0.52000000  3.95163425e-01  3.95163425e-01  2.93202920e-01  2.15995665e-01 -7.02595781e-03 -7.02595781e-03 -1.57131606e-02 -1.57131606e-02  3.40695288e-01  3.40695288e-01
      0.53000000  3.95580838e-01  3.95580838e-01  2.92807929e-01  2.14636589e-01 -7.17837986e-03 -7.17837986e-03 -1.58360975e-02 -1.58360975e-02  3.40423975e-01  3.40423975e-01
      0.54000000  3.95994130e-01  3.95994130e-01  2.92418963e-01  2.13295575e-01 -7.32871991e-03 -7.32871991e-03 -1.59573539e-02 -1.59573539e-02  3.40156816e-01  3.40156816e-01
      0.55000000  3.96403374e-01  3.96403374e-01  2.92035883e-01  2.11972240e-01 -7.47702073e-03 -7.47702073e-03 -1.60769641e-02 -1.60769641e-02  3.39893715e-01  3.39893715e-01
      0.56000000  3.96808636e-01  3.96808636e-01  2.91658555e-01  2.10666213e-01 -7.62332385e-03 -7.62332385e-03 -1.61949616e-02 -1.61949616e-02  3.39634579e-01  3.39634579e-01
      0.57000000  3.97209983e-01  3.97209983e-01  2.91286849e-01  2.09377135e-01 -7.76766962e-03 -7.76766962e-03 -1.63113785e-02 -1.63113785e-02  3.39379318e-01  3.39379318e-01
      0.58000000  3.97607482e-01  3.97607482e-01  2.90920637e-01  2.08104655e-01 -7.91009731e-03 -7.91009731e-03 -1.64262465e-02 -1.64262465e-02  3.39127844e-01  3.39127844e-01
      0.59000000  3.98001195e-01  3.98001195e-01  2.90559798e-01  2.06848435e-01 -8.05064505e-03 -8.05064505e-03 -1.65395962e-02 -1.65395962e-02  3.38880072e-01  3.38880072e-01
      0.60000000  3.98391184e-01  3.98391184e-01  2.90204214e-01  2.05608144e-01 -8.18934998e-03 -8.18934998e-03 -1.66514574e-02 -1.66514574e-02  3.38635921e-01  3.38635921e-01
      0.61000000  3.98777509e-01  3.98777509e-01  2.89853768e-01  2.04383463e-01 -8.32624819e-03 -8.32624819e-03 -1.67618590e-02 -1.67618590e-02  3.38395311e-01  3.38395311e-01
      0.62000000  3.99160230e-01  3.99160230e-01  2.89508350e-01  2.03174080e-01 -8.46137483e-03 -8.46137483e-03 -1.68708292e-02 -1.68708292e-02  3.38158164e-01  3.38158164e-01
      0.63000000  3.99539404e-01  3.99539404e-01  2.89167851e-01  2.01979693e-01 -8.59476410e-03 -8.59476410e-03 -1.69783957e-02 -1.69783957e-02  3.37924406e-01  3.37924406e-01
      0.64000000  3.99915087e-01  3.99915087e-01  2.88832166e-01  2.00800009e-01 -8.72644928e-03 -8.72644928e-03 -1.70845851e-02 -1.70845851e-02  3.37693964e-01  3.37693964e-01
      0.65000000  4.00287334e-01  4.00287334e-01  2.88501193e-01  1.99634740e-01 -8.85646281e-03 -8.85646281e-03 -1.71894234e-02 -1.71894234e-02  3.37466768e-01  3.37466768e-01
      0.66000000  4.00656199e-01  4.00656199e-01  2.88174833e-01  1.98483611e-01 -8.98483626e-03 -8.98483626e-03 -1.72929361e-02 -1.72929361e-02  3.37242749e-01  3.37242749e-01
