         delta            Pmax        control[0]      control[1]       control[2]      control[3]     control[4]      control[5]       control[6]      control[7]
      4.10000000       1.10000000  -4.92511072e-01  7.14527719e-01  7.74334681e-01  5.30559343e-01 -7.17260343e-01 -8.06917704e-01  7.14527719e-01 -7.17260343e-01
      4.00000000       1.10000000  -4.86522576e-01  7.10495781e-01  7.70031866e-01  5.25033064e-01 -7.13260455e-01 -8.03013006e-01  7.10495781e-01 -7.13260455e-01
      3.90000000       1.10000000  -4.80372045e-01  7.06327580e-01  7.65566724e-01  5.19353817e-01 -7.09124605e-01 -7.98954446e-01  7.06327580e-01 -7.09124605e-01
      3.80000000       1.10000000  -4.74052582e-01  7.02015472e-01  7.60929706e-01  5.13514794e-01 -7.04845131e-01 -7.94732599e-01  7.02015472e-01 -7.04845131e-01
      3.70000000       1.10000000  -4.67556898e-01  6.97551197e-01  7.56110489e-01  5.07508766e-01 -7.00413754e-01 -7.90337243e-01  6.97551197e-01 -7.00413754e-01
      3.60000000       1.10000000  -4.60877283e-01  6.92925814e-01  7.51097893e-01  5.01328053e-01 -6.95821508e-01 -7.85757276e-01  6.92925814e-01 -6.95821508e-01
      3.50000000       1.10000000  -4.54005581e-01  6.88129628e-01  7.45879791e-01  4.94964486e-01 -6.91058670e-01 -7.80980613e-01  6.88129628e-01 -6.91058670e-01
      3.40000000       1.10000000  -4.46933155e-01  6.83152100e-01  7.40443007e-01  4.88409369e-01 -6.86114671e-01 -7.75994078e-01  6.83152100e-01 -6.86114671e-01
      3.30000000       1.10000000  -4.39650858e-01  6.77981754e-01  7.34773194e-01  4.81653435e-01 -6.80978002e-01 -7.70783276e-01  6.77981754e-01 -6.80978002e-01
      3.20000000       1.10000000  -4.32148995e-01  6.72606066e-01  7.28854705e-01  4.74686799e-01 -6.75636099e-01 -7.65332444e-01  6.72606066e-01 -6.75636099e-01
      3.10000000       1.10000000  -4.24417286e-01  6.67011333e-01  7.22670439e-01  4.67498903e-01 -6.70075215e-01 -7.59624290e-01  6.67011333e-01 -6.70075215e-01
      3.00000000       1.10000000  -4.16444830e-01  6.61182526e-01  7.16201662e-01  4.60078462e-01 -6.64280276e-01 -7.53639793e-01  6.61182526e-01 -6.64280276e-01
      2.90000000       1.10000000  -4.08220058e-01  6.55103123e-01  7.09427812e-01  4.52413398e-01 -6.58234705e-01 -7.47357987e-01  6.55103123e-01 -6.58234705e-01
      2.80000000       1.10000000  -3.99730695e-01  6.48754901e-01  7.02326263e-01  4.44490772e-01 -6.51920223e-01 -7.40755697e-01  6.48754901e-01 -6.51920223e-01
      2.70000000       1.10000000  -3.90963710e-01  6.42117712e-01  6.94872061e-01  4.36296704e-01 -6.45316618e-01 -7.33807244e-01  6.42117712e-01 -6.45316618e-01
      2.60000000       1.10000000  -3.81905272e-01  6.35169201e-01  6.87037605e-01  4.27816290e-01 -6.38401468e-01 -7.26484088e-01  6.35169201e-01 -6.38401468e-01
      2.50000000       1.10000000  -3.72540707e-01  6.27884485e-01  6.78792289e-01  4.19033503e-01 -6.31149819e-01 -7.18754417e-01  6.27884485e-01 -6.31149819e-01
      2.40000000       1.10000000  -3.62854446e-01  6.20235771e-01  6.70102074e-01  4.09931095e-01 -6.23533803e-01 -7.10582660e-01  6.20235771e-01 -6.23533803e-01
      2.30000000       1.10000000  -3.52829986e-01  6.12191892e-01  6.60928987e-01  4.00490473e-01 -6.15522175e-01 -7.01928907e-01  6.12191892e-01 -6.15522175e-01
      2.20000000       1.10000000  -3.42449851e-01  6.03717756e-01  6.51230523e-01  3.90691573e-01 -6.07079767e-01 -6.92748222e-01  6.03717756e-01 -6.07079767e-01
      2.10000000       1.10000000  -3.31695561e-01  5.94773681e-01  6.40958942e-01  3.80512718e-01 -5.98166824e-01 -6.82989814e-01  5.94773681e-01 -5.98166824e-01
      2.00000000       1.10000000  -3.20547616e-01  5.85314579e-01  6.30060424e-01  3.69930458e-01 -5.88738190e-01 -6.72596043e-01  5.85314579e-01 -5.88738190e-01
      1.90000000       1.10000000  -3.08985499e-01  5.75288958e-01  6.18474047e-01  3.58919390e-01 -5.78742323e-01 -6.61501207e-01  5.75288958e-01 -5.78742323e-01
      1.80000000       1.10000000  -2.96987707e-01  5.64637688e-01  6.06130560e-01  3.47451968e-01 -5.68120065e-01 -6.49630068e-01  5.64637688e-01 -5.68120065e-01
      1.70000000       1.10000000  -2.84531825e-01  5.53292463e-01  5.92950872e-01  3.35498279e-01 -5.56803114e-01 -6.36896025e-01  5.53292463e-01 -5.56803114e-01
      1.60000000       1.10000000  -2.71594658e-01  5.41173855e-01  5.78844208e-01  3.23025807e-01 -5.44712104e-01 -6.23198860e-01  5.41173855e-01 -5.44712104e-01
      1.50000000       1.10000000  -2.58152458e-01  5.28188846e-01  5.63705806e-01  3.09999159e-01 -5.31754150e-01 -6.08421900e-01  5.28188846e-01 -5.31754150e-01
      1.40000000       1.10000000  -2.44181269e-01  5.14227651e-01  5.47414041e-01  2.96379774e-01 -5.17819705e-01 -5.92428438e-01  5.14227651e-01 -5.17819705e-01
      1.30000000       1.10000000  -2.29657452e-01  4.99159570e-01  5.29826784e-01  2.82125590e-01 -5.02778456e-01 -5.75057150e-01  4.99159570e-01 -5.02778456e-01
      1.20000000       1.10000000  -2.14558485e-01  4.82827523e-01  5.10776733e-01  2.67190669e-01 -4.86473900e-01 -5.56116163e-01  4.82827523e-01 -4.86473900e-01
      1.10000000       1.10000000  -1.98864125e-01  4.65040707e-01  4.90065339e-01  2.51524780e-01 -4.68716069e-01 -5.35375271e-01  4.65040707e-01 -4.68716069e-01
      1.00000000       1.10000000  -1.82558155e-01  4.45564602e-01  4.67454798e-01  2.35072900e-01 -4.49271596e-01 -5.12555555e-01  4.45564602e-01 -4.49271596e-01
      0.90000000       1.10000000  -1.65630962e-01  4.24107063e-01  4.42657273e-01  2.17774594e-01 -4.27849868e-01 -4.87315293e-01  4.24107063e-01 -4.27849868e-01
      0.80000000       1.10000000  -1.48083402e-01  4.00298588e-01  4.15320050e-01  1.99563159e-01 -4.04083283e-01 -4.59230417e-01  4.00298588e-01 -4.04083283e-01
      0.70000000       1.10000000  -1.29932674e-01  3.73663568e-01  3.85004561e-01  1.80364288e-01 -3.77498319e-01 -4.27766673e-01  3.73663568e-01 -3.77498319e-01
      0.60000000       1.10000000  -1.11221374e-01  3.43577122e-01  3.51155631e-01  1.60093628e-01 -3.47471722e-01 -3.92238685e-01  3.43577122e-01 -3.47471722e-01
      0.50000000       1.10000000  -9.20318579e-02  3.09197863e-01  3.13054366e-01  1.38651683e-01 -3.13161387e-01 -3.51747143e-01  3.09197863e-01 -3.13161387e-01
      0.40000000       1.10000000  -7.25097473e-02  2.69358015e-01  2.69741329e-01  1.15911782e-01 -2.73391293e-01 -3.05076806e-01  2.69358015e-01 -2.73391293e-01
      0.30000000       1.10000000  -5.29043172e-02  2.22371530e-01  2.19879805e-01  9.16880481e-02 -2.26444947e-01 -2.50516703e-01  2.22371530e-01 -2.26444947e-01
      0.20000000       1.10000000  -3.36429355e-02  1.65662937e-01  1.61476973e-01  6.56362359e-02 -1.69648227e-01 -1.85499694e-01  1.65662937e-01 -1.69648227e-01
      0.10000000       1.10000000  -1.54862106e-02  9.48983540e-02  9.11596518e-02  3.68579727e-02 -9.83191046e-02 -1.05689913e-01  9.48983540e-02 -9.83191046e-02
      4.10000000       1.00000000  -4.64834627e-01  6.92376635e-01  7.44000946e-01  5.05064726e-01 -6.96049407e-01 -7.76885502e-01  6.92376635e-01 -6.96049407e-01
      4.00000000       1.00000000  -4.58929189e-01  6.88277673e-01  7.39686556e-01  4.99583892e-01 -6.91973362e-01 -7.72949880e-01  6.88277673e-01 -6.91973362e-01
      3.90000000       1.00000000  -4.52869440e-01  6.84042902e-01  7.35212254e-01  4.93956256e-01 -6.87761417e-01 -7.68862039e-01  6.84042902e-01 -6.87761417e-01
      3.80000000       1.00000000  -4.46649054e-01  6.79664798e-01  7.30568728e-01  4.88175483e-01 -6.83406011e-01 -7.64612731e-01  6.79664798e-01 -6.83406011e-01
      3.70000000       1.00000000  -4.40261358e-01  6.75135236e-01  7.25745915e-01  4.82234860e-01 -6.78898978e-01 -7.60191934e-01  6.75135236e-01 -6.78898978e-01
      3.60000000       1.00000000  -4.33699314e-01  6.70445427e-01  7.20732928e-01  4.76127269e-01 -6.74231484e-01 -7.55588769e-01  6.70445427e-01 -6.74231484e-01
      3.50000000       1.00000000  -4.26955496e-01  6.65585845e-01  7.15517965e-01  4.69845154e-01 -6.69393956e-01 -7.50791401e-01  6.65585845e-01 -6.69393956e-01
      3.40000000       1.00000000  -4.20022064e-01  6.60546148e-01  7.10088214e-01  4.63380486e-01 -6.64375996e-01 -7.45786939e-01  6.60546148e-01 -6.64375996e-01
      3.30000000       1.00000000  -4.12890742e-01  6.55315079e-01  7.04429741e-01  4.56724730e-01 -6.59166291e-01 -7.40561305e-01  6.55315079e-01 -6.59166291e-01
      3.20000000       1.00000000  -4.05552785e-01  6.49880366e-01  6.98527357e-01  4.49868802e-01 -6.53752502e-01 -7.35099102e-01  6.49880366e-01 -6.53752502e-01
      3.10000000       1.00000000  -3.97998956e-01  6.44228591e-01  6.92364483e-01  4.42803022e-01 -6.48121141e-01 -7.29383447e-01  6.44228591e-01 -6.48121141e-01
      3.00000000       1.00000000  -3.90219492e-01  6.38345052e-01  6.85922975e-01  4.35517069e-01 -6.42257432e-01 -7.23395791e-01  6.38345052e-01 -6.42257432e-01
      2.90000000       1.00000000  -3.82204076e-01  6.32213599e-01  6.79182938e-01  4.27999927e-01 -6.36145141e-01 -7.17115704e-01  6.32213599e-01 -6.36145141e-01
      2.80000000       1.00000000  -3.73941809e-01  6.25816440e-01  6.72122510e-01  4.20239822e-01 -6.29766387e-01 -7.10520629e-01  6.25816440e-01 -6.29766387e-01
      2.70000000       1.00000000  -3.65421172e-01  6.19133919e-01  6.64717602e-01  4.12224165e-01 -6.23101419e-01 -7.03585594e-01  6.19133919e-01 -6.23101419e-01
      2.60000000       1.00000000  -3.56630001e-01  6.12144252e-01  6.56941611e-01  4.03939472e-01 -6.16128353e-01 -6.96282881e-01  6.12144252e-01 -6.16128353e-01
      2.50000000       1.00000000  -3.47555459e-01  6.04823220e-01  6.48765075e-01  3.95371294e-01 -6.08822861e-01 -6.88581629e-01  6.04823220e-01 -6.08822861e-01
      2.40000000       1.00000000  -3.38184007e-01  5.97143800e-01  6.40155276e-01  3.86504123e-01 -6.01157807e-01 -6.80447377e-01  5.97143800e-01 -6.01157807e-01
      2.30000000       1.00000000  -3.28501385e-01  5.89075725e-01  6.31075768e-01  3.77321306e-01 -5.93102814e-01 -6.71841511e-01  5.89075725e-01 -5.93102814e-01
      2.20000000       1.00000000  -3.18492604e-01  5.80584967e-01  6.21485828e-01  3.67804931e-01 -5.84623734e-01 -6.62720622e-01  5.80584967e-01 -5.84623734e-01
      2.10000000       1.00000000  -3.08141934e-01  5.71633094e-01  6.11339795e-01  3.57935721e-01 -5.75682024e-01 -6.53035722e-01  5.71633094e-01 -5.75682024e-01
      2.00000000       1.00000000  -2.97432932e-01  5.62176507e-01  6.00586288e-01  3.47692899e-01 -5.66233980e-01 -6.42731310e-01  5.62176507e-01 -5.66233980e-01
      1.90000000       1.00000000  -2.86348467e-01  5.52165496e-01  5.89167266e-01  3.37054053e-01 -5.56229799e-01 -6.31744246e-01  5.52165496e-01 -5.56229799e-01
      1.80000000       1.00000000  -2.74870801e-01  5.41543075e-01  5.77016894e-01  3.25994981e-01 -5.45612429e-01 -6.20002365e-01  5.41543075e-01 -5.45612429e-01
      1.70000000       1.00000000  -2.62981697e-01  5.30243539e-01  5.64060156e-01  3.14489519e-01 -5.34316134e-01 -6.07422788e-01  5.30243539e-01 -5.34316134e-01
      1.60000000       1.00000000  -2.50662599e-01  5.18190644e-01  5.50211171e-01  3.02509355e-01 -5.22264692e-01 -5.93909832e-01  5.18190644e-01 -5.22264692e-01
      1.50000000       1.00000000  -2.37894902e-01  5.05295306e-01  5.35371092e-01  2.90023825e-01 -5.09369118e-01 -5.79352392e-01  5.05295306e-01 -5.09369118e-01
      1.40000000       1.00000000  -2.24660338e-01  4.91452646e-01  5.19425500e-01  2.76999676e-01 -4.95524737e-01 -5.63620656e-01  4.91452646e-01 -4.95524737e-01
      1.30000000       1.00000000  -2.10941544e-01  4.76538158e-01  5.02241112e-01  2.63400817e-01 -4.80607393e-01 -5.46561917e-01  4.76538158e-01 -4.80607393e-01
      1.20000000       1.00000000  -1.96722870e-01  4.60402674e-01  4.83661581e-01  2.49188026e-01 -4.64468456e-01 -5.27995174e-01  4.60402674e-01 -4.64468456e-01
      1.10000000       1.00000000  -1.81991550e-01  4.42865652e-01  4.63502068e-01  2.34318607e-01 -4.46928165e-01 -5.07704099e-01  4.42865652e-01 -4.46928165e-01
      1.00000000       1.00000000  -1.66739374e-01  4.23706075e-01  4.41542113e-01  2.18745975e-01 -4.27766579e-01 -4.85427704e-01  4.23706075e-01 -4.27766579e-01
      0.90000000       1.00000000  -1.50965126e-01  4.02649898e-01  4.17516096e-01  2.02419098e-01 -4.06711054e-01 -4.60847757e-01  4.02649898e-01 -4.06711054e-01
      0.80000000       1.00000000  -1.34678143e-01  3.79352366e-01  3.91100192e-01  1.85281680e-01 -3.83418503e-01 -4.33571455e-01  3.79352366e-01 -3.83418503e-01
      0.70000000       1.00000000  -1.17903608e-01  3.53372485e-01  3.61894031e-01  1.67270787e-01 -3.57449623e-01 -4.03106936e-01  3.53372485e-01 -3.57449623e-01
      0.60000000       1.00000000  -1.00690557e-01  3.24135099e-01  3.29394012e-01  1.48314272e-01 -3.28230181e-01 -3.68827562e-01  3.24135099e-01 -3.28230181e-01
      0.50000000       1.00000000  -8.31243178e-02  2.90872497e-01  2.92952676e-01  1.28325381e-01 -2.94990557e-01 -3.29917619e-01  2.90872497e-01 -2.94990557e-01
      0.40000000       1.00000000  -6.53464814e-02  2.52530249e-01  2.51712909e-01  1.07190253e-01 -2.56666125e-01 -2.85284928e-01  2.52530249e-01 -2.56666125e-01
      0.30000000       1.00000000  -4.75885179e-02  2.07605129e-01  2.04491535e-01  8.47356569e-02 -2.11720372e-01 -2.33408189e-01  2.07605129e-01 -2.11720372e-01
      0.20000000       1.00000000  -3.02324425e-02  1.53836114e-01  1.49543041e-01  6.06325464e-02 -1.57791085e-01 -1.72033202e-01  1.53836114e-01 -1.57791085e-01
      0.10000000       1.00000000  -1.39345376e-02  8.74884536e-02  8.39466873e-02  3.40252520e-02 -9.08040134e-02 -9.74062821e-02  8.74884536e-02 -9.08040134e-02
      4.10000000       0.90000000  -4.34042447e-01  6.65431441e-01  7.07348493e-01  4.76165953e-01 -6.70338307e-01 -7.39658265e-01  6.65431441e-01 -6.70338307e-01
      4.00000000       0.90000000  -4.28284931e-01  6.61325257e-01  7.03137804e-01  4.70796303e-01 -6.66236900e-01 -7.35825889e-01  6.61325257e-01 -6.66236900e-01
      3.90000000       0.90000000  -4.22381992e-01  6.57084511e-01  6.98770239e-01  4.65287087e-01 -6.62000436e-01 -7.31843482e-01  6.57084511e-01 -6.62000436e-01
      3.80000000       0.90000000  -4.16327913e-01  6.52701838e-01  6.94236750e-01  4.59632481e-01 -6.57621496e-01 -7.27702002e-01  6.52701838e-01 -6.57621496e-01
      3.70000000       0.90000000  -4.10116683e-01  6.48169293e-01  6.89527572e-01  4.53826329e-01 -6.53092074e-01 -7.23391657e-01  6.48169293e-01 -6.53092074e-01
      3.60000000       0.90000000  -4.03741981e-01  6.43478286e-01  6.84632147e-01  4.47862115e-01 -6.48403516e-01 -7.18901822e-01  6.43478286e-01 -6.48403516e-01
      3.50000000       0.90000000  -3.97197158e-01  6.38619514e-01  6.79539041e-01  4.41732939e-01 -6.43546450e-01 -7.14220950e-01  6.38619514e-01 -6.43546450e-01
      3.40000000       0.90000000  -3.90475222e-01  6.33582885e-01  6.74235851e-01  4.35431487e-01 -6.38510707e-01 -7.09336472e-01  6.33582885e-01 -6.38510707e-01
      3.30000000       0.90000000  -3.83568812e-01  6.28357424e-01  6.68709100e-01  4.28949999e-01 -6.33285231e-01 -7.04234672e-01  6.28357424e-01 -6.33285231e-01
      3.20000000       0.90000000  -3.76470187e-01  6.22931173e-01  6.62944117e-01  4.22280237e-01 -6.27857975e-01 -6.98900562e-01  6.22931173e-01 -6.27857975e-01
      3.10000000       0.90000000  -3.69171199e-01  6.17291073e-01  6.56924900e-01  4.15413448e-01 -6.22215785e-01 -6.93317725e-01  6.17291073e-01 -6.22215785e-01
      3.00000000       0.90000000  -3.61663277e-01  6.11422828e-01  6.50633959e-01  4.08340322e-01 -6.16344262e-01 -6.87468136e-01  6.11422828e-01 -6.16344262e-01
      2.90000000       0.90000000  -3.53937405e-01  6.05310744e-01  6.44052141e-01  4.01050949e-01 -6.10227602e-01 -6.81331969e-01  6.05310744e-01 -6.10227602e-01
      2.80000000       0.90000000  -3.45984105e-01  5.98937555e-01  6.37158419e-01  3.93534771e-01 -6.03848422e-01 -6.74887351e-01  5.98937555e-01 -6.03848422e-01
      2.70000000       0.90000000  -3.37793417e-01  5.92284202e-01  6.29929663e-01  3.85780529e-01 -5.97187538e-01 -6.68110103e-01  5.92284202e-01 -5.97187538e-01
      2.60000000       0.90000000  -3.29354887e-01  5.85329587e-01  6.22340360e-01  3.77776207e-01 -5.90223720e-01 -6.60973413e-01  5.85329587e-01 -5.90223720e-01
      2.50000000       0.90000000  -3.20657548e-01  5.78050281e-01  6.14362299e-01  3.69508966e-01 -5.82933402e-01 -6.53447474e-01  5.78050281e-01 -5.82933402e-01
      2.40000000       0.90000000  -3.11689924e-01  5.70420174e-01  6.05964203e-01  3.60965081e-01 -5.75290332e-01 -6.45499046e-01  5.70420174e-01 -5.75290332e-01
      2.30000000       0.90000000  -3.02440016e-01  5.62410065e-01  5.97111288e-01  3.52129858e-01 -5.67265159e-01 -6.37090943e-01  5.62410065e-01 -5.67265159e-01
      2.20000000       0.90000000  -2.92895326e-01  5.53987162e-01  5.87764760e-01  3.42987561e-01 -5.58824947e-01 -6.28181426e-01  5.53987162e-01 -5.58824947e-01
      2.10000000       0.90000000  -2.83042867e-01  5.45114492e-01  5.77881203e-01  3.33521315e-01 -5.49932579e-01 -6.18723478e-01  5.45114492e-01 -5.49932579e-01
      2.00000000       0.90000000  -2.72869214e-01  5.35750177e-01  5.67411867e-01  3.23713010e-01 -5.40546040e-01 -6.08663935e-01  5.35750177e-01 -5.40546040e-01
      1.90000000       0.90000000  -2.62360567e-01  5.25846550e-01  5.56301803e-01  3.13543194e-01 -5.30617548e-01 -5.97942434e-01  5.25846550e-01 -5.30617548e-01
      1.80000000       0.90000000  -2.51502851e-01  5.15349076e-01  5.44488832e-01  3.02990954e-01 -5.20092471e-01 -5.86490146e-01  5.15349076e-01 -5.20092471e-01
      1.70000000       0.90000000  -2.40281863e-01  5.04195003e-01  5.31902291e-01  2.92033788e-01 -5.08908006e-01 -5.74228211e-01  5.04195003e-01 -5.08908006e-01
      1.60000000       0.90000000  -2.28683483e-01  4.92311683e-01  5.18461500e-01  2.80647461e-01 -4.96991506e-01 -5.61065831e-01  4.92311683e-01 -4.96991506e-01
      1.50000000       0.90000000  -2.16693968e-01  4.79614444e-01  5.04073882e-01  2.68805848e-01 -4.84258385e-01 -5.46897881e-01  4.79614444e-01 -4.84258385e-01
      1.40000000       0.90000000  -2.04300366e-01  4.66003883e-01  4.88632627e-01  2.56480760e-01 -4.70609430e-01 -5.31601925e-01  4.66003883e-01 -4.70609430e-01
      1.30000000       0.90000000  -1.91491093e-01  4.51362362e-01  4.72013752e-01  2.43641745e-01 -4.55927344e-01 -5.15034440e-01  4.51362362e-01 -4.55927344e-01
      1.20000000       0.90000000  -1.78256730e-01  4.35549437e-01  4.54072391e-01  2.30255853e-01 -4.40072206e-01 -4.97025975e-01  4.35549437e-01 -4.40072206e-01
      1.10000000       0.90000000  -1.64591148e-01  4.18395800e-01  4.34638001e-01  2.16287355e-01 -4.22875465e-01 -4.77374876e-01  4.18395800e-01 -4.22875465e-01
      1.00000000       0.90000000  -1.50493079e-01  3.99695122e-01  4.13508128e-01  2.01697372e-01 -4.04131818e-01 -4.55839028e-01  3.99695122e-01 -4.04131818e-01
      0.90000000       0.90000000  -1.35968343e-01  3.79192901e-01  3.90440107e-01  1.86443350e-01 -3.83588057e-01 -4.32124802e-01  3.79192901e-01 -3.83588057e-01
      0.80000000       0.90000000  -1.21033045e-01  3.56570885e-01  3.65139795e-01  1.70478231e-01 -3.60927396e-01 -4.05871959e-01  3.56570885e-01 -3.60927396e-01
      0.70000000       0.90000000  -1.05718221e-01  3.31424825e-01  3.37245848e-01  1.53749020e-01 -3.35746893e-01 -3.76632511e-01  3.31424825e-01 -3.35746893e-01
      0.60000000       0.90000000  -9.00767332e-02  3.03231818e-01  3.06307016e-01  1.36194056e-01 -3.07523892e-01 -3.43840191e-01  3.03231818e-01 -3.07523892e-01
      0.50000000       0.90000000  -7.41937694e-02  2.71300691e-01  2.71747837e-01  1.17737350e-01 -2.75564152e-01 -3.06764497e-01  2.71300691e-01 -2.75564152e-01
      0.40000000       0.90000000  -5.82033620e-02  2.34693188e-01  2.32813492e-01  9.82758060e-02 -2.38917392e-01 -2.64437527e-01  2.34693188e-01 -2.38917392e-01
      0.30000000       0.90000000  -4.23156112e-02  1.92090483e-01  1.88472858e-01  7.76472409e-02 -1.96229040e-01 -2.15527374e-01  1.92090483e-01 -1.96229040e-01
      0.20000000       0.90000000  -2.68647229e-02  1.41542582e-01  1.37222562e-01  5.55381078e-02 -1.45446536e-01 -1.58088041e-01  1.41542582e-01 -1.45446536e-01
      0.10000000       0.90000000  -1.24047772e-02  7.98930620e-02  7.65784955e-02  3.11415894e-02 -8.30861046e-02 -8.89292225e-02  7.98930620e-02 -8.30861046e-02
      4.10000000       0.80000000  -3.99695936e-01  6.31881342e-01  6.62904102e-01  4.43008257e-01 -6.38293407e-01 -6.93392291e-01  6.31881342e-01 -6.38293407e-01
      4.00000000       0.80000000  -3.94172804e-01  6.27886629e-01  6.58960298e-01  4.37855328e-01 -6.34278251e-01 -6.89859577e-01  6.27886629e-01 -6.34278251e-01
      3.90000000       0.80000000  -3.88513990e-01  6.23758515e-01  6.54862696e-01  4.32570293e-01 -6.30128640e-01 -6.86178750e-01  6.23758515e-01 -6.30128640e-01
      3.80000000       0.80000000  -3.82714428e-01  6.19489845e-01  6.50602543e-01  4.27147884e-01 -6.25837351e-01 -6.82340988e-01  6.19489845e-01 -6.25837351e-01
      3.70000000       0.80000000  -3.76768812e-01  6.15072905e-01  6.46170400e-01  4.21582544e-01 -6.21396597e-01 -6.78336749e-01  6.15072905e-01 -6.21396597e-01
      3.60000000       0.80000000  -3.70671578e-01  6.10499360e-01  6.41556074e-01  4.15868404e-01 -6.16797966e-01 -6.74155687e-01  6.10499360e-01 -6.16797966e-01
      3.50000000       0.80000000  -3.64416901e-01  6.05760193e-01  6.36748534e-01  4.09999262e-01 -6.12032356e-01 -6.69786568e-01  6.05760193e-01 -6.12032356e-01
      3.40000000       0.80000000  -3.57998676e-01  6.00845624e-01  6.31735830e-01  4.03968563e-01 -6.07089895e-01 -6.65217175e-01  6.00845624e-01 -6.07089895e-01
      3.30000000       0.80000000  -3.51410505e-01  5.95745031e-01  6.26504991e-01  3.97769369e-01 -6.01959863e-01 -6.60434189e-01  5.95745031e-01 -6.01959863e-01
      3.20000000       0.80000000  -3.44645692e-01  5.90446847e-01  6.21041912e-01  3.91394332e-01 -5.96630587e-01 -6.55423072e-01  5.90446847e-01 -5.96630587e-01
      3.10000000       0.80000000  -3.37697220e-01  5.84938453e-01  6.15331225e-01  3.84835667e-01 -5.91089332e-01 -6.50167914e-01  5.84938453e-01 -5.91089332e-01
      3.00000000       0.80000000  -3.30557751e-01  5.79206044e-01  6.09356159e-01  3.78085119e-01 -5.85322173e-01 -6.44651269e-01  5.79206044e-01 -5.85322173e-01
      2.90000000       0.80000000  -3.23219608e-01  5.73234486e-01  6.03098369e-01  3.71133926e-01 -5.79313845e-01 -6.38853970e-01  5.73234486e-01 -5.79313845e-01
      2.80000000       0.80000000  -3.15674770e-01  5.67007139e-01  5.96537747e-01  3.63972782e-01 -5.73047570e-01 -6.32754898e-01  5.67007139e-01 -5.73047570e-01
      2.70000000       0.80000000  -3.07914866e-01  5.60505660e-01  5.89652205e-01  3.56591797e-01 -5.66504859e-01 -6.26330738e-01  5.60505660e-01 -5.66504859e-01
      2.60000000       0.80000000  -2.99931172e-01  5.53709767e-01  5.82417419e-01  3.48980448e-01 -5.59665276e-01 -6.19555675e-01  5.53709767e-01 -5.59665276e-01
      2.50000000       0.80000000  -2.91714615e-01  5.46596962e-01  5.74806539e-01  3.41127538e-01 -5.52506166e-01 -6.12401053e-01  5.46596962e-01 -5.52506166e-01
      2.40000000       0.80000000  -2.83255777e-01  5.39142208e-01  5.66789848e-01  3.33021135e-01 -5.45002327e-01 -6.04834967e-01  5.39142208e-01 -5.45002327e-01
      2.30000000       0.80000000  -2.74544919e-01  5.31317542e-01  5.58334363e-01  3.24648519e-01 -5.37125629e-01 -5.96821788e-01  5.31317542e-01 -5.37125629e-01
      2.20000000       0.80000000  -2.65572004e-01  5.23091612e-01  5.49403371e-01  3.15996120e-01 -5.28844556e-01 -5.88321600e-01  5.23091612e-01 -5.28844556e-01
      2.10000000       0.80000000  -2.56326740e-01  5.14429127e-01  5.39955880e-01  3.07049446e-01 -5.20123654e-01 -5.79289532e-01  5.14429127e-01 -5.20123654e-01
      2.00000000       0.80000000  -2.46798646e-01  5.05290180e-01  5.29945963e-01  2.97793016e-01 -5.10922870e-01 -5.69674954e-01  5.05290180e-01 -5.10922870e-01
      1.90000000       0.80000000  -2.36977137e-01  4.95629443e-01  5.19321988e-01  2.88210272e-01 -5.01196745e-01 -5.59420520e-01  4.95629443e-01 -5.01196745e-01
      1.80000000       0.80000000  -2.26851648e-01  4.85395160e-01  5.08025684e-01  2.78283498e-01 -4.90893425e-01 -5.48461005e-01  4.85395160e-01 -4.90893425e-01
      1.70000000       0.80000000  -2.16411802e-01  4.74527919e-01  4.95991023e-01  2.67993719e-01 -4.79953443e-01 -5.36721892e-01  4.74527919e-01 -4.79953443e-01
      1.60000000       0.80000000  -2.05647634e-01  4.62959112e-01  4.83142855e-01  2.57320597e-01 -4.68308200e-01 -5.24117642e-01  4.62959112e-01 -4.68308200e-01
      1.50000000       0.80000000  -1.94549902e-01  4.50609002e-01  4.69395242e-01  2.46242313e-01 -4.55878055e-01 -5.10549547e-01  4.50609002e-01 -4.55878055e-01
      1.40000000       0.80000000  -1.83110502e-01  4.37384276e-01  4.54649402e-01  2.34735431e-01 -4.42569907e-01 -4.95903070e-01  4.37384276e-01 -4.42569907e-01
      1.30000000       0.80000000  -1.71323029e-01  4.23174894e-01  4.38791135e-01  2.22774740e-01 -4.28274073e-01 -4.80044488e-01  4.23174894e-01 -4.28274073e-01
      1.20000000       0.80000000  -1.59183540e-01  4.07850004e-01  4.21687591e-01  2.10333061e-01 -4.12860249e-01 -4.62816622e-01  4.07850004e-01 -4.12860249e-01
      1.10000000       0.80000000  -1.46691590e-01  3.91252572e-01  4.03183138e-01  1.97380999e-01 -3.96172170e-01 -4.44033351e-01  3.91252572e-01 -3.96172170e-01
      1.00000000       0.80000000  -1.33851663e-01  3.73192218e-01  3.83094011e-01  1.83886591e-01 -3.78020465e-01 -4.23472445e-01  3.73192218e-01 -3.78020465e-01
      0.90000000       0.80000000  -1.20675141e-01  3.53435495e-01  3.61201248e-01  1.69814787e-01 -3.58172912e-01 -4.00866061e-01  3.53435495e-01 -3.58172912e-01
      0.80000000       0.80000000  -1.07183085e-01  3.31692481e-01  3.37241190e-01  1.55126590e-01 -3.36340881e-01 -3.75887893e-01  3.31692481e-01 -3.36340881e-01
      0.70000000       0.80000000  -9.34101907e-02  3.07597845e-01  3.10892329e-01  1.39777541e-01 -3.12159999e-01 -3.48135370e-01  3.07597845e-01 -3.12159999e-01
      0.60000000       0.80000000  -7.94105387e-02  2.80683451e-01  2.81756489e-01  1.23714848e-01 -2.85161730e-01 -3.17104241e-01  2.80683451e-01 -2.85161730e-01
      0.50000000       0.80000000  -6.52661798e-02  2.50337384e-01  2.49330643e-01  1.06871549e-01 -2.54730000e-01 -2.82150780e-01  2.50337384e-01 -2.54730000e-01
      0.40000000       0.80000000  -5.11003541e-02  2.15739980e-01  2.12961980e-01  8.91536805e-02 -2.20031470e-01 -2.42432326e-01  2.15739980e-01 -2.20031470e-01
      0.30000000       0.80000000  -3.70987891e-02  1.75757450e-01  1.71769424e-01  7.04092245e-02 -1.79894641e-01 -1.96805476e-01  1.75757450e-01 -1.79894641e-01
      0.20000000       0.80000000  -2.35463846e-02  1.28745397e-01  1.24485517e-01  5.03415507e-02 -1.32572591e-01 -1.43626295e-01  1.28745397e-01 -1.32572591e-01
      0.10000000       0.80000000  -1.08986049e-02  7.21009118e-02  6.90447910e-02  2.82003386e-02 -7.51511775e-02 -8.02459933e-02  7.21009118e-02 -7.51511775e-02
      4.10000000       0.70000000  -3.61466143e-01  5.89248703e-01  6.09115865e-01  4.04497363e-01 -5.97207698e-01 -6.36229097e-01  5.89248703e-01 -5.97207698e-01
      4.00000000       0.70000000  -3.56281992e-01  5.85574581e-01  6.05644590e-01  3.99725858e-01 -5.93498141e-01 -6.33241337e-01  5.85574581e-01 -5.93498141e-01
      3.90000000       0.70000000  -3.50972535e-01  5.81766349e-01  6.02022772e-01  3.94828105e-01 -5.89651710e-01 -6.30107621e-01  5.81766349e-01 -5.89651710e-01
      3.80000000       0.70000000  -3.45533389e-01  5.77817119e-01  5.98241944e-01  3.89799456e-01 -5.85661478e-01 -6.26819292e-01  5.77817119e-01 -5.85661478e-01
      3.70000000       0.70000000  -3.39959984e-01  5.73719472e-01  5.94292987e-01  3.84635013e-01 -5.81519978e-01 -6.23367002e-01  5.73719472e-01 -5.81519978e-01
      3.60000000       0.70000000  -3.34247551e-01  5.69465396e-01  5.90166066e-01  3.79329620e-01 -5.77219147e-01 -6.19740634e-01  5.69465396e-01 -5.77219147e-01
      3.50000000       0.70000000  -3.28391119e-01  5.65046231e-01  5.85850561e-01  3.73877840e-01 -5.72750261e-01 -6.15929223e-01  5.65046231e-01 -5.72750261e-01
      3.40000000       0.70000000  -3.22385505e-01  5.60452595e-01  5.81334980e-01  3.68273937e-01 -5.68103869e-01 -6.11920863e-01  5.60452595e-01 -5.68103869e-01
      3.30000000       0.70000000  -3.16225309e-01  5.55674300e-01  5.76606869e-01  3.62511860e-01 -5.63269708e-01 -6.07702604e-01  5.55674300e-01 -5.63269708e-01
      3.20000000       0.70000000  -3.09904908e-01  5.50700268e-01  5.71652709e-01  3.56585217e-01 -5.58236612e-01 -6.03260328e-01  5.50700268e-01 -5.58236612e-01
      3.10000000       0.70000000  -3.03418452e-01  5.45518418e-01  5.66457796e-01  3.50487252e-01 -5.52992408e-01 -5.98578617e-01  5.45518418e-01 -5.52992408e-01
      3.00000000       0.70000000  -2.96759858e-01  5.40115552e-01  5.61006109e-01  3.44210825e-01 -5.47523792e-01 -5.93640597e-01  5.40115552e-01 -5.47523792e-01
      2.90000000       0.70000000  -2.89922813e-01  5.34477212e-01  5.55280155e-01  3.37748378e-01 -5.41816193e-01 -5.88427758e-01  5.34477212e-01 -5.41816193e-01
      2.80000000       0.70000000  -2.82900770e-01  5.28587518e-01  5.49260798e-01  3.31091912e-01 -5.35853614e-01 -5.82919749e-01  5.28587518e-01 -5.35853614e-01
      2.70000000       0.70000000  -2.75686959e-01  5.22428986e-01  5.42927054e-01  3.24232953e-01 -5.29618439e-01 -5.77094142e-01  5.22428986e-01 -5.29618439e-01
      2.60000000       0.70000000  -2.68274389e-01  5.15982305e-01  5.36255864e-01  3.17162518e-01 -5.23091223e-01 -5.70926157e-01  5.15982305e-01 -5.23091223e-01
      2.50000000       0.70000000  -2.60655867e-01  5.09226085e-01  5.29221826e-01  3.09871080e-01 -5.16250434e-01 -5.64388342e-01  5.09226085e-01 -5.16250434e-01
      2.40000000       0.70000000  -2.52824017e-01  5.02136552e-01  5.21796889e-01  3.02348528e-01 -5.09072152e-01 -5.57450201e-01  5.02136552e-01 -5.09072152e-01
      2.30000000       0.70000000  -2.44771312e-01  4.94687195e-01  5.13949990e-01  2.94584127e-01 -5.01529720e-01 -5.50077756e-01  4.94687195e-01 -5.01529720e-01
      2.20000000       0.70000000  -2.36490115e-01  4.86848337e-01  5.05646641e-01  2.86566469e-01 -4.93593320e-01 -5.42233030e-01  4.86848337e-01 -4.93593320e-01
      2.10000000       0.70000000  -2.27972740e-01  4.78586632e-01  4.96848431e-01  2.78283427e-01 -4.85229470e-01 -5.33873443e-01  4.78586632e-01 -4.85229470e-01
      2.00000000       0.70000000  -2.19211522e-01  4.69864450e-01  4.87512447e-01  2.69722098e-01 -4.76400421e-01 -5.24951079e-01  4.69864450e-01 -4.76400421e-01
      1.90000000       0.70000000  -2.10198928e-01  4.60639132e-01  4.77590587e-01  2.60868748e-01 -4.67063424e-01 -5.15411825e-01  4.60639132e-01 -4.67063424e-01
      1.80000000       0.70000000  -2.00927684e-01  4.50862092e-01  4.67028740e-01  2.51708748e-01 -4.57169832e-01 -5.05194325e-01  4.50862092e-01 -4.57169832e-01
      1.70000000       0.70000000  -1.91390956e-01  4.40477697e-01  4.55765799e-01  2.42226503e-01 -4.46664010e-01 -4.94228720e-01  4.40477697e-01 -4.46664010e-01
      1.60000000       0.70000000  -1.81582578e-01  4.29421888e-01  4.43732472e-01  2.32405371e-01 -4.35481966e-01 -4.82435108e-01  4.29421888e-01 -4.35481966e-01
      1.50000000       0.70000000  -1.71497359e-01  4.17620457e-01  4.30849838e-01  2.22227577e-01 -4.23549656e-01 -4.69721656e-01  4.17620457e-01 -4.23549656e-01
      1.40000000       0.70000000  -1.61131477e-01  4.04986871e-01  4.17027571e-01  2.11674102e-01 -4.10780834e-01 -4.55982269e-01  4.04986871e-01 -4.10780834e-01
      1.30000000       0.70000000  -1.50483007e-01  3.91419499e-01  4.02161745e-01  2.00724555e-01 -3.97074311e-01 -4.41093670e-01  3.91419499e-01 -3.97074311e-01
      1.20000000       0.70000000  -1.39552610e-01  3.76798046e-01  3.86132088e-01  1.89357000e-01 -3.82310422e-01 -4.24911727e-01  3.76798046e-01 -3.82310422e-01
      1.10000000       0.70000000  -1.28344463e-01  3.60978897e-01  3.68798506e-01  1.77547723e-01 -3.66346397e-01 -4.07266766e-01  3.60978897e-01 -3.66346397e-01
      1.00000000       0.70000000  -1.16867499e-01  3.43788977e-01  3.49996619e-01  1.65270887e-01 -3.49010219e-01 -3.87957522e-01  3.43788977e-01 -3.49010219e-01
      0.90000000       0.70000000  -1.05137094e-01  3.25017523e-01  3.29531931e-01  1.52497996e-01 -3.30092341e-01 -3.66743197e-01  3.25017523e-01 -3.30092341e-01
      0.80000000       0.70000000  -9.31773846e-02  3.04404860e-01  3.07172069e-01  1.39196989e-01 -3.09334267e-01 -3.43332858e-01  3.04404860e-01 -3.09334267e-01
      0.70000000       0.70000000  -8.10245099e-02  2.81626813e-01  2.82636143e-01  1.25330659e-01 -2.86412485e-01 -3.17370947e-01  2.81626813e-01 -2.86412485e-01
      0.60000000       0.70000000  -6.87312259e-02  2.56272513e-01  2.55579701e-01  1.10853683e-01 -2.60915151e-01 -2.88416882e-01  2.56272513e-01 -2.60915151e-01
      0.50000000       0.70000000  -5.63736393e-02  2.27811835e-01  2.25572418e-01  9.57067336e-02 -2.32307010e-01 -2.55915162e-01  2.27811835e-01 -2.32307010e-01
      0.40000000       0.70000000  -4.40613487e-02  1.95545609e-01  1.92062863e-01  7.98039164e-02 -1.99873830e-01 -2.19148991e-01  1.95545609e-01 -1.99873830e-01
      0.30000000       0.70000000  -3.19533782e-02  1.58524544e-01  1.54317326e-01  6.30033536e-02 -1.62627321e-01 -1.77161748e-01  1.58524544e-01 -1.62627321e-01
      0.20000000       0.70000000  -2.02848932e-02  1.15401990e-01  1.11296706e-01  4.50280013e-02 -1.19120081e-01 -1.28603632e-01  1.15401990e-01 -1.19120081e-01
      0.10000000       0.70000000  -9.41786591e-03  6.40991071e-02  6.13335456e-02  2.51931811e-02 -6.69826547e-02 -7.13417657e-02  6.40991071e-02 -6.69826547e-02
      4.10000000       0.60000000  -3.19451823e-01  5.34690169e-01  5.44739456e-01  3.59462882e-01 -5.43612341e-01 -5.66906170e-01  5.34690169e-01 -5.43612341e-01
      4.00000000       0.60000000  -3.14703136e-01  5.31632535e-01  5.41949256e-01  3.55298826e-01 -5.40558794e-01 -5.64692429e-01  5.31632535e-01 -5.40558794e-01
      3.90000000       0.60000000  -3.09841128e-01  5.28438615e-01  5.39014839e-01  3.51011801e-01 -5.37361431e-01 -5.62339880e-01  5.28438615e-01 -5.37361431e-01
      3.80000000       0.60000000  -3.04862111e-01  5.25101649e-01  5.35927874e-01  3.46597686e-01 -5.34013488e-01 -5.59839769e-01  5.25101649e-01 -5.34013488e-01
      3.70000000       0.60000000  -2.99762254e-01  5.21614385e-01  5.32679418e-01  3.42052173e-01 -5.30507715e-01 -5.57182678e-01  5.21614385e-01 -5.30507715e-01
      3.60000000       0.60000000  -2.94537581e-01  5.17969032e-01  5.29259860e-01  3.37370763e-01 -5.26836322e-01 -5.54358462e-01  5.17969032e-01 -5.26836322e-01
      3.50000000       0.60000000  -2.89183973e-01  5.14157196e-01  5.25658852e-01  3.32548740e-01 -5.22990922e-01 -5.51356169e-01  5.14157196e-01 -5.22990922e-01
      3.40000000       0.60000000  -2.83697163e-01  5.10169821e-01  5.21865237e-01  3.27581168e-01 -5.18962463e-01 -5.48163958e-01  5.10169821e-01 -5.18962463e-01
      3.30000000       0.60000000  -2.78072736e-01  5.05997106e-01  5.17866960e-01  3.22462864e-01 -5.14741150e-01 -5.44769001e-01  5.05997106e-01 -5.14741150e-01
      3.20000000       0.60000000  -2.72306130e-01  5.01628425e-01  5.13650978e-01  3.17188390e-01 -5.10316359e-01 -5.41157369e-01  5.01628425e-01 -5.10316359e-01
      3.10000000       0.60000000  -2.66392638e-01  4.97052226e-01  5.09203150e-01  3.11752028e-01 -5.05676540e-01 -5.37313911e-01  4.97052226e-01 -5.05676540e-01
      3.00000000       0.60000000  -2.60327412e-01  4.92255921e-01  5.04508115e-01  3.06147763e-01 -5.00809101e-01 -5.33222107e-01  4.92255921e-01 -5.00809101e-01
      2.90000000       0.60000000  -2.54105468e-01  4.87225759e-01  4.99549155e-01  3.00369265e-01 -4.95700282e-01 -5.28863907e-01  4.87225759e-01 -4.95700282e-01
      2.80000000       0.60000000  -2.47721699e-01  4.81946672e-01  4.94308038e-01  2.94409863e-01 -4.90335004e-01 -5.24219538e-01  4.81946672e-01 -4.90335004e-01
      2.70000000       0.60000000  -2.41170882e-01  4.76402106e-01  4.88764835e-01  2.88262525e-01 -4.84696699e-01 -5.19267292e-01  4.76402106e-01 -4.84696699e-01
      2.60000000       0.60000000  -2.34447702e-01  4.70573822e-01  4.82897715e-01  2.81919831e-01 -4.78767108e-01 -5.13983271e-01  4.70573822e-01 -4.78767108e-01
      2.50000000       0.60000000  -2.27546772e-01  4.64441660e-01  4.76682708e-01  2.75373948e-01 -4.72526052e-01 -5.08341100e-01  4.64441660e-01 -4.72526052e-01
      2.40000000       0.60000000  -2.20462664e-01  4.57983264e-01  4.70093429e-01  2.68616601e-01 -4.65951154e-01 -5.02311587e-01  4.57983264e-01 -4.65951154e-01
      2.30000000       0.60000000  -2.13189950e-01  4.51173757e-01  4.63100762e-01  2.61639045e-01 -4.59017522e-01 -4.95862327e-01  4.51173757e-01 -4.59017522e-01
      2.20000000       0.60000000  -2.05723256e-01  4.43985360e-01  4.55672488e-01  2.54432029e-01 -4.51697369e-01 -4.88957243e-01  4.43985360e-01 -4.51697369e-01
      2.10000000       0.60000000  -1.98057323e-01  4.36386930e-01  4.47772856e-01  2.46985762e-01 -4.43959559e-01 -4.81556037e-01  4.36386930e-01 -4.43959559e-01
      2.00000000       0.60000000  -1.90187096e-01  4.28343411e-01  4.39362073e-01  2.39289880e-01 -4.35769066e-01 -4.73613547e-01  4.28343411e-01 -4.35769066e-01
      1.90000000       0.60000000  -1.82107830e-01  4.19815172e-01  4.30395710e-01  2.31333397e-01 -4.27086321e-01 -4.65078979e-01  4.19815172e-01 -4.27086321e-01
      1.80000000       0.60000000  -1.73815227e-01  4.10757203e-01  4.20823993e-01  2.23104663e-01 -4.17866421e-01 -4.55894992e-01  4.10757203e-01 -4.17866421e-01
      1.70000000       0.60000000  -1.65305607e-01  4.01118127e-01  4.10590962e-01  2.14591314e-01 -4.08058164e-01 -4.45996596e-01  4.01118127e-01 -4.08058164e-01
      1.60000000       0.60000000  -1.56576134e-01  3.90838996e-01  3.99633457e-01  2.05780208e-01 -3.97602852e-01 -4.35309819e-01  3.90838996e-01 -3.97602852e-01
      1.50000000       0.60000000  -1.47625091e-01  3.79851781e-01  3.87879900e-01  1.96657354e-01 -3.86432820e-01 -4.23750085e-01  3.79851781e-01 -3.86432820e-01
      1.40000000       0.60000000  -1.38452250e-01  3.68077495e-01  3.75248816e-01  1.87207824e-01 -3.74469577e-01 -4.11220227e-01  3.68077495e-01 -3.74469577e-01
      1.30000000       0.60000000  -1.29059328e-01  3.55423819e-01  3.61647010e-01  1.77415633e-01 -3.61621462e-01 -3.97608028e-01  3.55423819e-01 -3.61621462e-01
      1.20000000       0.60000000  -1.19450592e-01  3.41782073e-01  3.46967317e-01  1.67263583e-01 -3.47780648e-01 -3.82783157e-01  3.41782073e-01 -3.47780648e-01
      1.10000000       0.60000000  -1.09633644e-01  3.27023319e-01  3.31085784e-01  1.56733027e-01 -3.32819249e-01 -3.66593307e-01  3.27023319e-01 -3.32819249e-01
      1.00000000       0.60000000  -9.96204479e-02  3.10993273e-01  3.13858095e-01  1.45803520e-01 -3.16584222e-01 -3.48859270e-01  3.10993273e-01 -3.16584222e-01
      0.90000000       0.60000000  -8.94287038e-02  2.93505597e-01  2.95114958e-01  1.34452259e-01 -2.98890563e-01 -3.29368582e-01  2.93505597e-01 -2.98890563e-01
      0.80000000       0.60000000  -7.90836887e-02  2.74332892e-01  2.74656043e-01  1.22653145e-01 -2.79512066e-01 -3.07867151e-01  2.74332892e-01 -2.79512066e-01
      0.70000000       0.60000000  -6.86207807e-02  2.53194431e-01  2.52241790e-01  1.10375158e-01 -2.58168499e-01 -2.84048031e-01  2.53194431e-01 -2.58168499e-01
      0.60000000       0.60000000  -5.80889712e-02  2.29739060e-01  2.27581979e-01  9.75793692e-02 -2.34507304e-01 -2.57535889e-01  2.29739060e-01 -2.34507304e-01
      0.50000000       0.60000000  -4.75558717e-02  2.03520707e-01  2.00318997e-01  8.42131834e-02 -2.08076526e-01 -2.27864672e-01  2.03520707e-01 -2.08076526e-01
      0.40000000       0.60000000  -3.71150592e-02  1.73961896e-01  1.70001667e-01  7.01984223e-02 -1.78282650e-01 -1.94443522e-01  1.73961896e-01 -1.78282650e-01
      0.30000000       0.60000000  -2.68972934e-02  1.40295771e-01  1.36040040e-01  5.54043416e-02 -1.44319456e-01 -1.56499718e-01  1.40295771e-01 -1.44319456e-01
      0.20000000       0.60000000  -1.70887451e-02  1.01462572e-01  9.76140682e-02  3.95775158e-02 -1.05030359e-01 -1.12967265e-01  1.01462572e-01 -1.05030359e-01
      0.10000000       0.60000000  -7.96461131e-03  5.58726396e-02  5.34304177e-02  2.21094830e-02 -5.85608064e-02 -6.21989558e-02  5.58726396e-02 -5.85608064e-02
      4.10000000       0.50000000  -2.74502675e-01  4.66291490e-01  4.69542544e-01  3.07391391e-01 -4.74665622e-01 -4.85682996e-01  4.66291490e-01 -4.74665622e-01
      4.00000000       0.50000000  -2.70245850e-01  4.64108873e-01  4.67555051e-01  3.04038850e-01 -4.72616764e-01 -4.84332269e-01  4.64108873e-01 -4.72616764e-01
      3.90000000       0.50000000  -2.65888934e-01  4.61796390e-01  4.65439662e-01  3.00572219e-01 -4.70425636e-01 -4.82864454e-01  4.61796390e-01 -4.70425636e-01
      3.80000000       0.50000000  -2.61429309e-01  4.59346767e-01  4.63187996e-01  2.96986942e-01 -4.68084367e-01 -4.81270429e-01  4.59346767e-01 -4.68084367e-01
      3.70000000       0.50000000  -2.56864229e-01  4.56752277e-01  4.60791079e-01  2.93278388e-01 -4.65584694e-01 -4.79540403e-01  4.56752277e-01 -4.65584694e-01
      3.60000000       0.50000000  -2.52190821e-01  4.54004702e-01  4.58239292e-01  2.89441840e-01 -4.62917928e-01 -4.77663859e-01  4.54004702e-01 -4.62917928e-01
      3.50000000       0.50000000  -2.47406091e-01  4.51095283e-01  4.55522313e-01  2.85472495e-01 -4.60074901e-01 -4.75629483e-01  4.51095283e-01 -4.60074901e-01
      3.40000000       0.50000000  -2.42506918e-01  4.48014664e-01  4.52629050e-01  2.81365452e-01 -4.57045909e-01 -4.73425093e-01  4.48014664e-01 -4.57045909e-01
      3.30000000       0.50000000  -2.37490066e-01  4.44752823e-01  4.49547570e-01  2.77115700e-01 -4.53820650e-01 -4.71037551e-01  4.44752823e-01 -4.53820650e-01
      3.20000000       0.50000000  -2.32352186e-01  4.41299004e-01  4.46265016e-01  2.72718110e-01 -4.50388141e-01 -4.68452665e-01  4.41299004e-01 -4.50388141e-01
      3.10000000       0.50000000  -2.27089829e-01  4.37641627e-01  4.42767514e-01  2.68167417e-01 -4.46736638e-01 -4.65655081e-01  4.37641627e-01 -4.46736638e-01
      3.00000000       0.50000000  -2.21699452e-01  4.33768191e-01  4.39040064e-01  2.63458208e-01 -4.42853525e-01 -4.62628150e-01  4.33768191e-01 -4.42853525e-01
      2.90000000       0.50000000  -2.16177440e-01  4.29665159e-01  4.35066422e-01  2.58584903e-01 -4.38725207e-01 -4.59353789e-01  4.29665159e-01 -4.38725207e-01
      2.80000000       0.50000000  -2.10520115e-01  4.25317825e-01  4.30828963e-01  2.53541742e-01 -4.34336965e-01 -4.55812310e-01  4.25317825e-01 -4.34336965e-01
      2.70000000       0.50000000  -2.04723766e-01  4.20710164e-01  4.26308523e-01  2.48322759e-01 -4.29672808e-01 -4.51982229e-01  4.20710164e-01 -4.29672808e-01
      2.60000000       0.50000000  -1.98784669e-01  4.15824649e-01  4.21484221e-01  2.42921767e-01 -4.24715285e-01 -4.47840047e-01  4.15824649e-01 -4.24715285e-01
      2.50000000       0.50000000  -1.92699125e-01  4.10642043e-01  4.16333252e-01  2.37332336e-01 -4.19445281e-01 -4.43359988e-01  4.10642043e-01 -4.19445281e-01
      2.40000000       0.50000000  -1.86463494e-01  4.05141157e-01  4.10830653e-01  2.31547767e-01 -4.13841766e-01 -4.38513709e-01  4.05141157e-01 -4.13841766e-01
      2.30000000       0.50000000  -1.80074246e-01  3.99298562e-01  4.04949027e-01  2.25561072e-01 -4.07881512e-01 -4.33269952e-01  3.99298562e-01 -4.07881512e-01
      2.20000000       0.50000000  -1.73528019e-01  3.93088243e-01  3.98658229e-01  2.19364945e-01 -4.01538751e-01 -4.27594139e-01  3.93088243e-01 -4.01538751e-01
      2.10000000       0.50000000  -1.66821689e-01  3.86481206e-01  3.91925000e-01  2.12951737e-01 -3.94784780e-01 -4.21447900e-01  3.86481206e-01 -3.94784780e-01
      2.00000000       0.50000000  -1.59952453e-01  3.79444987e-01  3.84712538e-01  2.06313424e-01 -3.87587483e-01 -4.14788518e-01  3.79444987e-01 -3.87587483e-01
      1.90000000       0.50000000  -1.52917942e-01  3.71943081e-01  3.76979999e-01  1.99441578e-01 -3.79910761e-01 -4.07568274e-01  3.71943081e-01 -3.79910761e-01
      1.80000000       0.50000000  -1.45716345e-01  3.63934245e-01  3.68681906e-01  1.92327323e-01 -3.71713855e-01 -3.99733665e-01  3.63934245e-01 -3.71713855e-01
      1.70000000       0.50000000  -1.38346571e-01  3.55371652e-01  3.59767457e-01  1.84961302e-01 -3.62950508e-01 -3.91224475e-01  3.55371652e-01 -3.62950508e-01
      1.60000000       0.50000000  -1.30808447e-01  3.46201864e-01  3.50179699e-01  1.77333617e-01 -3.53567964e-01 -3.81972668e-01  3.46201864e-01 -3.53567964e-01
      1.50000000       0.50000000  -1.23102965e-01  3.36363565e-01  3.39854539e-01  1.69433772e-01 -3.43505716e-01 -3.71901044e-01  3.36363565e-01 -3.43505716e-01
      1.40000000       0.50000000  -1.15232587e-01  3.25785994e-01  3.28719566e-01  1.61250585e-01 -3.32693969e-01 -3.60921614e-01  3.25785994e-01 -3.32693969e-01
      1.30000000       0.50000000  -1.07201637e-01  3.14386989e-01  3.16692611e-01  1.52772077e-01 -3.21051702e-01 -3.48933624e-01  3.14386989e-01 -3.21051702e-01
      1.20000000       0.50000000  -9.90167801e-02  3.02070528e-01  3.03679998e-01  1.43985314e-01 -3.08484235e-01 -3.35821117e-01  3.02070528e-01 -3.08484235e-01
      1.10000000       0.50000000  -9.06876546e-02  2.88723610e-01  2.89574381e-01  1.34876168e-01 -2.94880099e-01 -3.21449915e-01  2.88723610e-01 -2.94880099e-01
      1.00000000       0.50000000  -8.22276673e-02  2.74212255e-01  2.74252053e-01  1.25428957e-01 -2.80107005e-01 -3.05663841e-01  2.74212255e-01 -2.80107005e-01
      0.90000000       0.50000000  -7.36550373e-02  2.58376328e-01  2.57569522e-01  1.15625869e-01 -2.64006536e-01 -2.88279937e-01  2.58376328e-01 -2.64006536e-01
      0.80000000       0.50000000  -6.49941658e-02  2.41022754e-01  2.39359109e-01  1.05446018e-01 -2.46387079e-01 -2.69082310e-01  2.41022754e-01 -2.46387079e-01
      0.70000000       0.50000000  -5.62774675e-02  2.21916502e-01  2.19423098e-01  9.48638236e-02 -2.27014195e-01 -2.47814069e-01  2.21916502e-01 -2.27014195e-01
      0.60000000       0.50000000  -4.75478567e-02  2.00768391e-01  1.97525724e-01  8.38461304e-02 -2.05597160e-01 -2.24166459e-01  2.00768391e-01 -2.05597160e-01
      0.50000000       0.50000000  -3.88621947e-02  1.77218178e-01  1.73381636e-01  7.23467980e-02 -1.81769489e-01 -1.97763617e-01  1.77218178e-01 -1.81769489e-01
      0.40000000       0.50000000  -3.02961925e-02  1.50810218e-01  1.46638016e-01  6.02958732e-02 -1.55059179e-01 -1.68139775e-01  1.50810218e-01 -1.55059179e-01
      0.30000000       0.50000000  -2.19516387e-02  1.20955941e-01  1.16843721e-01  4.75758945e-02 -1.24839203e-01 -1.34701452e-01  1.20955941e-01 -1.24839203e-01
      0.20000000       0.50000000  -1.39677035e-02  8.68677304e-02  8.33860835e-02  3.39625133e-02 -9.02317576e-02 -9.66528389e-02  8.68677304e-02 -9.02317576e-02
      0.10000000       0.50000000  -6.54114879e-03  4.74036610e-02  4.53178808e-02  1.89352916e-02 -4.98615668e-02 -5.27962120e-02  4.74036610e-02 -4.98615668e-02
      4.10000000       0.40000000  -2.27617385e-01  3.84941983e-01  3.84923511e-01  2.49819542e-01 -3.91013106e-01 -3.94983422e-01  3.84941983e-01 -3.91013106e-01
      4.00000000       0.40000000  -2.23934986e-01  3.83651008e-01  3.83689435e-01  2.47265160e-01 -3.89988074e-01 -3.94345477e-01  3.83651008e-01 -3.89988074e-01
      3.90000000       0.40000000  -2.20158082e-01  3.82257183e-01  3.82357168e-01  2.44628315e-01 -3.88855688e-01 -3.93630392e-01  3.82257183e-01 -3.88855688e-01
      3.80000000       0.40000000  -2.16285602e-01  3.80752939e-01  3.80918931e-01  2.41903407e-01 -3.87606469e-01 -3.92829676e-01  3.80752939e-01 -3.87606469e-01
      3.70000000       0.40000000  -2.12316515e-01  3.79130178e-01  3.79366306e-01  2.39084624e-01 -3.86230364e-01 -3.91934043e-01  3.79130178e-01 -3.86230364e-01
      3.60000000       0.40000000  -2.08249810e-01  3.77380235e-01  3.77690190e-01  2.36165968e-01 -3.84716730e-01 -3.90933358e-01  3.77380235e-01 -3.84716730e-01
      3.50000000       0.40000000  -2.04084477e-01  3.75493837e-01  3.75880735e-01  2.33141291e-01 -3.83054327e-01 -3.89816569e-01  3.75493837e-01 -3.83054327e-01
      3.40000000       0.40000000  -1.99819487e-01  3.73461058e-01  3.73927286e-01  2.30004318e-01 -3.81231296e-01 -3.88571643e-01  3.73461058e-01 -3.81231296e-01
      3.30000000       0.40000000  -1.95453769e-01  3.71271267e-01  3.71818318e-01  2.26748681e-01 -3.79235139e-01 -3.87185485e-01  3.71271267e-01 -3.79235139e-01
      3.20000000       0.40000000  -1.90986203e-01  3.68913068e-01  3.69541359e-01  2.23367944e-01 -3.77052687e-01 -3.85643862e-01  3.68913068e-01 -3.77052687e-01
      3.10000000       0.40000000  -1.86415597e-01  3.66374242e-01  3.67082911e-01  2.19855630e-01 -3.74670062e-01 -3.83931305e-01  3.66374242e-01 -3.74670062e-01
      3.00000000       0.40000000  -1.81740688e-01  3.63641663e-01  3.64428364e-01  2.16205244e-01 -3.72072622e-01 -3.82031003e-01  3.63641663e-01 -3.72072622e-01
      2.90000000       0.40000000  -1.76960135e-01  3.60701219e-01  3.61561890e-01  2.12410285e-01 -3.69244895e-01 -3.79924686e-01  3.60701219e-01 -3.69244895e-01
      2.80000000       0.40000000  -1.72072526e-01  3.57537703e-01  3.58466334e-01  2.08464267e-01 -3.66170496e-01 -3.77592488e-01  3.57537703e-01 -3.66170496e-01
      2.70000000       0.40000000  -1.67076391e-01  3.54134702e-01  3.55123090e-01  2.04360718e-01 -3.62832016e-01 -3.75012789e-01  3.54134702e-01 -3.62832016e-01
      2.60000000       0.40000000  -1.61970220e-01  3.50474452e-01  3.51511951e-01  2.00093190e-01 -3.59210895e-01 -3.72162034e-01  3.50474452e-01 -3.59210895e-01
      2.50000000       0.40000000  -1.56752496e-01  3.46537672e-01  3.47610947e-01  1.95655249e-01 -3.55287260e-01 -3.69014524e-01  3.46537672e-01 -3.55287260e-01
      2.40000000       0.40000000  -1.51421731e-01  3.42303374e-01  3.43396158e-01  1.91040470e-01 -3.51039735e-01 -3.65542177e-01  3.42303374e-01 -3.51039735e-01
      2.30000000       0.40000000  -1.45976519e-01  3.37748626e-01  3.38841495e-01  1.86242424e-01 -3.46445206e-01 -3.61714240e-01  3.37748626e-01 -3.46445206e-01
      2.20000000       0.40000000  -1.40415591e-01  3.32848277e-01  3.33918448e-01  1.81254658e-01 -3.41478550e-01 -3.57496968e-01  3.32848277e-01 -3.41478550e-01
      2.10000000       0.40000000  -1.34737895e-01  3.27574626e-01  3.28595800e-01  1.76070671e-01 -3.36112297e-01 -3.52853235e-01  3.27574626e-01 -3.36112297e-01
      2.00000000       0.40000000  -1.28942676e-01  3.21897034e-01  3.22839287e-01  1.70683891e-01 -3.30316241e-01 -3.47742088e-01  3.21897034e-01 -3.30316241e-01
      1.90000000       0.40000000  -1.23029584e-01  3.15781444e-01  3.16611211e-01  1.65087636e-01 -3.24056968e-01 -3.42118216e-01  3.15781444e-01 -3.24056968e-01
      1.80000000       0.40000000  -1.16998793e-01  3.09189822e-01  3.09869979e-01  1.59275079e-01 -3.17297286e-01 -3.35931337e-01  3.09189822e-01 -3.17297286e-01
      1.70000000       0.40000000  -1.10851148e-01  3.02079468e-01  3.02569574e-01  1.53239205e-01 -3.09995555e-01 -3.29125457e-01  3.02079468e-01 -3.09995555e-01
      1.60000000       0.40000000  -1.04588334e-01  2.94402190e-01  2.94658926e-01  1.46972748e-01 -3.02104857e-01 -3.21638006e-01  2.94402190e-01 -3.02104857e-01
      1.50000000       0.40000000  -9.82130843e-02  2.86103298e-01  2.86081170e-01  1.40468128e-01 -2.93572004e-01 -3.13398802e-01  2.86103298e-01 -2.93572004e-01
      1.40000000       0.40000000  -9.17294262e-02  2.77120374e-01  2.76772779e-01  1.33717359e-01 -2.84336318e-01 -3.04328824e-01  2.77120374e-01 -2.84336318e-01
      1.30000000       0.40000000  -8.51429844e-02  2.67381760e-01  2.66662516e-01  1.26711929e-01 -2.74328126e-01 -2.94338729e-01  2.67381760e-01 -2.74328126e-01
      1.20000000       0.40000000  -7.84613495e-02  2.56804695e-01  2.55670193e-01  1.19442626e-01 -2.63466892e-01 -2.83327076e-01  2.56804695e-01 -2.63466892e-01
      1.10000000       0.40000000  -7.16945353e-02  2.45292995e-01  2.43705170e-01  1.11899298e-01 -2.51658874e-01 -2.71178174e-01  2.45292995e-01 -2.51658874e-01
      1.00000000       0.40000000  -6.48555509e-02  2.32734163e-01  2.30664521e-01  1.04070481e-01 -2.38794159e-01 -2.57759460e-01  2.32734163e-01 -2.38794159e-01
      0.90000000       0.40000000  -5.79611239e-02  2.18995746e-01  2.16430788e-01  9.59428246e-02 -2.24742852e-01 -2.42918277e-01  2.18995746e-01 -2.24742852e-01
      0.80000000       0.40000000  -5.10326255e-02  2.03920725e-01  2.00869147e-01  8.75001745e-02 -2.09350131e-01 -2.26477885e-01  2.03920725e-01 -2.09350131e-01
      0.70000000       0.40000000  -4.40972716e-02  1.87321626e-01  1.83823773e-01  7.87220471e-02 -1.92429688e-01 -2.08232424e-01  1.87321626e-01 -1.92429688e-01
      0.60000000       0.40000000  -3.71897010e-02  1.68972904e-01  1.65112986e-01  6.95809900e-02 -1.73754842e-01 -1.87940400e-01  1.68972904e-01 -1.73754842e-01
      0.50000000       0.40000000  -3.03540868e-02  1.48600922e-01  1.44522394e-01  6.00377936e-02 -1.53046028e-01 -1.65315891e-01  1.48600922e-01 -1.53046028e-01
      0.40000000       0.40000000  -2.36470166e-02  1.25870235e-01  1.21794352e-01  5.00322332e-02 -1.29952154e-01 -1.40015731e-01  1.25870235e-01 -1.29952154e-01
      0.30000000       0.40000000  -1.71415338e-02  1.00363291e-01  9.66094961e-02  3.94635361e-02 -1.04019930e-01 -1.11618221e-01  1.00363291e-01 -1.04019930e-01
      0.20000000       0.40000000  -1.09331346e-02  7.15445868e-02  6.85474752e-02  2.81432745e-02 -7.46337382e-02 -7.95793123e-02  7.15445868e-02 -7.46337382e-02
      0.10000000       0.40000000  -5.15011879e-03  3.86703415e-02  3.69738382e-02  1.56517114e-02 -4.08546508e-02 -4.31068121e-02  3.86703415e-02 -4.08546508e-02
      4.10000000       0.30000000  -1.78611994e-01  2.94257275e-01  2.93459653e-01  1.90269797e-01 -2.97516163e-01 -2.98599679e-01  2.94257275e-01 -2.97516163e-01
      4.00000000       0.30000000  -1.75683366e-01  2.93631509e-01  2.92800666e-01  1.88288344e-01 -2.97147370e-01 -2.98373923e-01  2.93631509e-01 -2.97147370e-01
      3.90000000       0.30000000  -1.72663417e-01  2.92941413e-01  2.92077820e-01  1.86265417e-01 -2.96725208e-01 -2.98112232e-01  2.92941413e-01 -2.96725208e-01
      3.80000000       0.30000000  -1.69550465e-01  2.92180850e-01  2.91285146e-01  1.84197525e-01 -2.96242412e-01 -2.97809083e-01  2.92180850e-01 -2.96242412e-01
      3.70000000       0.30000000  -1.66343143e-01  2.91343134e-01  2.90416103e-01  1.82080673e-01 -2.95690866e-01 -2.97458169e-01  2.91343134e-01 -2.95690866e-01
      3.60000000       0.30000000  -1.63040434e-01  2.90420973e-01  2.89463523e-01  1.79910337e-01 -2.95061531e-01 -2.97052310e-01  2.90420973e-01 -2.95061531e-01
      3.50000000       0.30000000  -1.59641700e-01  2.89406419e-01  2.88419541e-01  1.77681451e-01 -2.94344387e-01 -2.96583355e-01  2.89406419e-01 -2.94344387e-01
      3.40000000       0.30000000  -1.56146700e-01  2.88290799e-01  2.87275518e-01  1.75388402e-01 -2.93528371e-01 -2.96042076e-01  2.88290799e-01 -2.93528371e-01
      3.30000000       0.30000000  -1.52555599e-01  2.87064651e-01  2.86021964e-01  1.73025040e-01 -2.92601323e-01 -2.95418060e-01  2.87064651e-01 -2.92601323e-01
      3.20000000       0.30000000  -1.48868965e-01  2.85717647e-01  2.84648443e-01  1.70584701e-01 -2.91549940e-01 -2.94699595e-01  2.85717647e-01 -2.91549940e-01
      3.10000000       0.30000000  -1.45087752e-01  2.84238516e-01  2.83143480e-01  1.68060246e-01 -2.90359730e-01 -2.93873546e-01  2.84238516e-01 -2.90359730e-01
      3.00000000       0.30000000  -1.41213273e-01  2.82614950e-01  2.81494457e-01  1.65444116e-01 -2.89014980e-01 -2.92925238e-01  2.82614950e-01 -2.89014980e-01
      2.90000000       0.30000000  -1.37247158e-01  2.80833520e-01  2.79687497e-01  1.62728395e-01 -2.87498728e-01 -2.91838319e-01  2.80833520e-01 -2.87498728e-01
      2.80000000       0.30000000  -1.33191302e-01  2.78879567e-01  2.77707352e-01  1.59904894e-01 -2.85792727e-01 -2.90594625e-01  2.78879567e-01 -2.85792727e-01
      2.70000000       0.30000000  -1.29047814e-01  2.76737097e-01  2.75537272e-01  1.56965231e-01 -2.83877425e-01 -2.89174034e-01  2.76737097e-01 -2.83877425e-01
      2.60000000       0.30000000  -1.24818954e-01  2.74388660e-01  2.73158869e-01  1.53900926e-01 -2.81731924e-01 -2.87554313e-01  2.74388660e-01 -2.81731924e-01
      2.50000000       0.30000000  -1.20507080e-01  2.71815217e-01  2.70551978e-01  1.50703488e-01 -2.79333937e-01 -2.85710944e-01  2.71815217e-01 -2.79333937e-01
      2.40000000       0.30000000  -1.16114601e-01  2.68995994e-01  2.67694495e-01  1.47364504e-01 -2.76659722e-01 -2.83616941e-01  2.68995994e-01 -2.76659722e-01
      2.30000000       0.30000000  -1.11643940e-01  2.65908312e-01  2.64562212e-01  1.43875718e-01 -2.73683989e-01 -2.81242636e-01  2.65908312e-01 -2.73683989e-01
      2.20000000       0.30000000  -1.07097515e-01  2.62527393e-01  2.61128628e-01  1.40229093e-01 -2.70379775e-01 -2.78555442e-01  2.62527393e-01 -2.70379775e-01
      2.10000000       0.30000000  -1.02477748e-01  2.58826130e-01  2.57364744e-01  1.36416863e-01 -2.66718269e-01 -2.75519581e-01  2.58826130e-01 -2.66718269e-01
      2.00000000       0.30000000  -9.77870866e-02  2.54774820e-01  2.53238828e-01  1.32431569e-01 -2.62668592e-01 -2.72095766e-01  2.54774820e-01 -2.62668592e-01
      1.90000000       0.30000000  -9.30280585e-02  2.50340837e-01  2.48716153e-01  1.28266068e-01 -2.58197502e-01 -2.68240834e-01  2.50340837e-01 -2.58197502e-01
      1.80000000       0.30000000  -8.82033538e-02  2.45488246e-01  2.43758696e-01  1.23913531e-01 -2.53269023e-01 -2.63907319e-01  2.45488246e-01 -2.53269023e-01
      1.70000000       0.30000000  -8.33159318e-02  2.40177330e-01  2.38324793e-01  1.19367412e-01 -2.47843990e-01 -2.59042952e-01  2.40177330e-01 -2.47843990e-01
      1.60000000       0.30000000  -7.83691590e-02  2.34364024e-01  2.32368738e-01  1.14621400e-01 -2.41879475e-01 -2.53590077e-01  2.34364024e-01 -2.41879475e-01
      1.50000000       0.30000000  -7.33669764e-02  2.27999227e-01  2.25840326e-01  1.09669347e-01 -2.35328090e-01 -2.47484971e-01  2.27999227e-01 -2.35328090e-01
      1.40000000       0.30000000  -6.83140990e-02  2.21027967e-01  2.18684315e-01  1.04505161e-01 -2.28137135e-01 -2.40657042e-01  2.21027967e-01 -2.28137135e-01
      1.30000000       0.30000000  -6.32162501e-02  2.13388393e-01  2.10839811e-01  9.91226701e-02 -2.20247556e-01 -2.33027904e-01  2.13388393e-01 -2.20247556e-01
      1.20000000       0.30000000  -5.80804364e-02  2.05010555e-01  2.02239549e-01  9.35154287e-02 -2.11592677e-01 -2.24510297e-01  2.05010555e-01 -2.11592677e-01
      1.10000000       0.30000000  -5.29152721e-02  1.95814937e-01  1.92809065e-01  8.76764571e-02 -2.02096651e-01 -2.15006823e-01  1.95814937e-01 -2.02096651e-01
      1.00000000       0.30000000  -4.77313623e-02  1.85710687e-01  1.82465722e-01  8.15978643e-02 -1.91672549e-01 -2.04408500e-01  1.85710687e-01 -1.91672549e-01
      0.90000000       0.30000000  -4.25417636e-02  1.74593498e-01  1.71117584e-01  7.52702938e-02 -1.80220015e-01 -1.92593081e-01  1.74593498e-01 -1.80220015e-01
      0.80000000       0.30000000  -3.73625420e-02  1.62343083e-01  1.58662068e-01  6.86820776e-02 -1.67622324e-01 -1.79423121e-01  1.62343083e-01 -1.67622324e-01
      0.70000000       0.30000000  -3.22134585e-02  1.48820181e-01  1.44984330e-01  6.18178918e-02 -1.53742686e-01 -1.64743752e-01  1.48820181e-01 -1.53742686e-01
      0.60000000       0.30000000  -2.71188197e-02  1.33863041e-01  1.29955194e-01  5.46565294e-02 -1.38419459e-01 -1.48380068e-01  1.33863041e-01 -1.38419459e-01
      0.50000000       0.30000000  -2.21085453e-02  1.17283273e-01  1.13428325e-01  4.71670226e-02 -1.21459735e-01 -1.30133877e-01  1.17283273e-01 -1.21459735e-01
      0.40000000       0.30000000  -1.72195171e-02  9.88607837e-02  9.52357730e-02  3.93014499e-02 -1.02630068e-01 -1.09779138e-01  9.88607837e-02 -1.02630068e-01
      0.30000000       0.30000000  -1.24973107e-02  7.83367475e-02  7.51795355e-02  3.09803833e-02 -8.16411625e-02 -8.70537781e-02  7.83367475e-02 -8.16411625e-02
      0.20000000       0.30000000  -7.99852592e-03  5.54000465e-02  5.30114143e-02  2.20593020e-02 -5.81162619e-02 -6.16397594e-02  5.54000465e-02 -5.81162619e-02
      0.10000000       0.30000000  -3.79461131e-03  2.96450639e-02  2.83694233e-02  1.22323061e-02 -3.15005637e-02 -3.30961185e-02  2.96450639e-02 -3.15005637e-02
      4.10000000       0.20000000  -1.26432622e-01  1.98220877e-01  1.97676177e-01  1.31009816e-01 -1.99493849e-01 -1.99707430e-01  1.98220877e-01 -1.99493849e-01
      4.00000000       0.20000000  -1.24401375e-01  1.97982140e-01  1.97391490e-01  1.29497731e-01 -1.99401061e-01 -1.99650004e-01  1.97982140e-01 -1.99401061e-01
      3.90000000       0.20000000  -1.22298684e-01  1.97712599e-01  1.97073100e-01  1.27964148e-01 -1.99291253e-01 -1.99581257e-01  1.97712599e-01 -1.99291253e-01
      3.80000000       0.20000000  -1.20121579e-01  1.97408525e-01  1.96717230e-01  1.26408906e-01 -1.99161324e-01 -1.99498959e-01  1.97408525e-01 -1.99161324e-01
      3.70000000       0.20000000  -1.17867177e-01  1.97065768e-01  1.96319701e-01  1.24831621e-01 -1.99007620e-01 -1.99400442e-01  1.97065768e-01 -1.99007620e-01
      3.60000000       0.20000000  -1.15532748e-01  1.96679725e-01  1.95875899e-01  1.23231620e-01 -1.98825849e-01 -1.99282524e-01  1.96679725e-01 -1.98825849e-01
      3.50000000       0.20000000  -1.13115794e-01  1.96245285e-01  1.95380717e-01  1.21607869e-01 -1.98610975e-01 -1.99141413e-01  1.96245285e-01 -1.98610975e-01
      3.40000000       0.20000000  -1.10614134e-01  1.95756775e-01  1.94828506e-01  1.19958892e-01 -1.98357106e-01 -1.98972600e-01  1.95756775e-01 -1.98357106e-01
      3.30000000       0.20000000  -1.08026009e-01  1.95207895e-01  1.94213005e-01  1.18282690e-01 -1.98057372e-01 -1.98770732e-01  1.95207895e-01 -1.98057372e-01
      3.20000000       0.20000000  -1.05350180e-01  1.94591649e-01  1.93527266e-01  1.16576653e-01 -1.97703782e-01 -1.98529474e-01  1.94591649e-01 -1.97703782e-01
      3.10000000       0.20000000  -1.02586039e-01  1.93900258e-01  1.92763569e-01  1.14837478e-01 -1.97287090e-01 -1.98241345e-01  1.93900258e-01 -1.97287090e-01
      3.00000000       0.20000000  -9.97337133e-02  1.93125064e-01  1.91913313e-01  1.13061091e-01 -1.96796635e-01 -1.97897548e-01  1.93125064e-01 -1.96796635e-01
      2.90000000       0.20000000  -9.67941616e-02  1.92256417e-01  1.90966904e-01  1.11242588e-01 -1.96220195e-01 -1.97487776e-01  1.92256417e-01 -1.96220195e-01
      2.80000000       0.20000000  -9.37692520e-02  1.91283554e-01  1.89913617e-01  1.09376192e-01 -1.95543834e-01 -1.96999997e-01  1.91283554e-01 -1.95543834e-01
      2.70000000       0.20000000  -9.06618153e-02  1.90194450e-01  1.88741446e-01  1.07455235e-01 -1.94751762e-01 -1.96420244e-01  1.90194450e-01 -1.94751762e-01
      2.60000000       0.20000000  -8.74756645e-02  1.88975664e-01  1.87436934e-01  1.05472181e-01 -1.93826202e-01 -1.95732374e-01  1.88975664e-01 -1.93826202e-01
      2.50000000       0.20000000  -8.42155731e-02  1.87612157e-01  1.85984991e-01  1.03418676e-01 -1.92747286e-01 -1.94917838e-01  1.87612157e-01 -1.92747286e-01
      2.40000000       0.20000000  -8.08872087e-02  1.86087108e-01  1.84368696e-01  1.01285652e-01 -1.91492961e-01 -1.93955434e-01  1.86087108e-01 -1.91492961e-01
      2.30000000       0.20000000  -7.74970209e-02  1.84381704e-01  1.82569088e-01  9.90634590e-02 -1.90038932e-01 -1.92821070e-01  1.84381704e-01 -1.90038932e-01
      2.20000000       0.20000000  -7.40520893e-02  1.82474926e-01  1.80564955e-01  9.67420359e-02 -1.88358616e-01 -1.91487523e-01  1.82474926e-01 -1.88358616e-01
      2.10000000       0.20000000  -7.05599388e-02  1.80343326e-01  1.78332617e-01  9.43111125e-02 -1.86423119e-01 -1.89924205e-01  1.80343326e-01 -1.86423119e-01
      2.00000000       0.20000000  -6.70283400e-02  1.77960788e-01  1.75845711e-01  9.17604197e-02 -1.84201221e-01 -1.88096924e-01  1.77960788e-01 -1.84201221e-01
      1.90000000       0.20000000  -6.34651100e-02  1.75298289e-01  1.73074982e-01  8.90799021e-02 -1.81659351e-01 -1.85967650e-01  1.75298289e-01 -1.81659351e-01
      1.80000000       0.20000000  -5.98779343e-02  1.72323643e-01  1.69988079e-01  8.62599143e-02 -1.78761539e-01 -1.83494267e-01  1.72323643e-01 -1.78761539e-01
      1.70000000       0.20000000  -5.62742285e-02  1.69001229e-01  1.66549366e-01  8.32913843e-02 -1.75469328e-01 -1.80630322e-01  1.69001229e-01 -1.75469328e-01
      1.60000000       0.20000000  -5.26610541e-02  1.65291699e-01  1.62719728e-01  8.01659317e-02 -1.71741629e-01 -1.77324745e-01  1.65291699e-01 -1.71741629e-01
      1.50000000       0.20000000  -4.90450997e-02  1.61151656e-01  1.58456401e-01  7.68759294e-02 -1.67534492e-01 -1.73521559e-01  1.61151656e-01 -1.67534492e-01
      1.40000000       0.20000000  -4.54327314e-02  1.56533281e-01  1.53712798e-01  7.34144991e-02 -1.62800784e-01 -1.69159559e-01  1.56533281e-01 -1.62800784e-01
      1.30000000       0.20000000  -4.18301120e-02  1.51383924e-01  1.48438344e-01  6.97754359e-02 -1.57489768e-01 -1.64171981e-01  1.51383924e-01 -1.57489768e-01
      1.20000000       0.20000000  -3.82433836e-02  1.45645625e-01  1.42578332e-01  6.59530518e-02 -1.51546548e-01 -1.58486155e-01  1.45645625e-01 -1.51546548e-01
      1.10000000       0.20000000  -3.46789058e-02  1.39254582e-01  1.36073787e-01  6.19419294e-02 -1.44911400e-01 -1.52023175e-01  1.39254582e-01 -1.44911400e-01
      1.00000000       0.20000000  -3.11435414e-02  1.32140574e-01  1.28861365e-01  5.77365631e-02 -1.37518965e-01 -1.44697604e-01  1.32140574e-01 -1.37518965e-01
      0.90000000       0.20000000  -2.76449811e-02  1.24226356e-01  1.20873303e-01  5.33308504e-02 -1.29297303e-01 -1.36417280e-01  1.24226356e-01 -1.29297303e-01
      0.80000000       0.20000000  -2.41921007e-02  1.15427101e-01  1.12037447e-01  4.87173639e-02 -1.20166820e-01 -1.27083272e-01  1.15427101e-01 -1.20166820e-01
      0.70000000       0.20000000  -2.07953464e-02  1.05649959e-01  1.02277371e-01  4.38862777e-02 -1.10039061e-01 -1.16590097e-01  1.05649959e-01 -1.10039061e-01
      0.60000000       0.20000000  -1.74671409e-02  9.47939058e-02  9.15126121e-02  3.88237125e-02 -9.88153447e-02 -1.04826306e-01  9.47939058e-02 -9.88153447e-02
      0.50000000       0.20000000  -1.42223023e-02  8.27500659e-02  7.96589502e-02  3.35090412e-02 -8.63851597e-02 -9.16755014e-02  8.27500659e-02 -8.63851597e-02
      0.40000000       0.20000000  -1.10784555e-02  6.94026864e-02  6.66284254e-02  2.79101959e-02 -7.26239332e-02 -7.70176719e-02  6.94026864e-02 -7.26239332e-02
      0.30000000       0.20000000  -8.05639823e-03  5.46306003e-02  5.23280329e-02  2.19747267e-02 -5.73888332e-02 -6.07298956e-02  5.46306003e-02 -5.73888332e-02
      0.20000000       0.20000000  -5.18038129e-03  3.83073037e-02  3.66534145e-02  1.56105565e-02 -4.05078204e-02 -4.26825562e-02  3.83073037e-02 -4.05078204e-02
      0.10000000       0.20000000  -2.47830354e-03  2.02927658e-02  1.94671866e-02  8.64122773e-03 -2.17481424e-02 -2.27193577e-02  2.02927658e-02 -2.17481424e-02
      4.10000000       0.10000000  -6.92789743e-02  9.96263066e-02  9.94511344e-02  7.04271615e-02 -9.99431311e-02 -9.99656727e-02  9.96263066e-02 -9.99431311e-02
      4.00000000       0.10000000  -6.82234707e-02  9.95660286e-02  9.93700823e-02  6.95394990e-02 -9.99303400e-02 -9.99574878e-02  9.95660286e-02 -9.99303400e-02
      3.90000000       0.10000000  -6.71282339e-02  9.94962329e-02  9.92773171e-02  6.86350963e-02 -9.99146538e-02 -9.99473379e-02  9.94962329e-02 -9.99146538e-02
      3.80000000       0.10000000  -6.59911747e-02  9.94154735e-02  9.91712142e-02  6.77145831e-02 -9.98954113e-02 -9.99347471e-02  9.94154735e-02 -9.98954113e-02
      3.70000000       0.10000000  -6.48100841e-02  9.93220991e-02  9.90499399e-02  6.67786674e-02 -9.98717994e-02 -9.99191227e-02  9.93220991e-02 -9.98717994e-02
      3.60000000       0.10000000  -6.35826452e-02  9.92142278e-02  9.89114281e-02  6.58281233e-02 -9.98428174e-02 -9.98997271e-02  9.92142278e-02 -9.98428174e-02
      3.50000000       0.10000000  -6.23064521e-02  9.90897176e-02  9.87533545e-02  6.48637708e-02 -9.98072337e-02 -9.98756410e-02  9.90897176e-02 -9.98072337e-02
      3.40000000       0.10000000  -6.09790399e-02  9.89461353e-02  9.85731077e-02  6.38864471e-02 -9.97635329e-02 -9.98457198e-02  9.89461353e-02 -9.97635329e-02
      3.30000000       0.10000000  -5.95979270e-02  9.87807205e-02  9.83677580e-02  6.28969673e-02 -9.97098509e-02 -9.98085375e-02  9.87807205e-02 -9.97098509e-02
      3.20000000       0.10000000  -5.81606732e-02  9.85903459e-02  9.81340208e-02  6.18960718e-02 -9.96438961e-02 -9.97623190e-02  9.85903459e-02 -9.96438961e-02
      3.10000000       0.10000000  -5.66649567e-02  9.83714717e-02  9.78682164e-02  6.08843597e-02 -9.95628540e-02 -9.97048548e-02  9.83714717e-02 -9.95628540e-02
      3.00000000       0.10000000  -5.51086716e-02  9.81200938e-02  9.75662217e-02  5.98622063e-02 -9.94632728e-02 -9.96333984e-02  9.81200938e-02 -9.94632728e-02
      2.90000000       0.10000000  -5.34900488e-02  9.78316824e-02  9.72234141e-02  5.88296643e-02 -9.93409272e-02 -9.95445400e-02  9.78316824e-02 -9.93409272e-02
      2.80000000       0.10000000  -5.18078014e-02  9.75011103e-02  9.68346032e-02  5.77863483e-02 -9.91906581e-02 -9.94340546e-02  9.75011103e-02 -9.91906581e-02
      2.70000000       0.10000000  -5.00612917e-02  9.71225663e-02  9.63939482e-02  5.67313052e-02 -9.90061870e-02 -9.92967203e-02  9.71225663e-02 -9.90061870e-02
      2.60000000       0.10000000  -4.82507178e-02  9.66894502e-02  9.58948562e-02  5.56628752e-02 -9.87799046e-02 -9.91261048e-02  9.66894502e-02 -9.87799046e-02
      2.50000000       0.10000000  -4.63773102e-02  9.61942457e-02  9.53298578e-02  5.45785489e-02 -9.85026357e-02 -9.89143165e-02  9.61942457e-02 -9.85026357e-02
      2.40000000       0.10000000  -4.44435250e-02  9.56283656e-02  9.46904550e-02  5.34748319e-02 -9.81633853e-02 -9.86517226e-02  9.56283656e-02 -9.81633853e-02
      2.30000000       0.10000000  -4.24532166e-02  9.49819658e-02  9.39669386e-02  5.23471295e-02 -9.77490737e-02 -9.83266356e-02  9.49819658e-02 -9.77490737e-02
      2.20000000       0.10000000  -4.04117652e-02  9.42437238e-02  9.31481728e-02  5.11896690e-02 -9.72442748e-02 -9.79249746e-02  9.42437238e-02 -9.72442748e-02
      2.10000000       0.10000000  -3.83261320e-02  9.34005822e-02  9.22213476e-02  4.99954755e-02 -9.66309716e-02 -9.74299124e-02  9.34005822e-02 -9.66309716e-02
      2.00000000       0.10000000  -3.62048163e-02  9.24374584e-02  9.11717048e-02  4.87564202e-02 -9.58883511e-02 -9.68215233e-02  9.24374584e-02 -9.58883511e-02
      1.90000000       0.10000000  -3.40576939e-02  9.13369274e-02  8.99822466e-02  4.74633539e-02 -9.49926567e-02 -9.60764480e-02  9.13369274e-02 -9.49926567e-02
      1.80000000       0.10000000  -3.18957267e-02  9.00788913e-02  8.86334425e-02  4.61063294e-02 -9.39171156e-02 -9.51675966e-02  9.00788913e-02 -9.39171156e-02
      1.70000000       0.10000000  -2.97305545e-02  8.86402524e-02  8.71029571e-02  4.46749067e-02 -9.26319528e-02 -9.40639084e-02  8.86402524e-02 -9.26319528e-02
      1.60000000       0.10000000  -2.75739986e-02  8.69946123e-02  8.53654218e-02  4.31585201e-02 -9.11044916e-02 -9.27301848e-02  8.69946123e-02 -9.11044916e-02
      1.50000000       0.10000000  -2.54375296e-02  8.51120251e-02  8.33922807e-02  4.15468722e-02 -8.92993323e-02 -9.11270088e-02  8.51120251e-02 -8.92993323e-02
      1.40000000       0.10000000  -2.33317615e-02  8.29588297e-02  8.11517378e-02  3.98303107e-02 -8.71785917e-02 -8.92107630e-02  8.29588297e-02 -8.71785917e-02
      1.30000000       0.10000000  -2.12660370e-02  8.04975929e-02  7.86088328e-02  3.80001401e-02 -8.47021813e-02 -8.69337590e-02  8.04975929e-02 -8.47021813e-02
      1.20000000       0.10000000  -1.92481564e-02  7.76871898e-02  7.57256701e-02  3.60488255e-02 -8.18281098e-02 -8.42444992e-02  7.76871898e-02 -8.18281098e-02
      1.10000000       0.10000000  -1.72842764e-02  7.44830550e-02  7.24618267e-02  3.39700554e-02 -7.85128051e-02 -8.10881055e-02  7.44830550e-02 -7.85128051e-02
      1.00000000       0.10000000  -1.53789817e-02  7.08376435e-02  6.87749616e-02  3.17586410e-02 -7.47114688e-02 -7.74069703e-02  7.08376435e-02 -7.47114688e-02
      0.90000000       0.10000000  -1.35355019e-02  6.67011532e-02  6.46216572e-02  2.94102410e-02 -7.03784982e-02 -7.31417063e-02  6.67011532e-02 -7.03784982e-02
      0.80000000       0.10000000  -1.17560303e-02  6.20225830e-02  5.99585260e-02  2.69209020e-02 -6.54680327e-02 -6.82324982e-02  6.20225830e-02 -6.54680327e-02
      0.70000000       0.10000000  -1.00420922e-02  5.67512291e-02  5.47436198e-02  2.42863909e-02 -5.99347007e-02 -6.26209753e-02  5.67512291e-02 -5.99347007e-02
      0.60000000       0.10000000  -8.39490495e-03  5.08387491e-02  4.89381793e-02  2.15012680e-02 -5.37346538e-02 -5.62527329e-02  5.08387491e-02 -5.37346538e-02
      0.50000000       0.10000000  -6.81567599e-03  4.42419515e-02  4.25087370e-02  1.85575865e-02 -4.68269722e-02 -4.90806061e-02  4.42419515e-02 -4.68269722e-02
      0.40000000       0.10000000  -5.30578359e-03  3.69264536e-02  3.54295354e-02  1.54429958e-02 -3.91754701e-02 -4.10687146e-02  3.69264536e-02 -3.91754701e-02
      0.30000000       0.10000000  -3.86677063e-03  2.88713295e-02  2.76851796e-02  1.21379637e-02 -3.07509180e-02 -3.21971957e-02  2.88713295e-02 -3.07509180e-02
      0.20000000       0.10000000  -2.49999923e-03  2.00759630e-02  1.92750347e-02  8.61395618e-03 -2.15358864e-02 -2.24691449e-02  2.00759630e-02 -2.15358864e-02
      0.10000000       0.10000000   2.08571229e-02  3.12304241e-02  3.08417540e-02  2.58848884e-02 -4.65235371e-02 -4.69975394e-02  3.12304241e-02 -4.65235371e-02
      4.10000000       0.00000000   1.38777878e-16  1.38777878e-16  1.38777878e-16  1.38777878e-16 -1.38777878e-16 -1.38777878e-16  1.38777878e-16 -1.38777878e-16
      4.00000000       0.00000000   1.38777878e-16  1.38777878e-16  1.38777878e-16  1.38777878e-16 -1.38777878e-16 -1.38777878e-16  1.38777878e-16 -1.38777878e-16
      3.90000000       0.00000000   1.38777878e-16  1.38777878e-16  1.38777878e-16  1.38777878e-16 -1.38777878e-16 -1.38777878e-16  1.38777878e-16 -1.38777878e-16
      3.80000000       0.00000000   1.38777878e-16  1.38777878e-16  1.38777878e-16  1.38777878e-16 -1.38777878e-16 -1.38777878e-16  1.38777878e-16 -1.38777878e-16
      3.70000000       0.00000000   1.38777878e-16  1.38777878e-16  1.38777878e-16  1.38777878e-16 -1.38777878e-16 -1.38777878e-16  1.38777878e-16 -1.38777878e-16
      3.60000000       0.00000000   1.38777878e-16  1.38777878e-16  1.38777878e-16  1.38777878e-16 -1.38777878e-16 -1.38777878e-16  1.38777878e-16 -1.38777878e-16
      3.50000000       0.00000000   1.38777878e-16  1.38777878e-16  1.38777878e-16  1.38777878e-16 -1.38777878e-16 -1.38777878e-16  1.38777878e-16 -1.38777878e-16
      3.40000000       0.00000000   1.38777878e-16  1.38777878e-16  1.38777878e-16  1.38777878e-16 -1.38777878e-16 -1.38777878e-16  1.38777878e-16 -1.38777878e-16
      3.30000000       0.00000000   1.38777878e-16  1.38777878e-16  1.38777878e-16  1.38777878e-16 -1.38777878e-16 -1.38777878e-16  1.38777878e-16 -1.38777878e-16
      3.20000000       0.00000000   1.38777878e-16  1.38777878e-16  1.38777878e-16  1.38777878e-16 -1.38777878e-16 -1.38777878e-16  1.38777878e-16 -1.38777878e-16
      3.10000000       0.00000000   1.38777878e-16  1.38777878e-16  1.38777878e-16  1.38777878e-16 -1.38777878e-16 -1.38777878e-16  1.38777878e-16 -1.38777878e-16
      3.00000000       0.00000000   1.38777878e-16  1.38777878e-16  1.38777878e-16  1.38777878e-16 -1.38777878e-16 -1.38777878e-16  1.38777878e-16 -1.38777878e-16
      2.90000000       0.00000000   1.38777878e-16  1.38777878e-16  1.38777878e-16  1.38777878e-16 -1.38777878e-16 -1.38777878e-16  1.38777878e-16 -1.38777878e-16
      2.80000000       0.00000000   1.38777878e-16  1.38777878e-16  1.38777878e-16  1.38777878e-16 -1.38777878e-16 -1.38777878e-16  1.38777878e-16 -1.38777878e-16
      2.70000000       0.00000000   1.38777878e-16  1.38777878e-16  1.38777878e-16  1.38777878e-16 -1.38777878e-16 -1.38777878e-16  1.38777878e-16 -1.38777878e-16
      2.60000000       0.00000000   1.38777878e-16  1.38777878e-16  1.38777878e-16  1.38777878e-16 -1.38777878e-16 -1.38777878e-16  1.38777878e-16 -1.38777878e-16
      2.50000000       0.00000000   1.38777878e-16  1.38777878e-16  1.38777878e-16  1.38777878e-16 -1.38777878e-16 -1.38777878e-16  1.38777878e-16 -1.38777878e-16
      2.40000000       0.00000000   1.38777878e-16  1.38777878e-16  1.38777878e-16  1.38777878e-16 -1.38777878e-16 -1.38777878e-16  1.38777878e-16 -1.38777878e-16
      2.30000000       0.00000000   1.38777878e-16  1.38777878e-16  1.38777878e-16  1.38777878e-16 -1.38777878e-16 -1.38777878e-16  1.38777878e-16 -1.38777878e-16
      2.20000000       0.00000000   1.38777878e-16  1.38777878e-16  1.38777878e-16  1.38777878e-16 -1.38777878e-16 -1.38777878e-16  1.38777878e-16 -1.38777878e-16
      2.10000000       0.00000000   1.38777878e-16  1.38777878e-16  1.38777878e-16  1.38777878e-16 -1.38777878e-16 -1.38777878e-16  1.38777878e-16 -1.38777878e-16
      2.00000000       0.00000000   1.38777878e-16  1.38777878e-16  1.38777878e-16  1.38777878e-16 -1.38777878e-16 -1.38777878e-16  1.38777878e-16 -1.38777878e-16
      1.90000000       0.00000000   1.38777878e-16  1.38777878e-16  1.38777878e-16  1.38777878e-16 -1.38777878e-16 -1.38777878e-16  1.38777878e-16 -1.38777878e-16
      1.80000000       0.00000000   1.38777878e-16  1.38777878e-16  1.38777878e-16  1.38777878e-16 -1.38777878e-16 -1.38777878e-16  1.38777878e-16 -1.38777878e-16
      1.70000000       0.00000000   1.38777878e-16  1.38777878e-16  1.38777878e-16  1.38777878e-16 -1.38777878e-16 -1.38777878e-16  1.38777878e-16 -1.38777878e-16
      1.60000000       0.00000000   1.38777878e-16  1.38777878e-16  1.38777878e-16  1.38777878e-16 -1.38777878e-16 -1.38777878e-16  1.38777878e-16 -1.38777878e-16
      1.50000000       0.00000000   1.38777878e-16  1.38777878e-16  1.38777878e-16  1.38777878e-16 -1.38777878e-16 -1.38777878e-16  1.38777878e-16 -1.38777878e-16
      1.40000000       0.00000000   1.38777878e-16  1.38777878e-16  1.38777878e-16  1.38777878e-16 -1.38777878e-16 -1.38777878e-16  1.38777878e-16 -1.38777878e-16
      1.30000000       0.00000000   1.38777878e-16  1.38777878e-16  1.38777878e-16  1.38777878e-16 -1.38777878e-16 -1.38777878e-16  1.38777878e-16 -1.38777878e-16
      1.20000000       0.00000000   1.38777878e-16  1.38777878e-16  1.38777878e-16  1.38777878e-16 -1.38777878e-16 -1.38777878e-16  1.38777878e-16 -1.38777878e-16
      1.10000000       0.00000000   1.38777878e-16  1.38777878e-16  1.38777878e-16  1.38777878e-16 -1.38777878e-16 -1.38777878e-16  1.38777878e-16 -1.38777878e-16
      1.00000000       0.00000000   1.38777878e-16  1.38777878e-16  1.38777878e-16  1.38777878e-16 -1.38777878e-16 -1.38777878e-16  1.38777878e-16 -1.38777878e-16
      0.90000000       0.00000000   1.38777878e-16  1.38777878e-16  1.38777878e-16  1.38777878e-16 -1.38777878e-16 -1.38777878e-16  1.38777878e-16 -1.38777878e-16
      0.80000000       0.00000000   1.38777878e-16  1.38777878e-16  1.38777878e-16  1.38777878e-16 -1.38777878e-16 -1.38777878e-16  1.38777878e-16 -1.38777878e-16
      0.70000000       0.00000000   1.38777878e-16  1.38777878e-16  1.38777878e-16  1.38777878e-16 -1.38777878e-16 -1.38777878e-16  1.38777878e-16 -1.38777878e-16
      0.60000000       0.00000000   1.38777878e-16  1.38777878e-16  1.38777878e-16  1.38777878e-16 -1.38777878e-16 -1.38777878e-16  1.38777878e-16 -1.38777878e-16
      0.50000000       0.00000000   1.38777878e-16  1.38777878e-16  1.38777878e-16  1.38777878e-16 -1.38777878e-16 -1.38777878e-16  1.38777878e-16 -1.38777878e-16
      0.40000000       0.00000000   1.38777878e-16  1.38777878e-16  1.38777878e-16  1.38777878e-16 -1.38777878e-16 -1.38777878e-16  1.38777878e-16 -1.38777878e-16
      0.30000000       0.00000000   1.38777878e-16  1.38777878e-16  1.38777878e-16  1.38777878e-16 -1.38777878e-16 -1.38777878e-16  1.38777878e-16 -1.38777878e-16
      0.20000000       0.00000000   1.38777878e-16  1.38777878e-16  1.38777878e-16  1.38777878e-16 -1.38777878e-16 -1.38777878e-16  1.38777878e-16 -1.38777878e-16
      0.10000000       0.00000000   1.38777878e-16  1.38777878e-16  1.38777878e-16  1.38777878e-16 -1.38777878e-16 -1.38777878e-16  1.38777878e-16 -1.38777878e-16
