        delta         control[0]      control[1]       control[2]       control[3]        control[4]      control[5]        control[6]      control[7] 
  4.00000000e+00   6.48142869e-01  -8.16545031e-01  -9.02192682e-01  -6.70390329e-01   8.16829985e-01   9.23870235e-01  -8.16545031e-01   8.16829985e-01 
  3.90000000e+00   6.42363541e-01  -8.13262462e-01  -8.99123503e-01  -6.65153925e-01   8.13560915e-01   9.21316982e-01  -8.13262462e-01   8.13560915e-01 
  3.80000000e+00   6.36385457e-01  -8.09851946e-01  -8.95901687e-01  -6.59738436e-01   8.10164706e-01   9.18629146e-01  -8.09851946e-01   8.10164706e-01 
  3.70000000e+00   6.30197984e-01  -8.06305455e-01  -8.92516544e-01  -6.54134126e-01   8.06633388e-01   9.15796818e-01  -8.06305455e-01   8.06633388e-01 
  3.60000000e+00   6.23789708e-01  -8.02614245e-01  -8.88956396e-01  -6.48330520e-01   8.02958284e-01   9.12809130e-01  -8.02614245e-01   8.02958284e-01 
  3.50000000e+00   6.17148364e-01  -7.98768780e-01  -8.85208466e-01  -6.42316334e-01   7.99129925e-01   9.09654146e-01  -7.98768780e-01   7.99129925e-01 
  3.40000000e+00   6.10260752e-01  -7.94758632e-01  -8.81258740e-01  -6.36079393e-01   7.95137960e-01   9.06318724e-01  -7.94758632e-01   7.95137960e-01 
  3.30000000e+00   6.03112648e-01  -7.90572370e-01  -8.77091822e-01  -6.29606537e-01   7.90971042e-01   9.02788367e-01  -7.90572370e-01   7.90971042e-01 
  3.20000000e+00   5.95688706e-01  -7.86197440e-01  -8.72690758e-01  -6.22883525e-01   7.86616708e-01   8.99047042e-01  -7.86197440e-01   7.86616708e-01 
  3.10000000e+00   5.87972339e-01  -7.81620012e-01  -8.68036835e-01  -6.15894912e-01   7.82061226e-01   8.95076980e-01  -7.81620012e-01   7.82061226e-01 
  3.00000000e+00   5.79945601e-01  -7.76824811e-01  -8.63109352e-01  -6.08623926e-01   7.77289432e-01   8.90858435e-01  -7.76824811e-01   7.77289432e-01 
  2.90000000e+00   5.71589035e-01  -7.71794918e-01  -8.57885352e-01  -6.01052310e-01   7.72284529e-01   8.86369406e-01  -7.71794918e-01   7.72284529e-01 
  2.80000000e+00   5.62881524e-01  -7.66511538e-01  -8.52339301e-01  -5.93160164e-01   7.67027853e-01   8.81585310e-01  -7.66511538e-01   7.67027853e-01 
  2.70000000e+00   5.53800106e-01  -7.60953716e-01  -8.46442729e-01  -5.84925743e-01   7.61498599e-01   8.76478599e-01  -7.60953716e-01   7.61498599e-01 
  2.60000000e+00   5.44319771e-01  -7.55098017e-01  -8.40163789e-01  -5.76325244e-01   7.55673495e-01   8.71018304e-01  -7.55098017e-01   7.55673495e-01 
  2.50000000e+00   5.34413239e-01  -7.48918128e-01  -8.33466749e-01  -5.67332550e-01   7.49526412e-01   8.65169492e-01  -7.48918128e-01   7.49526412e-01 
  2.40000000e+00   5.24050695e-01  -7.42384391e-01  -8.26311382e-01  -5.57918940e-01   7.43027896e-01   8.58892618e-01  -7.42384391e-01   7.43027896e-01 
  2.30000000e+00   5.13199504e-01  -7.35463234e-01  -8.18652239e-01  -5.48052758e-01   7.36144606e-01   8.52142749e-01  -7.35463234e-01   7.36144606e-01 
  2.20000000e+00   5.01823882e-01  -7.28116479e-01  -8.10437772e-01  -5.37699019e-01   7.28838625e-01   8.44868617e-01  -7.28116479e-01   7.28838625e-01 
  2.10000000e+00   4.89884521e-01  -7.20300497e-01  -8.01609277e-01  -5.26818965e-01   7.21066621e-01   8.37011474e-01  -7.20300497e-01   7.21066621e-01 
  2.00000000e+00   4.77338176e-01  -7.11965162e-01  -7.92099608e-01  -5.15369541e-01   7.12778807e-01   8.28503682e-01  -7.11965162e-01   7.12778807e-01 
  1.90000000e+00   4.64137191e-01  -7.03052547e-01  -7.81831600e-01  -5.03302778e-01   7.03917653e-01   8.19266976e-01  -7.03052547e-01   7.03917653e-01 
  1.80000000e+00   4.50228973e-01  -6.93495290e-01  -7.70716115e-01  -4.90565082e-01   6.94416254e-01   8.09210296e-01  -6.93495290e-01   6.94416254e-01 
  1.70000000e+00   4.35555410e-01  -6.83214511e-01  -7.58649615e-01  -4.77096385e-01   6.84196273e-01   7.98227067e-01  -6.83214511e-01   6.84196273e-01 
  1.60000000e+00   4.20052226e-01  -6.72117144e-01  -7.45511112e-01  -4.62829153e-01   6.73165291e-01   7.86191745e-01  -6.72117144e-01   6.73165291e-01 
  1.50000000e+00   4.03648295e-01  -6.60092464e-01  -7.31158286e-01  -4.47687205e-01   6.61213365e-01   7.72955394e-01  -6.60092464e-01   6.61213365e-01 
  1.40000000e+00   3.86264920e-01  -6.47007518e-01  -7.15422510e-01  -4.31584321e-01   6.48208502e-01   7.58339943e-01  -6.47007518e-01   6.48208502e-01 
  1.30000000e+00   3.67815123e-01  -6.32701007e-01  -6.98102378e-01  -4.14422579e-01   6.33990600e-01   7.42130648e-01  -6.32701007e-01   6.33990600e-01 
  1.20000000e+00   3.48203038e-01  -6.16974985e-01  -6.78955179e-01  -3.96090384e-01   6.18363226e-01   7.24066043e-01  -6.16974985e-01   6.18363226e-01 
  1.10000000e+00   3.27323518e-01  -5.99583352e-01  -6.57685485e-01  -3.76460123e-01   6.01082231e-01   7.03824332e-01  -5.99583352e-01   6.01082231e-01 
  1.00000000e+00   3.05062246e-01  -5.80215606e-01  -6.33929593e-01  -3.55385381e-01   5.81839664e-01   6.81004611e-01  -5.80215606e-01   5.81839664e-01 
  9.00000000e-01   2.81296796e-01  -5.58473309e-01  -6.07233893e-01  -3.32697648e-01   5.60240472e-01   6.55100420e-01  -5.58473309e-01   5.60240472e-01 
  8.00000000e-01   2.55899499e-01  -5.33835105e-01  -5.77024023e-01  -3.08202461e-01   5.35767838e-01   6.25461518e-01  -5.33835105e-01   5.35767838e-01 
  7.00000000e-01   2.28743680e-01  -5.05602982e-01  -5.42559575e-01  -2.81674893e-01   5.07729862e-01   5.91237029e-01  -5.05602982e-01   5.07729862e-01 
  6.00000000e-01   1.99716271e-01  -4.72816593e-01  -5.02865138e-01  -2.52854282e-01   4.75174317e-01   5.51287700e-01  -4.72816593e-01   4.75174317e-01 
  5.00000000e-01   1.68742755e-01  -4.34110158e-01  -4.56620262e-01  -2.21437739e-01   4.36745669e-01   5.04044225e-01  -4.34110158e-01   4.36745669e-01 
  4.00000000e-01   1.35836886e-01  -3.87459194e-01  -4.01972661e-01  -1.87070441e-01   3.90430187e-01   4.47264228e-01  -3.87459194e-01   3.90430187e-01 
  3.00000000e-01   1.01203280e-01  -3.29696297e-01  -3.36191990e-01  -1.49323244e-01   3.33062805e-01   3.77578939e-01  -3.29696297e-01   3.33062805e-01 
  2.00000000e-01   6.54634508e-02  -2.55476412e-01  -2.54936184e-01  -1.07608979e-01   2.59251126e-01   2.89532284e-01  -2.55476412e-01   2.59251126e-01 
  1.00000000e-01   3.02189350e-02  -1.54606922e-01  -1.50284551e-01  -6.07153370e-02   1.58482413e-01   1.73029971e-01  -1.54606922e-01   1.58482413e-01 
