      deltaCapacity      control[0]     control[1]     control[2]     control[3]     control[4]     control[5]     control[6]     control[7]
      0.00000000    7.75200340e-04    -2.47501491e-02    -2.59542999e-02     7.17418469e-02     9.79042557e-04     9.79465851e-04    -2.47501491e-02     9.79042557e-04 
      0.01000000    7.74641595e-04    -2.45716677e-02    -2.56737368e-02     7.11058643e-02     9.78699225e-04     9.79167869e-04    -2.45716677e-02     9.78699225e-04 
      0.02000000    7.74128401e-04    -2.43973586e-02    -2.54008356e-02     7.04857988e-02     9.78370760e-04     9.78884038e-04    -2.43973586e-02     9.78370760e-04 
      0.03000000    7.73657166e-04    -2.42269144e-02    -2.51350738e-02     6.98805196e-02     9.78056203e-04     9.78613383e-04    -2.42269144e-02     9.78056203e-04 
      0.04000000    7.73224763e-04    -2.40600694e-02    -2.48759976e-02     6.92890471e-02     9.77754727e-04     9.78355058e-04    -2.40600694e-02     9.77754727e-04 
      0.05000000    7.72828446e-04    -2.38965914e-02    -2.46232093e-02     6.87105241e-02     9.77465607e-04     9.78108323e-04    -2.38965914e-02     9.77465607e-04 
      0.06000000    7.72465793e-04    -2.37362757e-02    -2.43763573e-02     6.81441939e-02     9.77188207e-04     9.77872529e-04    -2.37362757e-02     9.77188207e-04 
      0.07000000    7.72134656e-04    -2.35789402e-02    -2.41351285e-02     6.75893832e-02     9.76921965e-04     9.77647098e-04    -2.35789402e-02     9.76921965e-04 
      0.08000000    7.71833122e-04    -2.34244216e-02    -2.38992425e-02     6.70454883e-02     9.76666378e-04     9.77431517e-04    -2.34244216e-02     9.76666378e-04 
      0.09000000    7.71559482e-04    -2.32725727e-02    -2.36684462e-02     6.65119648e-02     9.76420999e-04     9.77225329e-04    -2.32725727e-02     9.76420999e-04 
      0.10000000    7.71312203e-04    -2.31232597e-02    -2.34425101e-02     6.59883183e-02     9.76185427e-04     9.77028120e-04    -2.31232597e-02     9.76185427e-04 
      0.11000000    7.71089907e-04    -2.29763601e-02    -2.32212252e-02     6.54740974e-02     9.75959300e-04     9.76839519e-04    -2.29763601e-02     9.75959300e-04 
      0.12000000    7.70891355e-04    -2.28317615e-02    -2.30044001e-02     6.49688879e-02     9.75742292e-04     9.76659192e-04    -2.28317615e-02     9.75742292e-04 
      0.13000000    7.70715431e-04    -2.26893597e-02    -2.27918591e-02     6.44723080e-02     9.75534108e-04     9.76486834e-04    -2.26893597e-02     9.75534108e-04 
      0.14000000    7.70561129e-04    -2.25490581e-02    -2.25834398e-02     6.39840037e-02     9.75334483e-04     9.76322172e-04    -2.25490581e-02     9.75334483e-04 
      0.15000000    7.70427540e-04    -2.24107663e-02    -2.23789921e-02     6.35036459e-02     9.75143176e-04     9.76164955e-04    -2.24107663e-02     9.75143176e-04 
      0.16000000    7.70313850e-04    -2.22743995e-02    -2.21783767e-02     6.30309269e-02     9.74959970e-04     9.76014960e-04    -2.22743995e-02     9.74959970e-04 
      0.17000000    7.70219324e-04    -2.21398776e-02    -2.19814639e-02     6.25655585e-02     9.74784671e-04     9.75871983e-04    -2.21398776e-02     9.74784671e-04 
      0.18000000    7.70143308e-04    -2.20071249e-02    -2.17881325e-02     6.21072690e-02     9.74617102e-04     9.75735840e-04    -2.20071249e-02     9.74617102e-04 
      0.19000000    7.70085216e-04    -2.18760692e-02    -2.15982692e-02     6.16558019e-02     9.74457109e-04     9.75606366e-04    -2.18760692e-02     9.74457109e-04 
      0.20000000    7.70044531e-04    -2.17466415e-02    -2.14117680e-02     6.12109139e-02     9.74304554e-04     9.75483414e-04    -2.17466415e-02     9.74304554e-04 
      0.21000000    7.70020800e-04    -2.16187753e-02    -2.12285291e-02     6.07723735e-02     9.74159315e-04     9.75366855e-04    -2.16187753e-02     9.74159315e-04 
      0.22000000    7.70013632e-04    -2.14924068e-02    -2.10484589e-02     6.03399596e-02     9.74021290e-04     9.75256574e-04    -2.14924068e-02     9.74021290e-04 
      0.23000000    7.70022694e-04    -2.13674736e-02    -2.08714690e-02     5.99134603e-02     9.73890392e-04     9.75152474e-04    -2.13674736e-02     9.73890392e-04 
      0.24000000    7.70047711e-04    -2.12439152e-02    -2.06974763e-02     5.94926715e-02     9.73766550e-04     9.75054472e-04    -2.12439152e-02     9.73766550e-04 
      0.25000000    7.70088468e-04    -2.11216722e-02    -2.05264023e-02     5.90773964e-02     9.73649711e-04     9.74962502e-04    -2.11216722e-02     9.73649711e-04 
      0.26000000    7.70144807e-04    -2.10006860e-02    -2.03581729e-02     5.86674440e-02     9.73539840e-04     9.74876514e-04    -2.10006860e-02     9.73539840e-04 
      0.27000000    7.70216628e-04    -2.08808984e-02    -2.01927182e-02     5.82626282e-02     9.73436916e-04     9.74796472e-04    -2.08808984e-02     9.73436916e-04 
      0.28000000    7.70303895e-04    -2.07622515e-02    -2.00299722e-02     5.78627670e-02     9.73340942e-04     9.74722361e-04    -2.07622515e-02     9.73340942e-04 
      0.29000000    7.70406633e-04    -2.06446869e-02    -1.98698725e-02     5.74676815e-02     9.73251938e-04     9.74654181e-04    -2.06446869e-02     9.73251938e-04 
      0.30000000    7.70524938e-04    -2.05281455e-02    -1.97123604e-02     5.70771946e-02     9.73169946e-04     9.74591953e-04    -2.05281455e-02     9.73169946e-04 
      0.31000000    7.70658981e-04    -2.04125672e-02    -1.95573807e-02     5.66911303e-02     9.73095031e-04     9.74535717e-04    -2.04125672e-02     9.73095031e-04 
      0.32000000    7.70809011e-04    -2.02978899e-02    -1.94048816e-02     5.63093123e-02     9.73027287e-04     9.74485538e-04    -2.02978899e-02     9.73027287e-04 
      0.33000000    7.70975370e-04    -2.01840493e-02    -1.92548144e-02     5.59315625e-02     9.72966836e-04     9.74441507e-04    -2.01840493e-02     9.72966836e-04 
      0.34000000    7.71158503e-04    -2.00709779e-02    -1.91071340e-02     5.55576999e-02     9.72913833e-04     9.74403742e-04    -2.00709779e-02     9.72913833e-04 
      0.35000000    7.71358973e-04    -1.99586041e-02    -1.89617987e-02     5.51875386e-02     9.72868475e-04     9.74372397e-04    -1.99586041e-02     9.72868475e-04 
      0.36000000    7.71577479e-04    -1.98468512e-02    -1.88187703e-02     5.48208855e-02     9.72831001e-04     9.74347666e-04    -1.98468512e-02     9.72831001e-04 
      0.37000000    7.71814886e-04    -1.97356357e-02    -1.86780143e-02     5.44575377e-02     9.72801710e-04     9.74329789e-04    -1.97356357e-02     9.72801710e-04 
      0.38000000    7.72072254e-04    -1.96248661e-02    -1.85395004e-02     5.40972793e-02     9.72780962e-04     9.74319061e-04    -1.96248661e-02     9.72780962e-04 
      0.39000000    7.72350885e-04    -1.95144398e-02    -1.84032025e-02     5.37398769e-02     9.72769203e-04     9.74315849e-04    -1.95144398e-02     9.72769203e-04 
      0.40000000    7.72652384e-04    -1.94042404e-02    -1.82690998e-02     5.33850736e-02     9.72766978e-04     9.74320604e-04    -1.94042404e-02     9.72766978e-04 
      0.41000000    7.72978737e-04    -1.92941334e-02    -1.81371776e-02     5.30325818e-02     9.72774960e-04     9.74333890e-04    -1.92941334e-02     9.72774960e-04 
      0.42000000    7.73332430e-04    -1.91839603e-02    -1.80074280e-02     5.26820719e-02     9.72793994e-04     9.74356410e-04    -1.91839603e-02     9.72793994e-04 
      0.43000000    7.73716614e-04    -1.90735300e-02    -1.78798527e-02     5.23331568e-02     9.72825145e-04     9.74389060e-04    -1.90735300e-02     9.72825145e-04 
      0.44000000    7.74135353e-04    -1.89626061e-02    -1.77544650e-02     5.19853693e-02     9.72869787e-04     9.74432994e-04    -1.89626061e-02     9.72869787e-04 
      0.45000000    7.74594006e-04    -1.88508876e-02    -1.76312942e-02     5.16381263e-02     9.72929729e-04     9.74489738e-04    -1.88508876e-02     9.72929729e-04 
      0.46000000    7.75099849e-04    -1.87379771e-02    -1.75103932e-02     5.12906714e-02     9.73007420e-04     9.74561359e-04    -1.87379771e-02     9.73007420e-04 
      0.47000000    7.75663146e-04    -1.86233266e-02    -1.73918495e-02     5.09419762e-02     9.73106308e-04     9.74650776e-04    -1.86233266e-02     9.73106308e-04 
      0.48000000    7.76299135e-04    -1.85061362e-02    -1.72758081e-02     5.05905562e-02     9.73231503e-04     9.74762317e-04    -1.85061362e-02     9.73231503e-04 
      0.49000000    7.77032154e-04    -1.83851452e-02    -1.71625168e-02     5.02340900e-02     9.73391138e-04     9.74902881e-04    -1.83851452e-02     9.73391138e-04 
      0.50000000    7.77905563e-04    -1.82581276e-02    -1.70524352e-02     4.98685008e-02     9.73599663e-04     9.75084741e-04    -1.82581276e-02     9.73599663e-04 
      0.51000000    7.79012439e-04    -1.81203341e-02    -1.69465695e-02     4.94851151e-02     9.73887985e-04     9.75334180e-04    -1.81203341e-02     9.73887985e-04 
      0.52000000    7.80655336e-04    -1.79563813e-02    -1.68481991e-02     4.90558578e-02     9.74356149e-04     9.75736377e-04    -1.79563813e-02     9.74356149e-04 
      0.53000000