  1.00000000e+00   1.00000000e-01
  1.00000000e+00   1.00000000e-01
  9.90000000e-01   1.01010101e-01
  9.80000000e-01   1.02040816e-01
  9.70000000e-01   1.03092784e-01
  9.60000000e-01   1.04166667e-01
  9.50000000e-01   1.05263158e-01
  9.40000000e-01   1.06382979e-01
  9.30000000e-01   1.07526882e-01
  9.20000000e-01   1.08695652e-01
  9.10000000e-01   1.09890110e-01
  9.00000000e-01   1.11111111e-01
  8.90000000e-01   1.12359551e-01
  8.80000000e-01   1.13636364e-01
  8.70000000e-01   1.14942529e-01
  8.60000000e-01   1.16279070e-01
  8.50000000e-01   1.17647059e-01
  8.40000000e-01   1.19047619e-01
  8.30000000e-01   1.20481928e-01
  8.20000000e-01   1.21951220e-01
  8.10000000e-01   1.23456790e-01
  8.00000000e-01   1.25000000e-01
  7.90000000e-01   1.26582278e-01
  7.80000000e-01   1.28205128e-01
  7.70000000e-01   1.29870130e-01
  7.60000000e-01   1.31578947e-01
  7.50000000e-01   1.33333333e-01
  7.40000000e-01   1.35135135e-01
  7.30000000e-01   1.36986301e-01
  7.20000000e-01   1.38888889e-01
  7.10000000e-01   1.40845070e-01
  7.00000000e-01   1.42857143e-01
  6.90000000e-01   1.44927536e-01
  6.80000000e-01   1.47058824e-01
  6.70000000e-01   1.49253731e-01
  6.60000000e-01   1.51515152e-01
  6.50000000e-01   1.53846154e-01
  6.40000000e-01   1.56250000e-01
  6.30000000e-01   1.58730159e-01
  6.20000000e-01   1.61290323e-01
  6.10000000e-01   1.63934426e-01
  6.00000000e-01   1.66666667e-01
