  1.00000000e+00  -2.52681910e-02   3.26785522e-01   3.33905788e-01   2.52681910e-02  -3.26785522e-01  -3.33905788e-01   3.26785522e-01  -3.26785522e-01 
  9.90000000e-01  -2.52671444e-02   3.26789797e-01   3.33909677e-01   2.52671444e-02  -3.26789797e-01  -3.33909677e-01   3.26789797e-01  -3.26789797e-01 
  9.80000000e-01  -2.52660656e-02   3.26794204e-01   3.33913685e-01   2.52660656e-02  -3.26794204e-01  -3.33913685e-01   3.26794204e-01  -3.26794204e-01 
  9.70000000e-01  -2.52649534e-02   3.26798747e-01   3.33917818e-01   2.52649534e-02  -3.26798747e-01  -3.33917818e-01   3.26798747e-01  -3.26798747e-01 
  9.60000000e-01  -2.52638063e-02   3.26803432e-01   3.33922081e-01   2.52638063e-02  -3.26803432e-01  -3.33922081e-01   3.26803432e-01  -3.26803432e-01 
  9.50000000e-01  -2.52626229e-02   3.26808266e-01   3.33926478e-01   2.52626229e-02  -3.26808266e-01  -3.33926478e-01   3.26808266e-01  -3.26808266e-01 
  9.40000000e-01  -2.52614017e-02   3.26813255e-01   3.33931016e-01   2.52614017e-02  -3.26813255e-01  -3.33931016e-01   3.26813255e-01  -3.26813255e-01 
  9.30000000e-01  -2.52601409e-02   3.26818405e-01   3.33935700e-01   2.52601409e-02  -3.26818405e-01  -3.33935700e-01   3.26818405e-01  -3.26818405e-01 
  9.20000000e-01  -2.52588390e-02   3.26823723e-01   3.33940538e-01   2.52588390e-02  -3.26823723e-01  -3.33940538e-01   3.26823723e-01  -3.26823723e-01 
  9.10000000e-01  -2.52574940e-02   3.26829217e-01   3.33945536e-01   2.52574940e-02  -3.26829217e-01  -3.33945536e-01   3.26829217e-01  -3.26829217e-01 
  9.00000000e-01  -2.52561041e-02   3.26834894e-01   3.33950700e-01   2.52561041e-02  -3.26834894e-01  -3.33950700e-01   3.26834894e-01  -3.26834894e-01 
  8.90000000e-01  -2.52546672e-02   3.26840763e-01   3.33956039e-01   2.52546672e-02  -3.26840763e-01  -3.33956039e-01   3.26840763e-01  -3.26840763e-01 
  8.80000000e-01  -2.52531812e-02   3.26846833e-01   3.33961560e-01   2.52531812e-02  -3.26846833e-01  -3.33961560e-01   3.26846833e-01  -3.26846833e-01 
  8.70000000e-01  -2.52516438e-02   3.26853113e-01   3.33967273e-01   2.52516438e-02  -3.26853113e-01  -3.33967273e-01   3.26853113e-01  -3.26853113e-01 
  8.60000000e-01  -2.52500527e-02   3.26859612e-01   3.33973185e-01   2.52500527e-02  -3.26859612e-01  -3.33973185e-01   3.26859612e-01  -3.26859612e-01 
  8.50000000e-01  -2.52484053e-02   3.26866341e-01   3.33979306e-01   2.52484053e-02  -3.26866341e-01  -3.33979306e-01   3.26866341e-01  -3.26866341e-01 
  8.40000000e-01  -2.52466989e-02   3.26873310e-01   3.33985646e-01   2.52466989e-02  -3.26873310e-01  -3.33985646e-01   3.26873310e-01  -3.26873310e-01 
  8.30000000e-01  -2.52449307e-02   3.26880533e-01   3.33992216e-01   2.52449307e-02  -3.26880533e-01  -3.33992216e-01   3.26880533e-01  -3.26880533e-01 
  8.20000000e-01  -2.52430976e-02   3.26888020e-01   3.33999026e-01   2.52430976e-02  -3.26888020e-01  -3.33999026e-01   3.26888020e-01  -3.26888020e-01 
  8.10000000e-01  -2.52411965e-02   3.26895785e-01   3.34006090e-01   2.52411965e-02  -3.26895785e-01  -3.34006090e-01   3.26895785e-01  -3.26895785e-01 
  8.00000000e-01  -2.52392239e-02   3.26903842e-01   3.34013419e-01   2.52392239e-02  -3.26903842e-01  -3.34013419e-01   3.26903842e-01  -3.26903842e-01 
  7.90000000e-01  -2.52371763e-02   3.26912205e-01   3.34021027e-01   2.52371763e-02  -3.26912205e-01  -3.34021027e-01   3.26912205e-01  -3.26912205e-01 
  7.80000000e-01  -2.52350497e-02   3.26920891e-01   3.34028928e-01   2.52350497e-02  -3.26920891e-01  -3.34028928e-01   3.26920891e-01  -3.26920891e-01 
  7.70000000e-01  -2.52328401e-02   3.26929916e-01   3.34037137e-01   2.52328401e-02  -3.26929916e-01  -3.34037137e-01   3.26929916e-01  -3.26929916e-01 
  7.60000000e-01  -2.52305430e-02   3.26939298e-01   3.34045671e-01   2.52305430e-02  -3.26939298e-01  -3.34045671e-01   3.26939298e-01  -3.26939298e-01 
  7.50000000e-01  -2.52281539e-02   3.26949056e-01   3.34054548e-01   2.52281539e-02  -3.26949056e-01  -3.34054548e-01   3.26949056e-01  -3.26949056e-01 
  7.40000000e-01  -2.52256677e-02   3.26959210e-01   3.34063784e-01   2.52256677e-02  -3.26959210e-01  -3.34063784e-01   3.26959210e-01  -3.26959210e-01 
  7.30000000e-01  -2.52230791e-02   3.26969782e-01   3.34073401e-01   2.52230791e-02  -3.26969782e-01  -3.34073401e-01   3.26969782e-01  -3.26969782e-01 
  7.20000000e-01  -2.52203824e-02   3.26980796e-01   3.34083420e-01   2.52203824e-02  -3.26980796e-01  -3.34083420e-01   3.26980796e-01  -3.26980796e-01 
  7.10000000e-01  -2.52175715e-02   3.26992276e-01   3.34093862e-01   2.52175715e-02  -3.26992276e-01  -3.34093862e-01   3.26992276e-01  -3.26992276e-01 
  7.00000000e-01  -2.52146400e-02   3.27004248e-01   3.34104753e-01   2.52146400e-02  -3.27004248e-01  -3.34104753e-01   3.27004248e-01  -3.27004248e-01 
  6.90000000e-01  -2.52115807e-02   3.27016743e-01   3.34116118e-01   2.52115807e-02  -3.27016743e-01  -3.34116118e-01   3.27016743e-01  -3.27016743e-01 
  6.80000000e-01  -2.52083862e-02   3.27029789e-01   3.34127986e-01   2.52083862e-02  -3.27029789e-01  -3.34127986e-01   3.27029789e-01  -3.27029789e-01 
  6.70000000e-01  -2.52050484e-02   3.27043420e-01   3.34140385e-01   2.52050484e-02  -3.27043420e-01  -3.34140385e-01   3.27043420e-01  -3.27043420e-01 
  6.60000000e-01  -2.52015586e-02   3.27057672e-01   3.34153349e-01   2.52015586e-02  -3.27057672e-01  -3.34153349e-01   3.27057672e-01  -3.27057672e-01 
  6.50000000e-01  -2.51979074e-02   3.27072583e-01   3.34166913e-01   2.51979074e-02  -3.27072583e-01  -3.34166913e-01   3.27072583e-01  -3.27072583e-01 
  6.40000000e-01  -2.51940848e-02   3.27088194e-01   3.34181112e-01   2.51940848e-02  -3.27088194e-01  -3.34181112e-01   3.27088194e-01  -3.27088194e-01 
  6.30000000e-01  -2.51900799e-02   3.27104548e-01   3.34195989e-01   2.51900799e-02  -3.27104548e-01  -3.34195989e-01   3.27104548e-01  -3.27104548e-01 
  6.20000000e-01  -2.51858809e-02   3.27121696e-01   3.34211587e-01   2.51858809e-02  -3.27121696e-01  -3.34211587e-01   3.27121696e-01  -3.27121696e-01 
  6.10000000e-01  -2.51814751e-02   3.27139687e-01   3.34227952e-01   2.51814751e-02  -3.27139687e-01  -3.34227952e-01   3.27139687e-01  -3.27139687e-01 
  6.00000000e-01  -2.51768486e-02   3.27158579e-01   3.34245137e-01   2.51768486e-02  -3.27158579e-01  -3.34245137e-01   3.27158579e-01  -3.27158579e-01 
  5.90000000e-01  -2.51719867e-02   3.27178433e-01   3.34263195e-01   2.51719867e-02  -3.27178433e-01  -3.34263195e-01   3.27178433e-01  -3.27178433e-01 
  5.80000000e-01  -2.51668730e-02   3.27199314e-01   3.34282189e-01   2.51668730e-02  -3.27199314e-01  -3.34282189e-01   3.27199314e-01  -3.27199314e-01 
  5.70000000e-01  -2.51614899e-02   3.27221294e-01   3.34302183e-01   2.51614899e-02  -3.27221294e-01  -3.34302183e-01   3.27221294e-01  -3.27221294e-01 
  5.60000000e-01  -2.51558181e-02   3.27244453e-01   3.34323249e-01   2.51558181e-02  -3.27244453e-01  -3.34323249e-01   3.27244453e-01  -3.27244453e-01 
  5.50000000e-01  -2.51498367e-02   3.27268876e-01   3.34345463e-01   2.51498367e-02  -3.27268876e-01  -3.34345463e-01   3.27268876e-01  -3.27268876e-01 
  5.40000000e-01  -2.51435228e-02   3.27294656e-01   3.34368913e-01   2.51435228e-02  -3.27294656e-01  -3.34368913e-01   3.27294656e-01  -3.27294656e-01 
  5.30000000e-01  -2.51368514e-02   3.27321895e-01   3.34393689e-01   2.51368514e-02  -3.27321895e-01  -3.34393689e-01   3.27321895e-01  -3.27321895e-01 
  5.20000000e-01  -2.51297949e-02   3.27350705e-01   3.34419894e-01   2.51297949e-02  -3.27350705e-01  -3.34419894e-01   3.27350705e-01  -3.27350705e-01 
  5.10000000e-01  -2.51223233e-02   3.27381209e-01   3.34447641e-01   2.51223233e-02  -3.27381209e-01  -3.34447641e-01   3.27381209e-01  -3.27381209e-01 
  5.00000000e-01  -2.51144034e-02   3.27413543e-01   3.34477051e-01   2.51144034e-02  -3.27413543e-01  -3.34477051e-01   3.27413543e-01  -3.27413543e-01 
  4.90000000e-01  -2.51059988e-02   3.27447855e-01   3.34508260e-01   2.51059988e-02  -3.27447855e-01  -3.34508260e-01   3.27447855e-01  -3.27447855e-01 
  4.80000000e-01  -2.50970692e-02   3.27484308e-01   3.34541417e-01   2.50970692e-02  -3.27484308e-01  -3.34541417e-01   3.27484308e-01  -3.27484308e-01 
  4.70000000e-01  -2.50875701e-02   3.27523086e-01   3.34576687e-01   2.50875701e-02  -3.27523086e-01  -3.34576687e-01   3.27523086e-01  -3.27523086e-01 
  4.60000000e-01  -2.50774521e-02   3.27564388e-01   3.34614254e-01   2.50774521e-02  -3.27564388e-01  -3.34614254e-01   3.27564388e-01  -3.27564388e-01 
  4.50000000e-01  -2.50666605e-02   3.27608438e-01   3.34654320e-01   2.50666605e-02  -3.27608438e-01  -3.34654320e-01   3.27608438e-01  -3.27608438e-01 
  4.40000000e-01  -2.50551343e-02   3.27655485e-01   3.34697111e-01   2.50551343e-02  -3.27655485e-01  -3.34697111e-01   3.27655485e-01  -3.27655485e-01 
  4.30000000e-01  -2.50428056e-02   3.27705805e-01   3.34742879e-01   2.50428056e-02  -3.27705805e-01  -3.34742879e-01   3.27705805e-01  -3.27705805e-01 
  4.20000000e-01  -2.50295985e-02   3.27759708e-01   3.34791906e-01   2.50295985e-02  -3.27759708e-01  -3.34791906e-01   3.27759708e-01  -3.27759708e-01 
  4.10000000e-01  -2.50154278e-02   3.27817541e-01   3.34844507e-01   2.50154278e-02  -3.27817541e-01  -3.34844507e-01   3.27817541e-01  -3.27817541e-01 
  4.00000000e-01  -2.50001978e-02   3.27879694e-01   3.34901036e-01   2.50001978e-02  -3.27879694e-01  -3.34901036e-01   3.27879694e-01  -3.27879694e-01 
  3.90000000e-01  -2.49838007e-02   3.27946605e-01   3.34961892e-01   2.49838007e-02  -3.27946605e-01  -3.34961892e-01   3.27946605e-01  -3.27946605e-01 
  3.80000000e-01  -2.49661149e-02   3.28018771e-01   3.35027527e-01   2.49661149e-02  -3.28018771e-01  -3.35027527e-01   3.28018771e-01  -3.28018771e-01 
  3.70000000e-01  -2.49470024e-02   3.28096754e-01   3.35098452e-01   2.49470024e-02  -3.28096754e-01  -3.35098452e-01   3.28096754e-01  -3.28096754e-01 
  3.60000000e-01  -2.49263062e-02   3.28181191e-01   3.35175246e-01   2.49263062e-02  -3.28181191e-01  -3.35175246e-01   3.28181191e-01  -3.28181191e-01 
  3.50000000e-01  -2.49038476e-02   3.28272812e-01   3.35258573e-01   2.49038476e-02  -3.28272812e-01  -3.35258573e-01   3.28272812e-01  -3.28272812e-01 
  3.40000000e-01  -2.48794219e-02   3.28372450e-01   3.35349189e-01   2.48794219e-02  -3.28372450e-01  -3.35349189e-01   3.28372450e-01  -3.28372450e-01 
  3.30000000e-01  -2.48527941e-02   3.28481061e-01   3.35447965e-01   2.48527941e-02  -3.28481061e-01  -3.35447965e-01   3.28481061e-01  -3.28481061e-01 
  3.20000000e-01  -2.48236932e-02   3.28599747e-01   3.35555902e-01   2.48236932e-02  -3.28599747e-01  -3.35555902e-01   3.28599747e-01  -3.28599747e-01 
  3.10000000e-01  -2.47918056e-02   3.28729784e-01   3.35674160e-01   2.47918056e-02  -3.28729784e-01  -3.35674160e-01   3.28729784e-01  -3.28729784e-01 
  3.00000000e-01  -2.47567669e-02   3.28872654e-01   3.35804087e-01   2.47567669e-02  -3.28872654e-01  -3.35804087e-01   3.28872654e-01  -3.28872654e-01 
  2.90000000e-01  -2.47181515e-02   3.29030087e-01   3.35947255e-01   2.47181515e-02  -3.29030087e-01  -3.35947255e-01   3.29030087e-01  -3.29030087e-01 
  2.80000000e-01  -2.46754606e-02   3.29204110e-01   3.36105507e-01   2.46754606e-02  -3.29204110e-01  -3.36105507e-01   3.29204110e-01  -3.29204110e-01 
  2.70000000e-01  -2.46281059e-02   3.29397114e-01   3.36281016e-01   2.46281059e-02  -3.29397114e-01  -3.36281016e-01   3.29397114e-01  -3.29397114e-01 
  2.60000000e-01  -2.45753908e-02   3.29611928e-01   3.36476354e-01   2.45753908e-02  -3.29611928e-01  -3.36476354e-01   3.29611928e-01  -3.29611928e-01 
  2.50000000e-01  -2.45164851e-02   3.29851921e-01   3.36694584e-01   2.45164851e-02  -3.29851921e-01  -3.36694584e-01   3.29851921e-01  -3.29851921e-01 
  2.40000000e-01  -2.44503941e-02   3.30121128e-01   3.36939374e-01   2.44503941e-02  -3.30121128e-01  -3.36939374e-01   3.30121128e-01  -3.30121128e-01 
  2.30000000e-01  -2.43759188e-02   3.30424414e-01   3.37215144e-01   2.43759188e-02  -3.30424414e-01  -3.37215144e-01   3.30424414e-01  -3.30424414e-01 
  2.20000000e-01  -2.42916037e-02   3.30767675e-01   3.37527256e-01   2.42916037e-02  -3.30767675e-01  -3.37527256e-01   3.30767675e-01  -3.30767675e-01 
  2.10000000e-01  -2.41956709e-02   3.31158112e-01   3.37882255e-01   2.41956709e-02  -3.31158112e-01  -3.37882255e-01   3.31158112e-01  -3.31158112e-01 
  2.00000000e-01  -2.40859320e-02   3.31604581e-01   3.38288191e-01   2.40859320e-02  -3.31604581e-01  -3.38288191e-01   3.31604581e-01  -3.31604581e-01 
  1.90000000e-01  -2.39596731e-02   3.32118055e-01   3.38755039e-01   2.39596731e-02  -3.32118055e-01  -3.38755039e-01   3.32118055e-01  -3.32118055e-01 
  1.80000000e-01  -2.38135019e-02   3.32712234e-01   3.39295257e-01   2.38135019e-02  -3.32712234e-01  -3.39295257e-01   3.32712234e-01  -3.32712234e-01 
  1.70000000e-01  -2.36431437e-02   3.33404366e-01   3.39924528e-01   2.36431437e-02  -3.33404366e-01  -3.39924528e-01   3.33404366e-01  -3.33404366e-01 
  1.60000000e-01  -2.34431660e-02   3.34216338e-01   3.40662756e-01   2.34431660e-02  -3.34216338e-01  -3.40662756e-01   3.34216338e-01  -3.34216338e-01 
  1.50000000e-01  -2.32066079e-02   3.35176148e-01   3.41535417e-01   2.32066079e-02  -3.35176148e-01  -3.41535417e-01   3.35176148e-01  -3.35176148e-01 
  1.40000000e-01  -2.29244793e-02   3.36319892e-01   3.42575366e-01   2.29244793e-02  -3.36319892e-01  -3.42575366e-01   3.36319892e-01  -3.36319892e-01 
  1.30000000e-01  -2.25850880e-02   3.37694405e-01   3.43825262e-01   2.25850880e-02  -3.37694405e-01  -3.43825262e-01   3.37694405e-01  -3.37694405e-01 
  1.20000000e-01  -2.21731488e-02   3.39360740e-01   3.45340774e-01   2.21731488e-02  -3.39360740e-01  -3.45340774e-01   3.39360740e-01  -3.39360740e-01 
  1.10000000e-01  -2.16686442e-02   3.41398561e-01   3.47194649e-01   2.16686442e-02  -3.41398561e-01  -3.47194649e-01   3.41398561e-01  -3.41398561e-01 
  1.00000000e-01  -2.10454681e-02   3.43911260e-01   3.49481523e-01   2.10454681e-02  -3.43911260e-01  -3.49481523e-01   3.43911260e-01  -3.43911260e-01 
  9.00000000e-02  -2.02700666e-02   3.47030819e-01   3.52322629e-01   2.02700666e-02  -3.47030819e-01  -3.52322629e-01   3.47030819e-01  -3.47030819e-01 
  8.00000000e-02  -1.93007064e-02   3.50919661e-01   3.55868031e-01   1.93007064e-02  -3.50919661e-01  -3.55868031e-01   3.50919661e-01  -3.50919661e-01 
  7.00000000e-02  -1.80887994e-02   3.55763407e-01   3.60290960e-01   1.80887994e-02  -3.55763407e-01  -3.60290960e-01   3.55763407e-01  -3.55763407e-01 
  6.00000000e-02  -1.65847059e-02   3.61744304e-01   3.65764953e-01   1.65847059e-02  -3.61744304e-01  -3.65764953e-01   3.61744304e-01  -3.61744304e-01 
  5.00000000e-02  -1.47501630e-02   3.68986235e-01   3.72415060e-01   1.47501630e-02  -3.68986235e-01  -3.72415060e-01   3.68986235e-01  -3.68986235e-01 
  4.00000000e-02  -1.25737217e-02   3.77485937e-01   3.80255069e-01   1.25737217e-02  -3.77485937e-01  -3.80255069e-01   3.77485937e-01  -3.77485937e-01 
  3.00000000e-02  -1.00704502e-02   3.87105017e-01   3.89177841e-01   1.00704502e-02  -3.87105017e-01  -3.89177841e-01   3.87105017e-01  -3.87105017e-01 
  2.00000000e-02  -7.23674293e-03   3.97728967e-01   3.99099257e-01   7.23674293e-03  -3.97728967e-01  -3.99099257e-01   3.97728967e-01  -3.97728967e-01 
  1.00000000e-02  -3.97099747e-03   4.09514483e-01   4.10191194e-01   3.97099747e-03  -4.09514483e-01  -4.10191194e-01   4.09514483e-01  -4.09514483e-01 
