  1.00000000e+00  -5.48635301e-02   2.30810760e-01   3.12555355e-01   1.09195065e-01  -2.93202130e-01  -3.16031850e-01   3.04418712e-01  -2.93202130e-01 
  9.90000000e-01  -5.48640387e-02   2.30811590e-01   3.12557089e-01   1.09195084e-01  -2.93205778e-01  -3.16035331e-01   3.04420899e-01  -2.93205778e-01 
  9.80000000e-01  -5.48645630e-02   2.30812446e-01   3.12558877e-01   1.09195103e-01  -2.93209537e-01  -3.16038920e-01   3.04423153e-01  -2.93209537e-01 
  9.70000000e-01  -5.48651038e-02   2.30813328e-01   3.12560719e-01   1.09195122e-01  -2.93213414e-01  -3.16042620e-01   3.04425476e-01  -2.93213414e-01 
  9.60000000e-01  -5.48656617e-02   2.30814238e-01   3.12562619e-01   1.09195142e-01  -2.93217412e-01  -3.16046436e-01   3.04427872e-01  -2.93217412e-01 
  9.50000000e-01  -5.48662375e-02   2.30815176e-01   3.12564578e-01   1.09195163e-01  -2.93221537e-01  -3.16050373e-01   3.04430344e-01  -2.93221537e-01 
  9.40000000e-01  -5.48668320e-02   2.30816144e-01   3.12566601e-01   1.09195184e-01  -2.93225794e-01  -3.16054436e-01   3.04432895e-01  -2.93225794e-01 
  9.30000000e-01  -5.48674458e-02   2.30817143e-01   3.12568688e-01   1.09195205e-01  -2.93230189e-01  -3.16058631e-01   3.04435528e-01  -2.93230189e-01 
  9.20000000e-01  -5.48680800e-02   2.30818174e-01   3.12570843e-01   1.09195227e-01  -2.93234728e-01  -3.16062963e-01   3.04438246e-01  -2.93234728e-01 
  9.10000000e-01  -5.48687355e-02   2.30819240e-01   3.12573070e-01   1.09195249e-01  -2.93239417e-01  -3.16067439e-01   3.04441055e-01  -2.93239417e-01 
  9.00000000e-01  -5.48694131e-02   2.30820341e-01   3.12575370e-01   1.09195272e-01  -2.93244264e-01  -3.16072065e-01   3.04443956e-01  -2.93244264e-01 
  8.90000000e-01  -5.48701139e-02   2.30821478e-01   3.12577747e-01   1.09195296e-01  -2.93249274e-01  -3.16076847e-01   3.04446956e-01  -2.93249274e-01 
  8.80000000e-01  -5.48708390e-02   2.30822654e-01   3.12580206e-01   1.09195320e-01  -2.93254457e-01  -3.16081793e-01   3.04450057e-01  -2.93254457e-01 
  8.70000000e-01  -5.48715895e-02   2.30823871e-01   3.12582749e-01   1.09195344e-01  -2.93259818e-01  -3.16086910e-01   3.04453266e-01  -2.93259818e-01 
  8.60000000e-01  -5.48723666e-02   2.30825130e-01   3.12585381e-01   1.09195369e-01  -2.93265368e-01  -3.16092207e-01   3.04456586e-01  -2.93265368e-01 
  8.50000000e-01  -5.48731716e-02   2.30826432e-01   3.12588105e-01   1.09195395e-01  -2.93271115e-01  -3.16097692e-01   3.04460023e-01  -2.93271115e-01 
  8.40000000e-01  -5.48740059e-02   2.30827782e-01   3.12590927e-01   1.09195421e-01  -2.93277067e-01  -3.16103373e-01   3.04463582e-01  -2.93277067e-01 
  8.30000000e-01  -5.48748708e-02   2.30829179e-01   3.12593850e-01   1.09195448e-01  -2.93283236e-01  -3.16109261e-01   3.04467271e-01  -2.93283236e-01 
  8.20000000e-01  -5.48757680e-02   2.30830628e-01   3.12596880e-01   1.09195475e-01  -2.93289632e-01  -3.16115365e-01   3.04471093e-01  -2.93289632e-01 
  8.10000000e-01  -5.48766990e-02   2.30832129e-01   3.12600021e-01   1.09195503e-01  -2.93296266e-01  -3.16121697e-01   3.04475058e-01  -2.93296266e-01 
  8.00000000e-01  -5.48776655e-02   2.30833687e-01   3.12603280e-01   1.09195531e-01  -2.93303150e-01  -3.16128267e-01   3.04479170e-01  -2.93303150e-01 
  7.90000000e-01  -5.48786695e-02   2.30835303e-01   3.12606663e-01   1.09195561e-01  -2.93310297e-01  -3.16135087e-01   3.04483438e-01  -2.93310297e-01 
  7.80000000e-01  -5.48797128e-02   2.30836982e-01   3.12610175e-01   1.09195590e-01  -2.93317720e-01  -3.16142172e-01   3.04487870e-01  -2.93317720e-01 
  7.70000000e-01  -5.48807976e-02   2.30838724e-01   3.12613823e-01   1.09195620e-01  -2.93325434e-01  -3.16149534e-01   3.04492475e-01  -2.93325434e-01 
  7.60000000e-01  -5.48819261e-02   2.30840536e-01   3.12617615e-01   1.09195651e-01  -2.93333454e-01  -3.16157188e-01   3.04497260e-01  -2.93333454e-01 
  7.50000000e-01  -5.48831007e-02   2.30842419e-01   3.12621558e-01   1.09195683e-01  -2.93341796e-01  -3.16165149e-01   3.04502237e-01  -2.93341796e-01 
  7.40000000e-01  -5.48843239e-02   2.30844378e-01   3.12625660e-01   1.09195714e-01  -2.93350479e-01  -3.16173436e-01   3.04507415e-01  -2.93350479e-01 
  7.30000000e-01  -5.48855984e-02   2.30846416e-01   3.12629930e-01   1.09195747e-01  -2.93359520e-01  -3.16182064e-01   3.04512804e-01  -2.93359520e-01 
  7.20000000e-01  -5.48869273e-02   2.30848539e-01   3.12634378e-01   1.09195780e-01  -2.93368940e-01  -3.16191054e-01   3.04518418e-01  -2.93368940e-01 
  7.10000000e-01  -5.48883136e-02   2.30850750e-01   3.12639012e-01   1.09195813e-01  -2.93378761e-01  -3.16200426e-01   3.04524268e-01  -2.93378761e-01 
  7.00000000e-01  -5.48897606e-02   2.30853056e-01   3.12643844e-01   1.09195847e-01  -2.93389004e-01  -3.16210202e-01   3.04530368e-01  -2.93389004e-01 
  6.90000000e-01  -5.48912721e-02   2.30855460e-01   3.12648884e-01   1.09195881e-01  -2.93399696e-01  -3.16220405e-01   3.04536732e-01  -2.93399696e-01 
  6.80000000e-01  -5.48928519e-02   2.30857969e-01   3.12654146e-01   1.09195915e-01  -2.93410862e-01  -3.16231061e-01   3.04543375e-01  -2.93410862e-01 
  6.70000000e-01  -5.48945042e-02   2.30860590e-01   3.12659642e-01   1.09195950e-01  -2.93422531e-01  -3.16242196e-01   3.04550315e-01  -2.93422531e-01 
  6.60000000e-01  -5.48962336e-02   2.30863328e-01   3.12665387e-01   1.09195984e-01  -2.93434734e-01  -3.16253841e-01   3.04557568e-01  -2.93434734e-01 
  6.50000000e-01  -5.48980448e-02   2.30866191e-01   3.12671394e-01   1.09196019e-01  -2.93447503e-01  -3.16266026e-01   3.04565155e-01  -2.93447503e-01 
  6.40000000e-01  -5.48999433e-02   2.30869187e-01   3.12677682e-01   1.09196053e-01  -2.93460875e-01  -3.16278786e-01   3.04573096e-01  -2.93460875e-01 
  6.30000000e-01  -5.49019347e-02   2.30872323e-01   3.12684267e-01   1.09196088e-01  -2.93474887e-01  -3.16292156e-01   3.04581412e-01  -2.93474887e-01 
  6.20000000e-01  -5.49040252e-02   2.30875609e-01   3.12691168e-01   1.09196121e-01  -2.93489581e-01  -3.16306178e-01   3.04590129e-01  -2.93489581e-01 
  6.10000000e-01  -5.49062214e-02   2.30879054e-01   3.12698405e-01   1.09196154e-01  -2.93505002e-01  -3.16320893e-01   3.04599272e-01  -2.93505002e-01 
  6.00000000e-01  -5.49085309e-02   2.30882669e-01   3.12706002e-01   1.09196187e-01  -2.93521200e-01  -3.16336349e-01   3.04608869e-01  -2.93521200e-01 
  5.90000000e-01  -5.49109613e-02   2.30886465e-01   3.12713981e-01   1.09196218e-01  -2.93538226e-01  -3.16352595e-01   3.04618950e-01  -2.93538226e-01 
  5.80000000e-01  -5.49135215e-02   2.30890453e-01   3.12722370e-01   1.09196247e-01  -2.93556139e-01  -3.16369687e-01   3.04629550e-01  -2.93556139e-01 
  5.70000000e-01  -5.49162208e-02   2.30894648e-01   3.12731195e-01   1.09196274e-01  -2.93575001e-01  -3.16387684e-01   3.04640703e-01  -2.93575001e-01 
  5.60000000e-01  -5.49190697e-02   2.30899064e-01   3.12740489e-01   1.09196299e-01  -2.93594880e-01  -3.16406651e-01   3.04652448e-01  -2.93594880e-01 
  5.50000000e-01  -5.49220793e-02   2.30903716e-01   3.12750284e-01   1.09196321e-01  -2.93615850e-01  -3.16426659e-01   3.04664829e-01  -2.93615850e-01 
  5.40000000e-01  -5.49252621e-02   2.30908621e-01   3.12760617e-01   1.09196340e-01  -2.93637994e-01  -3.16447786e-01   3.04677891e-01  -2.93637994e-01 
  5.30000000e-01  -5.49286317e-02   2.30913798e-01   3.12771528e-01   1.09196354e-01  -2.93661400e-01  -3.16470117e-01   3.04691686e-01  -2.93661400e-01 
  5.20000000e-01  -5.49322031e-02   2.30919268e-01   3.12783060e-01   1.09196363e-01  -2.93686165e-01  -3.16493744e-01   3.04706268e-01  -2.93686165e-01 
  5.10000000e-01  -5.49359929e-02   2.30925051e-01   3.12795262e-01   1.09196366e-01  -2.93712398e-01  -3.16518771e-01   3.04721699e-01  -2.93712398e-01 
  5.00000000e-01  -5.49400194e-02   2.30931173e-01   3.12808185e-01   1.09196361e-01  -2.93740216e-01  -3.16545309e-01   3.04738045e-01  -2.93740216e-01 
  4.90000000e-01  -5.49443027e-02   2.30937661e-01   3.12821888e-01   1.09196348e-01  -2.93769749e-01  -3.16573483e-01   3.04755379e-01  -2.93769749e-01 
  4.80000000e-01  -5.49488654e-02   2.30944543e-01   3.12836434e-01   1.09196324e-01  -2.93801142e-01  -3.16603430e-01   3.04773784e-01  -2.93801142e-01 
  4.70000000e-01  -5.49537325e-02   2.30951852e-01   3.12851893e-01   1.09196288e-01  -2.93834553e-01  -3.16635301e-01   3.04793347e-01  -2.93834553e-01 
  4.60000000e-01  -5.49589318e-02   2.30959623e-01   3.12868342e-01   1.09196237e-01  -2.93870160e-01  -3.16669266e-01   3.04814167e-01  -2.93870160e-01 
  4.50000000e-01  -5.49644945e-02   2.30967896e-01   3.12885868e-01   1.09196168e-01  -2.93908158e-01  -3.16705511e-01   3.04836354e-01  -2.93908158e-01 
  4.40000000e-01  -5.49704556e-02   2.30976714e-01   3.12904564e-01   1.09196079e-01  -2.93948768e-01  -3.16744245e-01   3.04860029e-01  -2.93948768e-01 
  4.30000000e-01  -5.49768543e-02   2.30986127e-01   3.12924538e-01   1.09195965e-01  -2.93992232e-01  -3.16785701e-01   3.04885327e-01  -2.93992232e-01 
  4.20000000e-01  -5.49837349e-02   2.30996186e-01   3.12945906e-01   1.09195821e-01  -2.94038826e-01  -3.16830139e-01   3.04912398e-01  -2.94038826e-01 
  4.10000000e-01  -5.49911474e-02   2.31006952e-01   3.12968800e-01   1.09195643e-01  -2.94088856e-01  -3.16877852e-01   3.04941410e-01  -2.94088856e-01 
  4.00000000e-01  -5.49991485e-02   2.31018492e-01   3.12993368e-01   1.09195424e-01  -2.94142668e-01  -3.16929171e-01   3.04972553e-01  -2.94142668e-01 
  3.90000000e-01  -5.50078028e-02   2.31030881e-01   3.13019774e-01   1.09195154e-01  -2.94200654e-01  -3.16984466e-01   3.05006037e-01  -2.94200654e-01 
  3.80000000e-01  -5.50171840e-02   2.31044201e-01   3.13048205e-01   1.09194826e-01  -2.94263255e-01  -3.17044159e-01   3.05042100e-01  -2.94263255e-01 
  3.70000000e-01  -5.50273766e-02   2.31058546e-01   3.13078869e-01   1.09194426e-01  -2.94330974e-01  -3.17108728e-01   3.05081011e-01  -2.94330974e-01 
  3.60000000e-01  -5.50384779e-02   2.31074022e-01   3.13112004e-01   1.09193941e-01  -2.94404383e-01  -3.17178719e-01   3.05123074e-01  -2.94404383e-01 
  3.50000000e-01  -5.50506003e-02   2.31090748e-01   3.13147878e-01   1.09193353e-01  -2.94484137e-01  -3.17254754e-01   3.05168634e-01  -2.94484137e-01 
  3.40000000e-01  -5.50638740e-02   2.31108859e-01   3.13186796e-01   1.09192641e-01  -2.94570989e-01  -3.17337549e-01   3.05218085e-01  -2.94570989e-01 
  3.30000000e-01  -5.50784512e-02   2.31128507e-01   3.13229107e-01   1.09191777e-01  -2.94665803e-01  -3.17427928e-01   3.05271875e-01  -2.94665803e-01 
  3.20000000e-01  -5.50945101e-02   2.31149865e-01   3.13275208e-01   1.09190728e-01  -2.94769583e-01  -3.17526844e-01   3.05330518e-01  -2.94769583e-01 
  3.10000000e-01  -5.51122605e-02   2.31173130e-01   3.13325557e-01   1.09189454e-01  -2.94883493e-01  -3.17635404e-01   3.05394605e-01  -2.94883493e-01 
  3.00000000e-01  -5.51319513e-02   2.31198528e-01   3.13380680e-01   1.09187903e-01  -2.95008891e-01  -3.17754902e-01   3.05464819e-01  -2.95008891e-01 
  2.90000000e-01  -5.51538788e-02   2.31226316e-01   3.13441184e-01   1.09186008e-01  -2.95147374e-01  -3.17886853e-01   3.05541948e-01  -2.95147374e-01 
  2.80000000e-01  -5.51783987e-02   2.31256788e-01   3.13507775e-01   1.09183687e-01  -2.95300821e-01  -3.18033045e-01   3.05626909e-01  -2.95300821e-01 
  2.70000000e-01  -5.52059406e-02   2.31290282e-01   3.13581270e-01   1.09180832e-01  -2.95471463e-01  -3.18195596e-01   3.05720773e-01  -2.95471463e-01 
  2.60000000e-01  -5.52370276e-02   2.31327187e-01   3.13662626e-01   1.09177308e-01  -2.95661958e-01  -3.18377032e-01   3.05824791e-01  -2.95661958e-01 
  2.50000000e-01  -5.52723010e-02   2.31367949e-01   3.13752964e-01   1.09172933e-01  -2.95875501e-01  -3.18580386e-01   3.05940436e-01  -2.95875501e-01 
  2.40000000e-01  -5.53125548e-02   2.31413081e-01   3.13853597e-01   1.09167474e-01  -2.96115949e-01  -3.18809319e-01   3.06069443e-01  -2.96115949e-01 
  2.30000000e-01  -5.53587806e-02   2.31463170e-01   3.13966078e-01   1.09160620e-01  -2.96387998e-01  -3.19068288e-01   3.06213872e-01  -2.96387998e-01 
  2.20000000e-01  -5.54122297e-02   2.31518890e-01   3.14092240e-01   1.09151956e-01  -2.96697411e-01  -3.19362758e-01   3.06376168e-01  -2.96697411e-01 
  2.10000000e-01  -5.54744977e-02   2.31581002e-01   3.14234253e-01   1.09140919e-01  -2.97051317e-01  -3.19699487e-01   3.06559251e-01  -2.97051317e-01 
  2.00000000e-01  -5.55476442e-02   2.31650364e-01   3.14394696e-01   1.09126741e-01  -2.97458614e-01  -3.20086907e-01   3.06766613e-01  -2.97458614e-01 
  1.90000000e-01  -5.56343608e-02   2.31727920e-01   3.14576627e-01   1.09108362e-01  -2.97930523e-01  -3.20535646e-01   3.07002445e-01  -2.97930523e-01 
  1.80000000e-01  -5.57382136e-02   2.31814677e-01   3.14783668e-01   1.09084294e-01  -2.98481341e-01  -3.21059234e-01   3.07271775e-01  -2.98481341e-01 
  1.70000000e-01  -5.58639971e-02   2.31911649e-01   3.15020091e-01   1.09052425e-01  -2.99129494e-01  -3.21675098e-01   3.07580638e-01  -2.99129494e-01 
  1.60000000e-01  -5.60182577e-02   2.32019744e-01   3.15290889e-01   1.09009717e-01  -2.99899016e-01  -3.22405957e-01   3.07936244e-01  -2.99899016e-01 
  1.50000000e-01  -5.62100798e-02   2.32139546e-01   3.15601793e-01   1.08951738e-01  -3.00821680e-01  -3.23281814e-01   3.08347142e-01  -3.00821680e-01 
  1.40000000e-01  -5.64522790e-02   2.32270918e-01   3.15959195e-01   1.08871938e-01  -3.01940052e-01  -3.24342831e-01   3.08823314e-01  -3.01940052e-01 
  1.30000000e-01  -5.67632207e-02   2.32412319e-01   3.16369857e-01   1.08760536e-01  -3.03311957e-01  -3.25643508e-01   3.09376108e-01  -3.03311957e-01 
  1.20000000e-01  -5.71695764e-02   2.32559657e-01   3.16840264e-01   1.08602845e-01  -3.05016980e-01  -3.27258753e-01   3.10017870e-01  -3.05016980e-01 
  1.10000000e-01  -5.77103667e-02   2.32704561e-01   3.17375463e-01   1.08376918e-01  -3.07165789e-01  -3.29292553e-01   3.10761074e-01  -3.07165789e-01 
  1.00000000e-01  -5.84423622e-02   2.32832274e-01   3.17977560e-01   1.08050856e-01  -3.09912824e-01  -3.31889672e-01   3.11617049e-01  -3.09912824e-01 
  9.00000000e-02  -5.94454106e-02   2.32920980e-01   3.18645463e-01   1.07581931e-01  -3.13471131e-01  -3.35249009e-01   3.12595686e-01  -3.13471131e-01 
  8.00000000e-02  -6.08209527e-02   2.32949712e-01   3.19382663e-01   1.06925531e-01  -3.18121503e-01  -3.39630743e-01   3.13712404e-01  -3.18121503e-01 
  7.00000000e-02  -6.26622732e-02   2.32936762e-01   3.20234220e-01   1.06077773e-01  -3.24189604e-01  -3.45331236e-01   3.15022528e-01  -3.24189604e-01 
  6.00000000e-02  -6.49462112e-02   2.33059805e-01   3.21403024e-01   1.05206535e-01  -3.31928431e-01  -3.52564454e-01   3.16731267e-01  -3.31928431e-01 
  5.00000000e-02  -6.72802766e-02   2.33928090e-01   3.23514115e-01   1.04947051e-01  -3.41226019e-01  -3.61171943e-01   3.19444796e-01  -3.41226019e-01 
  4.00000000e-02  -6.85509728e-02   2.36979950e-01   3.28000894e-01   1.06849352e-01  -3.51221792e-01  -3.70240257e-01   3.24529700e-01  -3.51221792e-01 
  3.00000000e-02  -6.68095583e-02   2.44760817e-01   3.37388473e-01   1.13795879e-01  -3.60422309e-01  -3.78175536e-01   3.34337372e-01  -3.60422309e-01 
  2.00000000e-02  -6.02403167e-02   2.61089062e-01   3.55607962e-01   1.30745126e-01  -3.69898597e-01  -3.85493879e-01   3.52300449e-01  -3.69898597e-01 
  1.00000000e-02  -2.36523017e-01   5.86498738e+00   5.84590284e+00   5.82295085e+00  -7.80595311e+00  -7.81798875e+00   6.03084229e+00  -7.80595311e+00 
