deltaK          4-5           4-8             1-6            3-4               3-2           3-7             6-5              6-8               2-1           7-1
      0.00000000  3.51894367e-01  3.51894367e-01  3.08394011e-01  3.08394011e-01  7.13932110e-03  7.13932110e-03 -7.13932110e-03 -7.13932110e-03  3.51894367e-01  3.51894367e-01
      0.01000000  3.52685925e-01  3.52685925e-01  3.07503902e-01  3.05466486e-01  6.77340331e-03  6.77340331e-03 -7.41685358e-03 -7.41685358e-03  3.51291959e-01  3.51291959e-01
      0.02000000  3.53464484e-01  3.53464484e-01  3.06635105e-01  3.02600918e-01  6.41512322e-03  6.41512322e-03 -7.68868970e-03 -7.68868970e-03  3.50703863e-01  3.50703863e-01
      0.03000000  3.54230433e-01  3.54230433e-01  3.05786801e-01  2.99795110e-01  6.06422325e-03  6.06422325e-03 -7.95501610e-03 -7.95501610e-03  3.50129535e-01  3.50129535e-01
      0.04000000  3.54984146e-01  3.54984146e-01  3.04958215e-01  2.97046977e-01  5.72045853e-03  5.72045853e-03 -8.21601051e-03 -8.21601051e-03  3.49568460e-01  3.49568460e-01
      0.05000000  3.55725976e-01  3.55725976e-01  3.04148615e-01  2.94354543e-01  5.38359610e-03  5.38359610e-03 -8.47184228e-03 -8.47184228e-03  3.49020150e-01  3.49020150e-01
      0.06000000  3.56456262e-01  3.56456262e-01  3.03357308e-01  2.91715930e-01  5.05341409e-03  5.05341409e-03 -8.72267293e-03 -8.72267293e-03  3.48484143e-01  3.48484143e-01
      0.07000000  3.57175328e-01  3.57175328e-01  3.02583637e-01  2.89129355e-01  4.72970097e-03  4.72970097e-03 -8.96865669e-03 -8.96865669e-03  3.47960002e-01  3.47960002e-01
      0.08000000  3.57883484e-01  3.57883484e-01  3.01826978e-01  2.86593119e-01  4.41225495e-03  4.41225495e-03 -9.20994090e-03 -9.20994090e-03  3.47447312e-01  3.47447312e-01
      0.09000000  3.58581025e-01  3.58581025e-01  3.01086740e-01  2.84105607e-01  4.10088333e-03  4.10088333e-03 -9.44666644e-03 -9.44666644e-03  3.46945676e-01  3.46945676e-01
      0.10000000  3.59268236e-01  3.59268236e-01  3.00362359e-01  2.81665276e-01  3.79540197e-03  3.79540197e-03 -9.67896814e-03 -9.67896814e-03  3.46454719e-01  3.46454719e-01
      0.11000000  3.59945388e-01  3.59945388e-01  2.99653300e-01  2.79270656e-01  3.49563473e-03  3.49563473e-03 -9.90697510e-03 -9.90697510e-03  3.45974084e-01  3.45974084e-01
      0.12000000  3.60612741e-01  3.60612741e-01  2.98959054e-01  2.76920343e-01  3.20141307e-03  3.20141307e-03 -1.01308111e-02 -1.01308111e-02  3.45503429e-01  3.45503429e-01
      0.13000000  3.61270548e-01  3.61270548e-01  2.98279133e-01  2.74612997e-01  2.91257554e-03  2.91257554e-03 -1.03505947e-02 -1.03505947e-02  3.45042431e-01  3.45042431e-01
      0.14000000  3.61919047e-01  3.61919047e-01  2.97613076e-01  2.72347335e-01  2.62896742e-03  2.62896742e-03 -1.05664398e-02 -1.05664398e-02  3.44590778e-01  3.44590778e-01
      0.15000000  3.62558471e-01  3.62558471e-01  2.96960439e-01  2.70122128e-01  2.35044032e-03  2.35044032e-03 -1.07784556e-02 -1.07784556e-02  3.44148175e-01  3.44148175e-01
      0.16000000  3.63189042e-01  3.63189042e-01  2.96320801e-01  2.67936203e-01  2.07685185e-03  2.07685185e-03 -1.09867473e-02 -1.09867473e-02  3.43714340e-01  3.43714340e-01
      0.17000000  3.63810974e-01  3.63810974e-01  2.95693757e-01  2.65788433e-01  1.80806528e-03  1.80806528e-03 -1.11914157e-02 -1.11914157e-02  3.43289001e-01  3.43289001e-01
      0.18000000  3.64424475e-01  3.64424475e-01  2.95078922e-01  2.63677739e-01  1.54394924e-03  1.54394924e-03 -1.13925580e-02 -1.13925580e-02  3.42871900e-01  3.42871900e-01
      0.19000000  3.65029741e-01  3.65029741e-01  2.94475925e-01  2.61603084e-01  1.28437747e-03  1.28437747e-03 -1.15902675e-02 -1.15902675e-02  3.42462790e-01  3.42462790e-01
      0.20000000  3.65626967e-01  3.65626967e-01  2.93884413e-01  2.59563474e-01  1.02922849e-03  1.02922849e-03 -1.17846342e-02 -1.17846342e-02  3.42061433e-01  3.42061433e-01
      0.21000000  3.66216335e-01  3.66216335e-01  2.93304048e-01  2.57557954e-01  7.78385443e-04  7.78385443e-04 -1.19757448e-02 -1.19757448e-02  3.41667601e-01  3.41667601e-01
      0.22000000  3.66798026e-01  3.66798026e-01  2.92734503e-01  2.55585607e-01  5.31735781e-04  5.31735781e-04 -1.21636827e-02 -1.21636827e-02  3.41281076e-01  3.41281076e-01
      0.23000000  3.67372211e-01  3.67372211e-01  2.92175467e-01  2.53645549e-01  2.89171106e-04  2.89171106e-04 -1.23485284e-02 -1.23485284e-02  3.40901650e-01  3.40901650e-01
      0.24000000  3.67939057e-01  3.67939057e-01  2.91626640e-01  2.51736931e-01  5.05869472e-05  5.05869472e-05 -1.25303597e-02 -1.25303597e-02  3.40529120e-01  3.40529120e-01
      0.25000000  3.68498726e-01  3.68498726e-01  2.91087736e-01  2.49858936e-01 -1.84117422e-04 -1.84117422e-04 -1.27092514e-02 -1.27092514e-02  3.40163295e-01  3.40163295e-01
      0.26000000  3.69051372e-01  3.69051372e-01  2.90558477e-01  2.48010777e-01 -4.15039163e-04 -4.15039163e-04 -1.28852758e-02 -1.28852758e-02  3.39803988e-01  3.39803988e-01
      0.27000000  3.69597148e-01  3.69597148e-01  2.90038599e-01  2.46191696e-01 -6.42272041e-04 -6.42272041e-04 -1.30585030e-02 -1.30585030e-02  3.39451020e-01  3.39451020e-01
      0.28000000  3.70136198e-01  3.70136198e-01  2.89527845e-01  2.44400961e-01 -8.65906576e-04 -8.65906576e-04 -1.32290003e-02 -1.32290003e-02  3.39104221e-01  3.39104221e-01
      0.29000000  3.70668665e-01  3.70668665e-01  2.89025971e-01  2.42637867e-01 -1.08603020e-03 -1.08603020e-03 -1.33968331e-02 -1.33968331e-02  3.38763424e-01  3.38763424e-01
      0.30000000  3.71194684e-01  3.71194684e-01  2.88532739e-01  2.40901734e-01 -1.30272737e-03 -1.30272737e-03 -1.35620644e-02 -1.35620644e-02  3.38428471e-01  3.38428471e-01
      0.31000000  3.71714390e-01  3.71714390e-01  2.88047921e-01  2.39191905e-01 -1.51607975e-03 -1.51607975e-03 -1.37247553e-02 -1.37247553e-02  3.38099209e-01  3.38099209e-01
      0.32000000  3.72227909e-01  3.72227909e-01  2.87571298e-01  2.37507746e-01 -1.72616629e-03 -1.72616629e-03 -1.38849648e-02 -1.38849648e-02  3.37775489e-01  3.37775489e-01
      0.33000000  3.72735368e-01  3.72735368e-01  2.87102658e-01  2.35848646e-01 -1.93306334e-03 -1.93306334e-03 -1.40427501e-02 -1.40427501e-02  3.37457169e-01  3.37457169e-01
      0.34000000  3.73236887e-01  3.73236887e-01  2.86641798e-01  2.34214011e-01 -2.13684480e-03 -2.13684480e-03 -1.41981666e-02 -1.41981666e-02  3.37144111e-01  3.37144111e-01
      0.35000000  3.73732583e-01  3.73732583e-01  2.86188519e-01  2.32603270e-01 -2.33758219e-03 -2.33758219e-03 -1.43512678e-02 -1.43512678e-02  3.36836184e-01  3.36836184e-01
      0.36000000  3.74222570e-01  3.74222570e-01  2.85742633e-01  2.31015870e-01 -2.53534477e-03 -2.53534477e-03 -1.45021058e-02 -1.45021058e-02  3.36533258e-01  3.36533258e-01
      0.37000000  3.74706960e-01  3.74706960e-01  2.85303954e-01  2.29451275e-01 -2.73019963e-03 -2.73019963e-03 -1.46507308e-02 -1.46507308e-02  3.36235211e-01  3.36235211e-01
      0.38000000  3.75185860e-01  3.75185860e-01  2.84872308e-01  2.27908967e-01 -2.92221175e-03 -2.92221175e-03 -1.47971917e-02 -1.47971917e-02  3.35941923e-01  3.35941923e-01
      0.39000000  3.75659374e-01  3.75659374e-01  2.84447521e-01  2.26388444e-01 -3.11144413e-03 -3.11144413e-03 -1.49415358e-02 -1.49415358e-02  3.35653278e-01  3.35653278e-01
      0.40000000  3.76127605e-01  3.76127605e-01  2.84029428e-01  2.24889221e-01 -3.29795785e-03 -3.29795785e-03 -1.50838091e-02 -1.50838091e-02  3.35369164e-01  3.35369164e-01
      0.41000000  3.76590650e-01  3.76590650e-01  2.83617870e-01  2.23410827e-01 -3.48181213e-03 -3.48181213e-03 -1.52240561e-02 -1.52240561e-02  3.35089475e-01  3.35089475e-01
      0.42000000  3.77048606e-01  3.77048606e-01  2.83212691e-01  2.21952805e-01 -3.66306442e-03 -3.66306442e-03 -1.53623200e-02 -1.53623200e-02  3.34814105e-01  3.34814105e-01
      0.43000000  3.77501566e-01  3.77501566e-01  2.82813742e-01  2.20514715e-01 -3.84177049e-03 -3.84177049e-03 -1.54986429e-02 -1.54986429e-02  3.34542953e-01  3.34542953e-01
      0.44000000  3.77949621e-01  3.77949621e-01  2.82420877e-01  2.19096127e-01 -4.01798443e-03 -4.01798443e-03 -1.56330656e-02 -1.56330656e-02  3.34275922e-01  3.34275922e-01
      0.45000000  3.78392861e-01  3.78392861e-01  2.82033957e-01  2.17696626e-01 -4.19175880e-03 -4.19175880e-03 -1.57656275e-02 -1.57656275e-02  3.34012916e-01  3.34012916e-01
      0.46000000  3.78831371e-01  3.78831371e-01  2.81652845e-01  2.16315807e-01 -4.36314462e-03 -4.36314462e-03 -1.58963673e-02 -1.58963673e-02  3.33753845e-01  3.33753845e-01
      0.47000000  3.79265235e-01  3.79265235e-01  2.81277409e-01  2.14953280e-01 -4.53219144e-03 -4.53219144e-03 -1.60253224e-02 -1.60253224e-02  3.33498619e-01  3.33498619e-01
      0.48000000  3.79694535e-01  3.79694535e-01  2.80907523e-01  2.13608664e-01 -4.69894741e-03 -4.69894741e-03 -1.61525290e-02 -1.61525290e-02  3.33247153e-01  3.33247153e-01
      0.49000000  3.80119350e-01  3.80119350e-01  2.80543062e-01  2.12281591e-01 -4.86345936e-03 -4.86345936e-03 -1.62780226e-02 -1.62780226e-02  3.32999361e-01  3.32999361e-01
      0.50000000  3.80539759e-01  3.80539759e-01  2.80183906e-01  2.10971701e-01 -5.02577276e-03 -5.02577276e-03 -1.64018376e-02 -1.64018376e-02  3.32755164e-01  3.32755164e-01
      0.51000000  3.80955837e-01  3.80955837e-01  2.79829939e-01  2.09678647e-01 -5.18593186e-03 -5.18593186e-03 -1.65240073e-02 -1.65240073e-02  3.32514484e-01  3.32514484e-01
      0.52000000  3.81367658e-01  3.81367658e-01  2.79481049e-01  2.08402089e-01 -5.34397968e-03 -5.34397968e-03 -1.66445644e-02 -1.66445644e-02  3.32277243e-01  3.32277243e-01
      0.53000000  3.81775295e-01  3.81775295e-01  2.79137124e-01  2.07141699e-01 -5.49995807e-03 -5.49995807e-03 -1.67635405e-02 -1.67635405e-02  3.32043368e-01  3.32043368e-01
      0.54000000  3.82178816e-01  3.82178816e-01  2.78798060e-01  2.05897156e-01 -5.65390777e-03 -5.65390777e-03 -1.68809665e-02 -1.68809665e-02  3.31812786e-01  3.31812786e-01
      0.55000000  3.82578291e-01  3.82578291e-01  2.78463754e-01  2.04668151e-01 -5.80586841e-03 -5.80586841e-03 -1.69968724e-02 -1.69968724e-02  3.31585429e-01  3.31585429e-01
      0.56000000  3.82973787e-01  3.82973787e-01  2.78134103e-01  2.03454379e-01 -5.95587856e-03 -5.95587856e-03 -1.71112873e-02 -1.71112873e-02  3.31361229e-01  3.31361229e-01
      0.57000000  3.83365369e-01  3.83365369e-01  2.77809013e-01  2.02255547e-01 -6.10397580e-03 -6.10397580e-03 -1.72242398e-02 -1.72242398e-02  3.31140119e-01  3.31140119e-01
      0.58000000  3.83753101e-01  3.83753101e-01  2.77488387e-01  2.01071367e-01 -6.25019670e-03 -6.25019670e-03 -1.73357577e-02 -1.73357577e-02  3.30922036e-01  3.30922036e-01
      0.59000000  3.84137045e-01  3.84137045e-01  2.77172134e-01  1.99901561e-01 -6.39457690e-03 -6.39457690e-03 -1.74458679e-02 -1.74458679e-02  3.30706917e-01  3.30706917e-01
      0.60000000  3.84517262e-01  3.84517262e-01  2.76860164e-01  1.98745857e-01 -6.53715112e-03 -6.53715112e-03 -1.75545968e-02 -1.75545968e-02  3.30494703e-01  3.30494703e-01
      0.61000000  3.84893812e-01  3.84893812e-01  2.76552391e-01  1.97603990e-01 -6.67795317e-03 -6.67795317e-03 -1.76619701e-02 -1.76619701e-02  3.30285334e-01  3.30285334e-01
      0.62000000  3.85266751e-01  3.85266751e-01  2.76248730e-01  1.96475703e-01 -6.81701603e-03 -6.81701603e-03 -1.77680128e-02 -1.77680128e-02  3.30078753e-01  3.30078753e-01
      0.63000000  3.85636138e-01  3.85636138e-01  2.75949099e-01  1.95360744e-01 -6.95437184e-03 -6.95437184e-03 -1.78727493e-02 -1.78727493e-02  3.29874905e-01  3.29874905e-01
      0.64000000  3.86002028e-01  3.86002028e-01  2.75653417e-01  1.94258870e-01 -7.09005194e-03 -7.09005194e-03 -1.79762035e-02 -1.79762035e-02  3.29673735e-01  3.29673735e-01
      0.65000000  3.86364474e-01  3.86364474e-01  2.75361608e-01  1.93169840e-01 -7.22408687e-03 -7.22408687e-03 -1.80783985e-02 -1.80783985e-02  3.29475191e-01  3.29475191e-01
      0.66000000  3.86723530e-01  3.86723530e-01  2.75073595e-01  1.92093424e-01 -7.35650644e-03 -7.35650644e-03 -1.81793571e-02 -1.81793571e-02  3.29279222e-01  3.29279222e-01
      0.67000000  3.87079247e-01  3.87079247e-01  2.74789304e-01  1.91029394e-01 -7.48733972e-03 -7.48733972e-03 -1.82791013e-02 -1.82791013e-02  3.29085778e-01  3.29085778e-01
      0.68000000  3.87431677e-01  3.87431677e-01  2.74508664e-01  1.89977529e-01 -7.61661509e-03 -7.61661509e-03 -1.83776527e-02 -1.83776527e-02  3.28894810e-01  3.28894810e-01
      0.69000000  3.87780869e-01  3.87780869e-01  2.74231605e-01  1.88937614e-01 -7.74436021e-03 -7.74436021e-03 -1.84750324e-02 -1.84750324e-02  3.28706271e-01  3.28706271e-01
      0.70000000  3.88126871e-01  3.88126871e-01  2.73958058e-01  1.87909438e-01 -7.87060212e-03 -7.87060212e-03 -1.85712609e-02 -1.85712609e-02  3.28520114e-01  3.28520114e-01
      0.71000000  3.88469732e-01  3.88469732e-01  2.73687957e-01  1.86892795e-01 -7.99536717e-03 -7.99536717e-03 -1.86663584e-02 -1.86663584e-02  3.28336296e-01  3.28336296e-01
      0.72000000  3.88809496e-01  3.88809496e-01  2.73421238e-01  1.85887487e-01 -8.11868113e-03 -8.11868113e-03 -1.87603445e-02 -1.87603445e-02  3.28154771e-01  3.28154771e-01
      0.73000000  3.89146211e-01  3.89146211e-01  2.73157837e-01  1.84893316e-01 -8.24056913e-03 -8.24056913e-03 -1.88532382e-02 -1.88532382e-02  3.27975497e-01  3.27975497e-01
      0.74000000  3.89479920e-01  3.89479920e-01  2.72897692e-01  1.83910092e-01 -8.36105574e-03 -8.36105574e-03 -1.89450584e-02 -1.89450584e-02  3.27798434e-01  3.27798434e-01
      0.75000000  3.89810667e-01  3.89810667e-01  2.72640745e-01  1.82937629e-01 -8.48016494e-03 -8.48016494e-03 -1.90358233e-02 -1.90358233e-02  3.27623539e-01  3.27623539e-01
      0.76000000  3.90138494e-01  3.90138494e-01  2.72386936e-01  1.81975745e-01 -8.59792016e-03 -8.59792016e-03 -1.91255508e-02 -1.91255508e-02  3.27450774e-01  3.27450774e-01
      0.77000000  3.90463445e-01  3.90463445e-01  2.72136209e-01  1.81024261e-01 -8.71434431e-03 -8.71434431e-03 -1.92142583e-02 -1.92142583e-02  3.27280100e-01  3.27280100e-01
      0.78000000  3.90785559e-01  3.90785559e-01  2.71888507e-01  1.80083005e-01 -8.82945976e-03 -8.82945976e-03 -1.93019629e-02 -1.93019629e-02  3.27111479e-01  3.27111479e-01
      0.79000000  3.91104876e-01  3.91104876e-01  2.71643777e-01  1.79151806e-01 -8.94328838e-03 -8.94328838e-03 -1.93886813e-02 -1.93886813e-02  3.26944874e-01  3.26944874e-01
      0.80000000  3.91421437e-01  3.91421437e-01  2.71401966e-01  1.78230498e-01 -9.05585156e-03 -9.05585156e-03 -1.94744299e-02 -1.94744299e-02  3.26780251e-01  3.26780251e-01
      0.81000000  3.91735279e-01  3.91735279e-01  2.71163021e-01  1.77318920e-01 -9.16717019e-03 -9.16717019e-03 -1.95592245e-02 -1.95592245e-02  3.26617573e-01  3.26617573e-01
      0.82000000  3.92046441e-01  3.92046441e-01  2.70926893e-01  1.76416912e-01 -9.27726472e-03 -9.27726472e-03 -1.96430808e-02 -1.96430808e-02  3.26456806e-01  3.26456806e-01
      0.83000000  3.92354959e-01  3.92354959e-01  2.70693531e-01  1.75524320e-01 -9.38615513e-03 -9.38615513e-03 -1.97260140e-02 -1.97260140e-02  3.26297918e-01  3.26297918e-01
      0.84000000  3.92660870e-01  3.92660870e-01  2.70462889e-01  1.74640993e-01 -9.49386097e-03 -9.49386097e-03 -1.98080392e-02 -1.98080392e-02  3.26140875e-01  3.26140875e-01
      0.85000000  3.92964209e-01  3.92964209e-01  2.70234919e-01  1.73766782e-01 -9.60040137e-03 -9.60040137e-03 -1.98891708e-02 -1.98891708e-02  3.25985645e-01  3.25985645e-01
      0.86000000  3.93265012e-01  3.93265012e-01  2.70009574e-01  1.72901543e-01 -9.70579503e-03 -9.70579503e-03 -1.99694232e-02 -1.99694232e-02  3.25832199e-01  3.25832199e-01
      0.87000000  3.93563312e-01  3.93563312e-01  2.69786811e-01  1.72045133e-01 -9.81006027e-03 -9.81006027e-03 -2.00488104e-02 -2.00488104e-02  3.25680504e-01  3.25680504e-01
      0.88000000  3.93859143e-01  3.93859143e-01  2.69566586e-01  1.71197413e-01 -9.91321499e-03 -9.91321499e-03 -2.01273461e-02 -2.01273461e-02  3.25530532e-01  3.25530532e-01
      0.89000000  3.94152538e-01  3.94152538e-01  2.69348854e-01  1.70358249e-01 -1.00152767e-02 -1.00152767e-02 -2.02050436e-02 -2.02050436e-02  3.25382253e-01  3.25382253e-01
      0.90000000  3.94443530e-01  3.94443530e-01  2.69133576e-01  1.69527507e-01 -1.01162627e-02 -1.01162627e-02 -2.02819162e-02 -2.02819162e-02  3.25235640e-01  3.25235640e-01
      0.91000000  3.94732149e-01  3.94732149e-01  2.68920710e-01  1.68705058e-01 -1.02161896e-02 -1.02161896e-02 -2.03579766e-02 -2.03579766e-02  3.25090664e-01  3.25090664e-01
      0.92000000  3.95018428e-01  3.95018428e-01  2.68710215e-01  1.67890773e-01 -1.03150739e-02 -1.03150739e-02 -2.04332374e-02 -2.04332374e-02  3.24947298e-01  3.24947298e-01
      0.93000000  3.95302397e-01  3.95302397e-01  2.68502053e-01  1.67084529e-01 -1.04129318e-02 -1.04129318e-02 -2.05077111e-02 -2.05077111e-02  3.24805516e-01  3.24805516e-01
      0.94000000  3.95584085e-01  3.95584085e-01  2.68296185e-01  1.66286203e-01 -1.05097790e-02 -1.05097790e-02 -2.05814095e-02 -2.05814095e-02  3.24665292e-01  3.24665292e-01
      0.95000000  3.95863523e-01  3.95863523e-01  2.68092574e-01  1.65495677e-01 -1.06056310e-02 -1.06056310e-02 -2.06543446e-02 -2.06543446e-02  3.24526601e-01  3.24526601e-01
      0.96000000  3.96140739e-01  3.96140739e-01  2.67891184e-01  1.64712832e-01 -1.07005029e-02 -1.07005029e-02 -2.07265280e-02 -2.07265280e-02  3.24389417e-01  3.24389417e-01
      0.97000000  3.96415761e-01  3.96415761e-01  2.67691979e-01  1.63937554e-01 -1.07944095e-02 -1.07944095e-02 -2.07979710e-02 -2.07979710e-02  3.24253717e-01  3.24253717e-01
      0.98000000  3.96688618e-01  3.96688618e-01  2.67494923e-01  1.63169732e-01 -1.08873654e-02 -1.08873654e-02 -2.08686847e-02 -2.08686847e-02  3.24119477e-01  3.24119477e-01
      0.99000000  3.96959336e-01  3.96959336e-01  2.67299982e-01  1.62409254e-01 -1.09793847e-02 -1.09793847e-02 -2.09386801e-02 -2.09386801e-02  3.23986673e-01  3.23986673e-01
      1.00000000  3.97227943e-01  3.97227943e-01  2.67107124e-01  1.61656014e-01 -1.10704815e-02 -1.10704815e-02 -2.10079677e-02 -2.10079677e-02  3.23855283e-01  3.23855283e-01
