        deltaK          4-5           4-8             1-6            3-4               3-2           3-7             6-5              6-8               2-1           7-1
      0.00000000  4.22986488e-01  4.22986488e-01  4.22986488e-01  4.22986488e-01 -1.62561684e-15 -1.62561684e-15  1.34290087e-15  1.34290087e-15  4.22986488e-01  4.22986488e-01
      0.01000000  4.24874734e-01  4.24874734e-01  4.19339966e-01  4.14713876e-01 -4.46967674e-04 -4.46967674e-04 -4.46967674e-04 -4.46967674e-04  4.21142580e-01  4.21142580e-01
      0.02000000  4.26685847e-01  4.26685847e-01  4.16066410e-01  4.07103362e-01 -8.65445595e-04 -8.65445595e-04 -8.65445595e-04 -8.65445595e-04  4.19453690e-01  4.19453690e-01
      0.03000000  4.28433650e-01  4.28433650e-01  4.13091938e-01  4.00032065e-01 -1.25978402e-03 -1.25978402e-03 -1.25978402e-03 -1.25978402e-03  4.17893345e-01  4.17893345e-01
      0.04000000  4.30128215e-01  4.30128215e-01  4.10364186e-01  3.93411750e-01 -1.63318017e-03 -1.63318017e-03 -1.63318017e-03 -1.63318017e-03  4.16442140e-01  4.16442140e-01
      0.05000000  4.31777182e-01  4.31777182e-01  4.07844461e-01  3.87176421e-01 -1.98807838e-03 -1.98807838e-03 -1.98807838e-03 -1.98807838e-03  4.15085298e-01  4.15085298e-01
      0.06000000  4.33386540e-01  4.33386540e-01  4.05503227e-01  3.81275115e-01 -2.32640561e-03 -2.32640561e-03 -2.32640561e-03 -2.32640561e-03  4.13811238e-01  4.13811238e-01
      0.07000000  4.34961110e-01  4.34961110e-01  4.03317343e-01  3.75667457e-01 -2.64971874e-03 -2.64971874e-03 -2.64971874e-03 -2.64971874e-03  4.12610662e-01  4.12610662e-01
      0.08000000  4.36504857e-01  4.36504857e-01  4.01268281e-01  3.70320782e-01 -2.95930098e-03 -2.95930098e-03 -2.95930098e-03 -2.95930098e-03  4.11475960e-01  4.11475960e-01
      0.09000000  4.38021106e-01  4.38021106e-01  3.99340942e-01  3.65208189e-01 -3.25622770e-03 -3.25622770e-03 -3.25622770e-03 -3.25622770e-03  4.10400809e-01  4.10400809e-01
      0.10000000  4.39512691e-01  4.39512691e-01  3.97522833e-01  3.60307193e-01 -3.54141266e-03 -3.54141266e-03 -3.54141266e-03 -3.54141266e-03  4.09379876e-01  4.09379876e-01
      0.11000000  4.40982062e-01  4.40982062e-01  3.95803479e-01  3.55598753e-01 -3.81564153e-03 -3.81564153e-03 -3.81564153e-03 -3.81564153e-03  4.08408619e-01  4.08408619e-01
      0.12000000  4.42431364e-01  4.42431364e-01  3.94174003e-01  3.51066569e-01 -4.07959665e-03 -4.07959665e-03 -4.07959665e-03 -4.07959665e-03  4.07483123e-01  4.07483123e-01
      0.13000000  4.43862500e-01  4.43862500e-01  3.92626804e-01  3.46696546e-01 -4.33387573e-03 -4.33387573e-03 -4.33387573e-03 -4.33387573e-03  4.06599992e-01  4.06599992e-01
      0.14000000  4.45277173e-01  4.45277173e-01  3.91155321e-01  3.42476389e-01 -4.57900625e-03 -4.57900625e-03 -4.57900625e-03 -4.57900625e-03  4.05756254e-01  4.05756254e-01
      0.15000000  4.46676928e-01  4.46676928e-01  3.89753844e-01  3.38395293e-01 -4.81545669e-03 -4.81545669e-03 -4.81545669e-03 -4.81545669e-03  4.04949291e-01  4.04949291e-01
      0.16000000  4.48063174e-01  4.48063174e-01  3.88417375e-01  3.34443695e-01 -5.04364539e-03 -5.04364539e-03 -5.04364539e-03 -5.04364539e-03  4.04176785e-01  4.04176785e-01
      0.17000000  4.49437210e-01  4.49437210e-01  3.87141511e-01  3.30613078e-01 -5.26394767e-03 -5.26394767e-03 -5.26394767e-03 -5.26394767e-03  4.03436672e-01  4.03436672e-01
      0.18000000  4.50800247e-01  4.50800247e-01  3.85922355e-01  3.26895811e-01 -5.47670157e-03 -5.47670157e-03 -5.47670157e-03 -5.47670157e-03  4.02727107e-01  4.02727107e-01
      0.19000000  4.52153419e-01  4.52153419e-01  3.84756438e-01  3.23285029e-01 -5.68221255e-03 -5.68221255e-03 -5.68221255e-03 -5.68221255e-03  4.02046434e-01  4.02046434e-01
      0.20000000  4.53497798e-01  4.53497798e-01  3.83640666e-01  3.19774516e-01 -5.88075730e-03 -5.88075730e-03 -5.88075730e-03 -5.88075730e-03  4.01393163e-01  4.01393163e-01
      0.21000000  4.54834408e-01  4.54834408e-01  3.82572264e-01  3.16358630e-01 -6.07258698e-03 -6.07258698e-03 -6.07258698e-03 -6.07258698e-03  4.00765948e-01  4.00765948e-01
      0.22000000  4.56164231e-01  4.56164231e-01  3.81548739e-01  3.13032220e-01 -6.25792984e-03 -6.25792984e-03 -6.25792984e-03 -6.25792984e-03  4.00163571e-01  4.00163571e-01
      0.23000000  4.57488218e-01  4.57488218e-01  3.80567848e-01  3.09790571e-01 -6.43699340e-03 -6.43699340e-03 -6.43699340e-03 -6.43699340e-03  3.99584928e-01  3.99584928e-01
      0.24000000  4.58807297e-01  4.58807297e-01  3.79627564e-01  3.06629351e-01 -6.60996636e-03 -6.60996636e-03 -6.60996636e-03 -6.60996636e-03  3.99029017e-01  3.99029017e-01
      0.25000000  4.60122379e-01  4.60122379e-01  3.78726056e-01  3.03544565e-01 -6.77702004e-03 -6.77702004e-03 -6.77702004e-03 -6.77702004e-03  3.98494928e-01  3.98494928e-01
      0.26000000  4.61434368e-01  4.61434368e-01  3.77861671e-01  3.00532519e-01 -6.93830974e-03 -6.93830974e-03 -6.93830974e-03 -6.93830974e-03  3.97981836e-01  3.97981836e-01
      0.27000000  4.62744164e-01  4.62744164e-01  3.77032911e-01  2.97589787e-01 -7.09397572e-03 -7.09397572e-03 -7.09397572e-03 -7.09397572e-03  3.97488992e-01  3.97488992e-01
      0.28000000  4.64052672e-01  4.64052672e-01  3.76238426e-01  2.94713181e-01 -7.24414407e-03 -7.24414407e-03 -7.24414407e-03 -7.24414407e-03  3.97015716e-01  3.97015716e-01
      0.29000000  4.65360807e-01  4.65360807e-01  3.75476995e-01  2.91899728e-01 -7.38892737e-03 -7.38892737e-03 -7.38892737e-03 -7.38892737e-03  3.96561394e-01  3.96561394e-01
      0.30000000  4.66669503e-01  4.66669503e-01  3.74747524e-01  2.89146647e-01 -7.52842518e-03 -7.52842518e-03 -7.52842518e-03 -7.52842518e-03  3.96125477e-01  3.96125477e-01
      0.31000000  4.67979717e-01  4.67979717e-01  3.74049028e-01  2.86451330e-01 -7.66272437e-03 -7.66272437e-03 -7.66272437e-03 -7.66272437e-03  3.95707468e-01  3.95707468e-01
      0.32000000  4.69292441e-01  4.69292441e-01  3.73380636e-01  2.83811327e-01 -7.79189934e-03 -7.79189934e-03 -7.79189934e-03 -7.79189934e-03  3.95306931e-01  3.95306931e-01
      0.33000000  4.70608707e-01  4.70608707e-01  3.72741575e-01  2.81224326e-01 -7.91601200e-03 -7.91601200e-03 -7.91601200e-03 -7.91601200e-03  3.94923481e-01  3.94923481e-01
      0.34000000  4.71929594e-01  4.71929594e-01  3.72131174e-01  2.78688142e-01 -8.03511165e-03 -8.03511165e-03 -8.03511165e-03 -8.03511165e-03  3.94556786e-01  3.94556786e-01
      0.35000000  4.73256247e-01  4.73256247e-01  3.71548858e-01  2.76200706e-01 -8.14923468e-03 -8.14923468e-03 -8.14923468e-03 -8.14923468e-03  3.94206564e-01  3.94206564e-01
      0.36000000  4.74589881e-01  4.74589881e-01  3.70994149e-01  2.73760050e-01 -8.25840406e-03 -8.25840406e-03 -8.25840406e-03 -8.25840406e-03  3.93872590e-01  3.93872590e-01
      0.37000000  4.75931795e-01  4.75931795e-01  3.70466664e-01  2.71364298e-01 -8.36262863e-03 -8.36262863e-03 -8.36262863e-03 -8.36262863e-03  3.93554686e-01  3.93554686e-01
      0.38000000  4.77283395e-01  4.77283395e-01  3.69966120e-01  2.69011655e-01 -8.46190211e-03 -8.46190211e-03 -8.46190211e-03 -8.46190211e-03  3.93252734e-01  3.93252734e-01
      0.39000000  4.78646206e-01  4.78646206e-01  3.69492336e-01  2.66700399e-01 -8.55620182e-03 -8.55620182e-03 -8.55620182e-03 -8.55620182e-03  3.92966672e-01  3.92966672e-01
      0.40000000  4.80021898e-01  4.80021898e-01  3.69045241e-01  2.64428869e-01 -8.64548703e-03 -8.64548703e-03 -8.64548703e-03 -8.64548703e-03  3.92696500e-01  3.92696500e-01
      0.41000000  4.81412314e-01  4.81412314e-01  3.68624878e-01  2.62195456e-01 -8.72969685e-03 -8.72969685e-03 -8.72969685e-03 -8.72969685e-03  3.92442286e-01  3.92442286e-01
      0.42000000  4.82819505e-01  4.82819505e-01  3.68231422e-01  2.59998595e-01 -8.80874756e-03 -8.80874756e-03 -8.80874756e-03 -8.80874756e-03  3.92204173e-01  3.92204173e-01
      0.43000000  4.84245771e-01  4.84245771e-01  3.67865191e-01  2.57836750e-01 -8.88252912e-03 -8.88252912e-03 -8.88252912e-03 -8.88252912e-03  3.91982388e-01  3.91982388e-01
      0.44000000  4.85693713e-01  4.85693713e-01  3.67526666e-01  2.55708408e-01 -8.95090079e-03 -8.95090079e-03 -8.95090079e-03 -8.95090079e-03  3.91777256e-01  3.91777256e-01
      0.45000000  4.87166306e-01  4.87166306e-01  3.67216522e-01  2.53612062e-01 -9.01368539e-03 -9.01368539e-03 -9.01368539e-03 -9.01368539e-03  3.91589217e-01  3.91589217e-01
      0.46000000  4.88666984e-01  4.88666984e-01  3.66935659e-01  2.51546197e-01 -9.07066184e-03 -9.07066184e-03 -9.07066184e-03 -9.07066184e-03  3.91418845e-01  3.91418845e-01
      0.47000000  4.90199756e-01  4.90199756e-01  3.66685255e-01  2.49509269e-01 -9.12155521e-03 -9.12155521e-03 -9.12155521e-03 -9.12155521e-03  3.91266880e-01  3.91266880e-01
      0.48000000  4.91769365e-01  4.91769365e-01  3.66466827e-01  2.47499683e-01 -9.16602336e-03 -9.16602336e-03 -9.16602336e-03 -9.16602336e-03  3.91134268e-01  3.91134268e-01
      0.49000000  4.93381500e-01  4.93381500e-01  3.66282323e-01  2.45515760e-01 -9.20363855e-03 -9.20363855e-03 -9.20363855e-03 -9.20363855e-03  3.91022214e-01  3.91022214e-01
      0.50000000  4.95043094e-01  4.95043094e-01  3.66134252e-01  2.43555695e-01 -9.23386164e-03 -9.23386164e-03 -9.23386164e-03 -9.23386164e-03  3.90932261e-01  3.90932261e-01
      0.51000000  4.96762763e-01  4.96762763e-01  3.66025864e-01  2.41617494e-01 -9.25600476e-03 -9.25600476e-03 -9.25600476e-03 -9.25600476e-03  3.90866402e-01  3.90866402e-01
      0.52000000  4.98551446e-01  4.98551446e-01  3.65961433e-01  2.39698883e-01 -9.26917567e-03 -9.26917567e-03 -9.26917567e-03 -9.26917567e-03  3.90827247e-01  3.90827247e-01
      0.53000000  5.00423413e-01  5.00423413e-01  3.65946685e-01  2.37797173e-01 -9.27219135e-03 -9.27219135e-03 -9.27219135e-03 -9.27219135e-03  3.90818284e-01  3.90818284e-01
      0.54000000  5.02397902e-01  5.02397902e-01  3.65989501e-01  2.35909030e-01 -9.26343732e-03 -9.26343732e-03 -9.26343732e-03 -9.26343732e-03  3.90844305e-01  3.90844305e-01
      0.55000000  5.04501956e-01  5.04501956e-01  3.66101143e-01  2.34030084e-01 -9.24062386e-03 -9.24062386e-03 -9.24062386e-03 -9.24062386e-03  3.90912145e-01  3.90912145e-01
      0.56000000  5.06775762e-01  5.06775762e-01  3.66298548e-01  2.32154199e-01 -9.20032868e-03 -9.20032868e-03 -9.20032868e-03 -9.20032868e-03  3.91032070e-01  3.91032070e-01
      0.57000000  5.09283837e-01  5.09283837e-01  3.66609157e-01  2.30271925e-01 -9.13703971e-03 -9.13703971e-03 -9.13703971e-03 -9.13703971e-03  3.91220685e-01  3.91220685e-01
      0.58000000  5.12142543e-01  5.12142543e-01  3.67082767e-01  2.28366706e-01 -9.04080498e-03 -9.04080498e-03 -9.04080498e-03 -9.04080498e-03  3.91508091e-01  3.91508091e-01
      0.59000000  5.15608186e-01  5.15608186e-01  3.67829530e-01  2.26402682e-01 -8.88972370e-03 -8.88972370e-03 -8.88972370e-03 -8.88972370e-03  3.91960785e-01  3.91960785e-01
      0.60000000  5.20580863e-01  5.20580863e-01  3.69237273e-01  2.24254777e-01 -8.60710039e-03 -8.60710039e-03 -8.60710104e-03 -8.60710104e-03  3.92812569e-01  3.92812569e-01
