      0.00000000  1.24109385e-03  -1.00000000e-02  -1.00000000e-02  -1.24109385e-03   1.00000000e-02   1.00000000e-02  -1.00000000e-02   1.00000000e-02  -4.47796716e-19   3.07945310e-16   8.17143818e-16  -6.54660834e-18  -3.93487994e-16  -6.61709823e-16   3.07945310e-16  -3.93487994e-16 
      0.01000000  1.90673149e-03  -1.00000000e-02  -1.00000000e-02  -1.90673149e-03   1.00000000e-02   1.00000000e-02  -1.00000000e-02   1.00000000e-02   4.58081408e-18   1.09801892e-15   1.10721554e-15   6.65784050e-18   1.10515059e-15   1.09042027e-15   1.09801892e-15   1.10515059e-15 
      0.02000000  2.52235071e-03  -1.00000000e-02  -1.00000000e-02  -2.52235071e-03   1.00000000e-02   1.00000000e-02  -1.00000000e-02   1.00000000e-02   1.68674039e-17   1.10772022e-15   1.10962362e-15   4.48782969e-18   1.09158014e-15   1.07890866e-15   1.10772022e-15   1.09158014e-15 
      0.03000000  3.09078306e-03  -1.00000000e-02  -1.00000000e-02  -3.09078306e-03   1.00000000e-02   1.00000000e-02  -1.00000000e-02   1.00000000e-02   3.31657334e-17   1.10164720e-15   1.05842557e-15   2.18489250e-17   1.09990858e-15   1.08729704e-15   1.10164720e-15   1.09990858e-15 
      0.04000000  3.61488562e-03  -1.00000000e-02  -1.00000000e-02  -3.61488562e-03   1.00000000e-02   1.00000000e-02  -1.00000000e-02   1.00000000e-02   3.38010161e-17   1.10788291e-15   1.08854586e-15   3.46483920e-17   1.09870183e-15   1.08497388e-15   1.10788291e-15   1.09870183e-15 
      0.05000000  4.09751525e-03  -1.00000000e-02  -1.00000000e-02  -4.09751525e-03   1.00000000e-02   1.00000000e-02  -1.00000000e-02   1.00000000e-02   1.24398931e-17   1.09093341e-15   1.10512646e-15   3.32684050e-17   1.08900331e-15   1.07996458e-15   1.09093341e-15   1.08900331e-15 
      0.06000000  4.54149653e-03  -1.00000000e-02  -1.00000000e-02  -4.54149653e-03   1.00000000e-02   1.00000000e-02  -1.00000000e-02   1.00000000e-02   1.88609984e-17   1.10826135e-15   1.06533653e-15   2.44446306e-17   1.09436003e-15   1.10272936e-15   1.10826135e-15   1.09436003e-15 
      0.07000000  4.94959052e-03  -1.00000000e-02  -1.00000000e-02  -4.94959052e-03   1.00000000e-02   1.00000000e-02  -1.00000000e-02   1.00000000e-02   1.89006197e-17   1.10876359e-15   1.08657713e-15   1.42770449e-17   1.09361175e-15   1.10026182e-15   1.10876359e-15   1.09361175e-15 
      0.08000000  5.32446767e-03  -1.00000000e-02  -1.00000000e-02  -5.32446767e-03   1.00000000e-02   1.00000000e-02  -1.00000000e-02   1.00000000e-02   1.27454176e-17   1.10059724e-15   1.09836462e-15   2.52111680e-17   1.09819504e-15   1.08496841e-15   1.10059724e-15   1.09819504e-15 
      0.09000000  5.66868613e-03  -1.00000000e-02  -1.00000000e-02  -5.66868613e-03   1.00000000e-02   1.00000000e-02  -1.00000000e-02   1.00000000e-02   2.28046904e-17   1.09843632e-15   1.10425926e-15   6.30596883e-17   1.10928308e-15   1.08119372e-15   1.09843632e-15   1.10928308e-15 
      0.10000000  5.98467587e-03  -1.00000000e-02  -1.00000000e-02  -5.98467587e-03   1.00000000e-02   1.00000000e-02  -1.00000000e-02   1.00000000e-02   5.97658556e-17   1.09387820e-15   1.10634089e-15   6.45490320e-17   1.08288905e-15   1.10186109e-15   1.09387820e-15   1.08288905e-15 
      0.11000000  6.27472806e-03  -1.00000000e-02  -1.00000000e-02  -6.27472806e-03   1.00000000e-02   1.00000000e-02  -1.00000000e-02   1.00000000e-02   5.95418276e-17   1.10357119e-15   1.10233190e-15   6.93505198e-17   1.09732428e-15   1.05874716e-15   1.10357119e-15   1.09732428e-15 
      0.12000000  6.54098919e-03  -1.00000000e-02  -1.00000000e-02  -6.54098920e-03   1.00000000e-02   1.00000000e-02  -1.00000000e-02   1.00000000e-02   3.77558341e-17   1.10441593e-15   1.10305878e-15   2.98362495e-17   1.10892916e-15   1.09832501e-15   1.10441593e-15   1.10892916e-15 
      0.13000000  6.78545909e-03  -1.00000000e-02  -1.00000000e-02  -6.78545909e-03   1.00000000e-02   1.00000000e-02  -1.00000000e-02   1.00000000e-02   6.14896918e-17   1.10441199e-15   1.08279146e-15   6.37727007e-17   1.09561199e-15   1.08844656e-15   1.10441199e-15   1.09561199e-15 
      0.14000000  7.00999209e-03  -1.00000000e-02  -1.00000000e-02  -7.00999210e-03   1.00000000e-02   1.00000000e-02  -1.00000000e-02   1.00000000e-02   4.84017808e-17   1.10932092e-15   1.08276075e-15   4.99670462e-17   1.09177300e-15   1.09681759e-15   1.10932092e-15   1.09177300e-15 
      0.15000000  7.21630071e-03  -1.00000000e-02  -1.00000000e-02  -7.21630072e-03   1.00000000e-02   1.00000000e-02  -1.00000000e-02   1.00000000e-02   5.08258689e-17   1.10564761e-15   1.10425414e-15   5.83343201e-17   1.10855707e-15   1.06198780e-15   1.10564761e-15   1.10855707e-15 
      0.16000000  7.40596103e-03  -1.00000000e-02  -1.00000000e-02  -7.40596103e-03   1.00000000e-02   1.00000000e-02  -1.00000000e-02   1.00000000e-02   6.79673121e-17   1.10442754e-15   1.09570452e-15   4.80471767e-17   1.09155454e-15   1.07197497e-15   1.10442754e-15   1.09155454e-15 
      0.17000000  7.58041937e-03  -1.00000000e-02  -1.00000000e-02  -7.58041937e-03   1.00000000e-02   1.00000000e-02  -1.00000000e-02   1.00000000e-02   6.90974812e-17   1.10964994e-15   1.05648649e-15   6.74698819e-17   1.09645862e-15   1.08533313e-15   1.10964994e-15   1.09645862e-15 
      0.18000000  7.74099982e-03  -1.00000000e-02  -1.00000000e-02  -7.74099983e-03   1.00000000e-02   1.00000000e-02  -1.00000000e-02   1.00000000e-02   6.59221328e-17   1.10599778e-15   1.09106231e-15   5.84079117e-17   1.08782684e-15   1.10327732e-15   1.10599778e-15   1.08782684e-15 
      0.19000000  7.88891215e-03  -1.00000000e-02  -1.00000000e-02  -7.88891216e-03   1.00000000e-02   1.00000000e-02  -1.00000000e-02   1.00000000e-02   4.55266965e-17   1.09296780e-15   1.09124991e-15   6.75958067e-17   1.10786878e-15   1.07910796e-15   1.09296780e-15   1.10786878e-15 
      0.20000000  8.02525989e-03  -1.00000000e-02  -9.99999999e-03  -8.02525991e-03   1.00000000e-02   1.00000000e-02  -1.00000000e-02   1.00000000e-02   5.63468490e-17   1.09696126e-15   1.09520985e-15   6.48055374e-17   1.09512466e-15   1.08321782e-15   1.09696126e-15   1.09512466e-15 
      0.21000000  8.15104841e-03  -1.00000000e-02  -9.99999999e-03  -8.15104842e-03   1.00000000e-02   1.00000000e-02  -1.00000000e-02   1.00000000e-02   6.93344131e-17   1.10271527e-15   1.09579210e-15   5.59558080e-17   1.09245193e-15   1.06727301e-15   1.10271527e-15   1.09245193e-15 
      0.22000000  8.26719270e-03  -1.00000000e-02  -9.99999999e-03  -8.26719271e-03   1.00000000e-02   1.00000000e-02  -1.00000000e-02   1.00000000e-02   5.94373901e-17   1.09992560e-15   1.07300282e-15   5.85323639e-17   1.10476628e-15   1.09850834e-15   1.09992560e-15   1.10476628e-15 
      0.23000000  8.37452491e-03  -9.99999999e-03  -9.99999999e-03  -8.37452493e-03   1.00000000e-02   1.00000000e-02  -9.99999999e-03   1.00000000e-02   5.76284699e-17   1.10120999e-15   1.10720284e-15   6.88000501e-17   1.10922227e-15   1.07789104e-15   1.10120999e-15   1.10922227e-15 
      0.24000000  8.47380147e-03  -9.99999999e-03  -9.99999999e-03  -8.47380149e-03   1.00000000e-02   1.00000000e-02  -9.99999999e-03   1.00000000e-02   6.39395447e-17   1.09171387e-15   1.08865751e-15   5.89423674e-17   1.10667776e-15   1.08356981e-15   1.09171387e-15   1.10667776e-15 
      0.25000000  8.56570974e-03  -9.99999999e-03  -9.99999999e-03  -8.56570976e-03   1.00000000e-02   1.00000000e-02  -9.99999999e-03   1.00000000e-02   1.36303501e-16   1.09817285e-15   1.06328303e-15   1.21724353e-16   1.10825145e-15   1.08776293e-15   1.09817285e-15   1.10825145e-15 
      0.26000000  8.65087424e-03  -9.99999999e-03  -9.99999999e-03  -8.65087427e-03   1.00000000e-02   1.00000000e-02  -9.99999999e-03   1.00000000e-02   1.09166900e-16   1.10912422e-15   1.04402573e-15   1.35617750e-16   1.10375306e-15   1.10711979e-15   1.10912422e-15   1.10375306e-15 
      0.27000000  8.72986239e-03  -9.99999999e-03  -9.99999999e-03  -8.72986242e-03   1.00000000e-02   1.00000000e-02  -9.99999999e-03   1.00000000e-02   1.35032245e-16   1.09224017e-15   1.09990930e-15   1.10681109e-16   1.10480274e-15   1.08554165e-15   1.09224017e-15   1.10480274e-15 
      0.28000000  8.80318980e-03  -9.99999999e-03  -9.99999999e-03  -8.80318983e-03   1.00000000e-02   1.00000000e-02  -9.99999999e-03   1.00000000e-02   1.30022703e-16   1.08826220e-15   1.09088894e-15   1.36294575e-16   1.10080004e-15   1.07944014e-15   1.08826220e-15   1.10080004e-15 
      0.29000000  8.87132512e-03  -9.99999999e-03  -9.99999998e-03  -8.87132515e-03   1.00000000e-02   1.00000000e-02  -9.99999999e-03   1.00000000e-02   1.20805586e-16   1.10878876e-15   1.08881304e-15   1.34142520e-16   1.09222803e-15   1.09088171e-15   1.10878876e-15   1.09222803e-15 
      0.30000000  8.93469445e-03  -9.99999999e-03  -9.99999998e-03  -8.93469449e-03   1.00000000e-02   1.00000000e-02  -9.99999999e-03   1.00000000e-02   1.15952220e-16   1.10599265e-15   1.07993788e-15   1.31456740e-16   1.10165296e-15   1.08706355e-15   1.10599265e-15   1.10165296e-15 
      0.31000000  8.99368539e-03  -9.99999999e-03  -9.99999998e-03  -8.99368543e-03   1.00000000e-02   1.00000000e-02  -9.99999999e-03   1.00000000e-02   1.30572752e-16   1.10323427e-15   1.08667291e-15   1.36827120e-16   1.09693367e-15   1.07945288e-15   1.10323427e-15   1.09693367e-15 
      0.32000000  9.04865068e-03  -9.99999999e-03  -9.99999998e-03  -9.04865072e-03   1.00000000e-02   1.00000000e-02  -9.99999999e-03   1.00000000e-02   1.12354256e-16   1.10824253e-15   1.09073187e-15   1.02426956e-16   1.10011054e-15   1.07939000e-15   1.10824253e-15   1.10011054e-15 
      0.33000000  9.09991150e-03  -9.99999999e-03  -9.99999998e-03  -9.09991156e-03   1.00000000e-02   1.00000000e-02  -9.99999999e-03   1.00000000e-02   1.36295293e-16   1.10322841e-15   1.07655559e-15   1.34649473e-16   1.09002801e-15   1.08756569e-15   1.10322841e-15   1.09002801e-15 
      0.34000000  9.14776052e-03  -9.99999999e-03  -9.99999997e-03  -9.14776058e-03   1.00000000e-02   1.00000000e-02  -9.99999999e-03   1.00000000e-02   1.36956679e-16   1.10892640e-15   1.10079092e-15   1.17324431e-16   1.08897008e-15   1.08191311e-15   1.10892640e-15   1.08897008e-15 
      0.35000000  9.19246456e-03  -9.99999998e-03  -9.99999997e-03  -9.19246462e-03   1.00000000e-02   1.00000000e-02  -9.99999998e-03   1.00000000e-02   1.23598526e-16   1.10910260e-15   1.10962137e-15   1.16326856e-16   1.09785128e-15   1.08458116e-15   1.10910260e-15   1.09785128e-15 
      0.36000000  9.23426707e-03  -9.99999998e-03  -9.99999997e-03  -9.23426713e-03   1.00000000e-02   1.00000000e-02  -9.99999998e-03   1.00000000e-02   1.21895801e-16   1.09700857e-15   1.09053795e-15   1.38555701e-16   1.09452523e-15   1.07417365e-15   1.09700857e-15   1.09452523e-15 
      0.37000000  9.27339032e-03  -9.99999998e-03  -9.99999997e-03  -9.27339039e-03   1.00000000e-02   1.00000000e-02  -9.99999998e-03   1.00000000e-02   1.25732581e-16   1.10044072e-15   1.10339759e-15   8.40403131e-17   1.07981339e-15   1.10616165e-15   1.10044072e-15   1.07981339e-15 
      0.38000000  9.31003741e-03  -9.99999998e-03  -9.99999996e-03  -9.31003749e-03   1.00000000e-02   1.00000000e-02  -9.99999998e-03   1.00000000e-02   1.32299434e-16   1.09689709e-15   1.09611177e-15   1.14694722e-16   1.10947720e-15   1.09209714e-15   1.09689709e-15   1.10947720e-15 
      0.39000000  9.34439407e-03  -9.99999998e-03  -9.99999996e-03  -9.34439416e-03   1.00000000e-02   1.00000000e-02  -9.99999998e-03   1.00000000e-02   1.34515035e-16   1.09970682e-15   1.09349149e-15   1.05384007e-16   1.09489916e-15   1.11018615e-15   1.09970682e-15   1.09489916e-15 
      0.40000000  9.37663028e-03  -9.99999998e-03  -9.99999996e-03  -9.37663038e-03   1.00000000e-02   1.00000000e-02  -9.99999998e-03   1.00000000e-02   1.22228853e-16   1.08928165e-15   5.23112689e-16   1.34922680e-16   1.10701676e-15   1.10427529e-15   1.08928165e-15   1.10701676e-15 
      0.41000000  9.40690172e-03  -9.99999997e-03  -9.99999995e-03  -9.40690182e-03   1.00000000e-02   1.00000000e-02  -9.99999997e-03   1.00000000e-02   1.36944205e-16   1.10754432e-15   5.23612572e-16   1.24663537e-16   1.10280039e-15   1.10861357e-15   1.10754432e-15   1.10280039e-15 
      0.42000000  9.43535110e-03  -9.99999997e-03  -9.99999995e-03  -9.43535121e-03   1.00000000e-02   1.00000000e-02  -9.99999997e-03   1.00000000e-02   1.16823665e-16   1.09647142e-15   5.27564003e-16   1.36451624e-16   1.10372048e-15   1.06764489e-15   1.09647142e-15   1.10372048e-15 
      0.43000000  9.46210935e-03  -9.99999997e-03  -9.99999994e-03  -9.46210946e-03   1.00000000e-02   1.00000000e-02  -9.99999997e-03   1.00000000e-02   1.01344158e-16   1.10632935e-15   5.28950370e-16   1.30581875e-16   1.10666962e-15   1.10394176e-15   1.10632935e-15   1.10666962e-15 
      0.44000000  9.48729667e-03  -9.99999997e-03  -9.99999994e-03  -9.48729679e-03   1.00000000e-02   1.00000000e-02  -9.99999997e-03   1.00000000e-02   1.31027362e-16   1.10928117e-15   5.28855402e-16   1.34680891e-16   1.08978840e-15   1.09489472e-15   1.10928117e-15   1.08978840e-15 
      0.45000000  9.51102354e-03  -9.99999997e-03  -9.99999994e-03  -9.51102368e-03   1.00000000e-02   1.00000000e-02  -9.99999997e-03   1.00000000e-02   1.27729660e-16   1.10895882e-15   5.52117663e-16   1.28582151e-16   1.09855963e-15   1.09675433e-15   1.10895882e-15   1.09855963e-15 
      0.46000000  9.53339158e-03  -9.99999996e-03  -9.99999993e-03  -9.53339172e-03   1.00000000e-02   1.00000000e-02  -9.99999996e-03   1.00000000e-02   1.38729247e-16   1.09889739e-15   5.46948523e-16   1.26900103e-16   1.08828253e-15   1.07612820e-15   1.09889739e-15   1.08828253e-15 
      0.47000000  9.55449431e-03  -9.99999996e-03  -9.99999993e-03  -9.55449446e-03   1.00000000e-02   1.00000000e-02  -9.99999996e-03   1.00000000e-02   1.35250771e-16   1.10897041e-15   5.53494684e-16   9.84307727e-17   1.10390507e-15   1.07751984e-15   1.10897041e-15   1.10390507e-15 
      0.48000000  9.57441789e-03  -9.99999996e-03  -9.99999992e-03  -9.57441806e-03   1.00000000e-02   1.00000000e-02  -9.99999996e-03   1.00000000e-02   1.32148404e-16   5.48450616e-16   5.32978775e-16   1.35186756e-16   1.10098360e-15   1.07904197e-15   5.48450616e-16   1.10098360e-15 
      0.49000000  9.59324179e-03  -9.99999996e-03  -9.99999991e-03  -9.59324196e-03   1.00000000e-02   1.00000000e-02  -9.99999996e-03   1.00000000e-02   1.32651217e-16   5.49979306e-16   5.50029622e-16   1.29154629e-16   1.08064087e-15   1.10287200e-15   5.49979306e-16   1.08064087e-15 
      0.50000000  9.61103931e-03  -9.99999995e-03  -9.99999991e-03  -9.61103950e-03   1.00000000e-02   1.00000000e-02  -9.99999995e-03   1.00000000e-02   1.37813666e-16   5.54170160e-16   5.37473595e-16   1.20852398e-16   1.10942046e-15   1.10461562e-15   5.54170160e-16   1.10942046e-15 
      0.51000000  9.62787818e-03  -9.99999995e-03  -9.99999990e-03  -9.62787838e-03   1.00000000e-02   1.00000000e-02  -9.99999995e-03   1.00000000e-02   1.16819852e-16   5.45418704e-16   5.51212294e-16   1.37671496e-16   1.10963016e-15   1.09570752e-15   5.45418704e-16   1.10963016e-15 
      0.52000000  9.64382099e-03  -9.99999995e-03  -9.99999989e-03  -9.64382120e-03   1.00000000e-02   1.00000000e-02  -9.99999995e-03   1.00000000e-02   1.36974910e-16   5.52280655e-16   5.37286672e-16   1.36454463e-16   1.09315006e-15   1.08669460e-15   5.52280655e-16   1.09315006e-15 
      0.53000000  9.65892564e-03  -9.99999994e-03  -9.99999989e-03  -9.65892587e-03   1.00000000e-02   1.00000000e-02  -9.99999994e-03   1.00000000e-02   1.28656424e-16   5.53639252e-16   5.25143572e-16   1.38118557e-16   1.10481116e-15   1.07010873e-15   5.53639252e-16   1.10481116e-15 
      0.54000000  9.67324575e-03  -9.99999994e-03  -9.99999988e-03  -9.67324599e-03   1.00000000e-02   1.00000000e-02  -9.99999994e-03   1.00000000e-02   1.34721168e-16   5.54289534e-16   5.39768621e-16   1.31973849e-16   1.09972526e-15   1.10444883e-15   5.54289534e-16   1.09972526e-15 
      0.55000000  9.68683099e-03  -9.99999994e-03  -9.99999987e-03  -9.68683125e-03   1.00000000e-02   1.00000000e-02  -9.99999994e-03   1.00000000e-02   1.37692267e-16   5.44145935e-16   5.48284714e-16   1.30217764e-16   1.08985183e-15   1.08634008e-15   5.44145935e-16   1.08985183e-15 
      0.56000000  9.69972744e-03  -9.99999993e-03  -9.99999986e-03  -9.69972771e-03   1.00000000e-02   1.00000000e-02  -9.99999993e-03   1.00000000e-02   1.17181030e-16   5.46152262e-16   5.13908061e-16   1.37983674e-16   1.10861591e-15   1.10199054e-15   5.46152262e-16   1.10861591e-15 
      0.57000000  9.71197785e-03  -9.99999993e-03  -9.99999986e-03  -9.71197814e-03   1.00000000e-02   1.00000000e-02  -9.99999993e-03   1.00000000e-02   1.37341758e-16   5.49618111e-16   5.36489640e-16   1.35339669e-16   1.08968937e-15   1.09646703e-15   5.49618111e-16   1.08968937e-15 
      0.58000000  9.72362194e-03  -9.99999992e-03  -9.99999985e-03  -9.72362225e-03   1.00000000e-02   1.00000000e-02  -9.99999992e-03   1.00000000e-02   1.38182933e-16   5.44825337e-16   5.08185293e-16   1.14269546e-16   1.10412214e-15   1.10253591e-15   5.44825337e-16   1.10412214e-15 
      0.59000000  9.73469664e-03  -9.99999992e-03  -9.99999984e-03  -9.73469696e-03   1.00000000e-02   1.00000000e-02  -9.99999992e-03   1.00000000e-02   1.38028078e-16   5.52129097e-16   5.45838468e-16   9.02731580e-17   1.10615916e-15   1.09817462e-15   5.52129097e-16   1.10615916e-15 
      0.60000000  9.74523629e-03  -9.99999992e-03  -9.99999983e-03  -9.74523662e-03   1.00000000e-02   1.00000000e-02  -9.99999992e-03   1.00000000e-02   1.27193095e-16   5.52953486e-16   5.52256125e-16   1.27894272e-16   1.10908598e-15   1.09527251e-15   5.52953486e-16   1.10908598e-15 
      0.61000000  9.75527287e-03  -9.99999991e-03  -9.99999982e-03  -9.75527322e-03   1.00000000e-02   1.00000000e-02  -9.99999991e-03   1.00000000e-02   1.06964927e-16   5.47160752e-16   5.51556512e-16   1.28262845e-16   1.10061728e-15   1.10593214e-15   5.47160752e-16   1.10061728e-15 
      0.62000000  9.76483619e-03  -9.99999991e-03  -9.99999981e-03  -9.76483656e-03   1.00000000e-02   1.00000000e-02  -9.99999991e-03   1.00000000e-02   1.38560576e-16   5.40448070e-16   5.39327637e-16   1.09931724e-16   1.10426402e-15   1.10218331e-15   5.40448070e-16   1.10426402e-15 
      0.63000000  9.77395404e-03  -9.99999990e-03  -9.99999980e-03  -9.77395444e-03   1.00000000e-02   1.00000000e-02  -9.99999990e-03   1.00000000e-02   1.35182276e-16   5.48054860e-16   5.36325423e-16   1.05418204e-16   1.09699145e-15   1.10185498e-15   5.48054860e-16   1.09699145e-15 
      0.64000000  9.78265237e-03  -9.99999990e-03  -9.99999979e-03  -9.78265279e-03   1.00000000e-02   1.00000000e-02  -9.99999990e-03   1.00000000e-02   1.34737097e-16   5.42000233e-16   5.50221959e-16   1.37685310e-16   1.10909011e-15   1.10220155e-15   5.42000233e-16   1.10909011e-15 
      0.65000000  9.79095542e-03  -9.99999989e-03  -9.99999977e-03  -9.79095586e-03   1.00000000e-02   1.00000000e-02  -9.99999989e-03   1.00000000e-02   1.38711330e-16   5.39116877e-16   5.41973559e-16   1.38201616e-16   1.10751830e-15   1.10373333e-15   5.39116877e-16   1.10751830e-15 
      0.66000000  9.79888584e-03  -9.99999989e-03  -9.99999976e-03  -9.79888630e-03   1.00000000e-02   1.00000000e-02  -9.99999989e-03   1.00000000e-02   1.19941763e-16   5.47746292e-16   5.45686852e-16   1.30872052e-16   1.10338766e-15   1.09499931e-15   5.47746292e-16   1.10338766e-15 
      0.67000000  9.80646484e-03  -9.99999988e-03  -9.99999975e-03  -9.80646533e-03   1.00000000e-02   1.00000000e-02  -9.99999988e-03   1.00000000e-02   1.23445381e-16   5.47592397e-16   5.09041272e-16   1.20309807e-16   1.10757174e-15   1.10944798e-15   5.47592397e-16   1.10757174e-15 
      0.68000000  9.81371228e-03  -9.99999987e-03  -9.99999974e-03  -9.81371279e-03   1.00000000e-02   1.00000000e-02  -9.99999987e-03   1.00000000e-02   1.30947730e-16   5.51055944e-16   5.23616201e-16   1.35928821e-16   1.10997239e-15   1.08043744e-15   5.51055944e-16   1.10997239e-15 
      0.69000000  9.82064678e-03  -9.99999987e-03  -9.99999972e-03  -9.82064732e-03   1.00000000e-02   1.00000000e-02  -9.99999987e-03   1.00000000e-02   1.36599027e-16   5.52839779e-16   5.33741738e-16   1.27923072e-16   1.09902290e-15   1.10789884e-15   5.52839779e-16   1.09902290e-15 
      0.70000000  9.82728582e-03  -9.99999986e-03  -9.99999971e-03  -9.82728639e-03   1.00000000e-02   1.00000000e-02  -9.99999986e-03   1.00000000e-02   1.24477259e-16   5.54872340e-16   5.36388715e-16   1.28802185e-16   1.10825850e-15   1.09224390e-15   5.54872340e-16   1.10825850e-15 
      0.71000000  9.83364582e-03  -9.99999986e-03  -9.99999969e-03  -9.83364641e-03   1.00000000e-02   1.00000000e-02  -9.99999986e-03   1.00000000e-02   1.31944639e-16   5.55051526e-16   5.47129644e-16   1.38036262e-16   1.09317352e-15   1.07716105e-15   5.55051526e-16   1.09317352e-15 
      0.72000000  9.83974222e-03  -9.99999985e-03  -9.99999968e-03  -9.83974284e-03   1.00000000e-02   1.00000000e-02  -9.99999985e-03   1.00000000e-02   1.37905036e-16   5.47418313e-16   5.51418159e-16   1.04121611e-16   1.10961850e-15   1.09661350e-15   5.47418313e-16   1.10961850e-15 
      0.73000000  9.84558956e-03  -9.99999984e-03  -9.99999966e-03  -9.84559021e-03   1.00000000e-02   1.00000000e-02  -9.99999984e-03   1.00000000e-02   1.32916459e-16   5.52131099e-16   5.48657967e-16   9.94368439e-17   1.10245689e-15   1.10615793e-15   5.52131099e-16   1.10245689e-15 
      0.74000000  9.85120157e-03  -9.99999984e-03  -9.99999965e-03  -9.85120225e-03   1.00000000e-02   1.00000000e-02  -9.99999984e-03   1.00000000e-02   1.37656233e-16   5.46002964e-16   5.52451392e-16   9.34059594e-17   1.10459692e-15   1.10514147e-15   5.46002964e-16   1.10459692e-15 
      0.75000000  9.85659119e-03  -9.99999983e-03  -9.99999963e-03  -9.85659190e-03   1.00000000e-02   1.00000000e-02  -9.99999983e-03   1.00000000e-02   1.38348431e-16   5.51566245e-16   5.21503950e-16   1.38736874e-16   1.09567747e-15   1.09378644e-15   5.51566245e-16   1.09567747e-15 
      0.76000000  9.86177069e-03  -9.99999982e-03  -9.99999962e-03  -9.86177143e-03   1.00000000e-02   1.00000000e-02  -9.99999982e-03   1.00000000e-02   1.37494167e-16   5.47101559e-16   5.48993707e-16   1.36598629e-16   1.09297339e-15   1.09596398e-15   5.47101559e-16   1.09297339e-15 
      0.77000000  9.86675170e-03  -9.99999981e-03  -9.99999960e-03  -9.86675247e-03   1.00000000e-02   1.00000000e-02  -9.99999981e-03   1.00000000e-02   2.65142016e-16   5.52775039e-16   5.40680852e-16   2.71535972e-16   1.09162361e-15   1.10727119e-15   5.52775039e-16   1.09162361e-15 
      0.78000000  9.87154526e-03  -9.99999981e-03  -9.99999958e-03  -9.87154606e-03   1.00000000e-02   1.00000000e-02  -9.99999981e-03   1.00000000e-02   2.70996843e-16   5.51838415e-16   5.40298695e-16   2.65822852e-16   1.10174827e-15   1.09853819e-15   5.51838415e-16   1.10174827e-15 
      0.79000000  9.87616191e-03  -9.99999980e-03  -9.99999956e-03  -9.87616274e-03   1.00000000e-02   1.00000000e-02  -9.99999980e-03   1.00000000e-02   2.66883164e-16   5.43555576e-16   5.53150577e-16   2.60468994e-16   1.10321199e-15   1.10166502e-15   5.43555576e-16   1.10321199e-15 
      0.80000000  9.88061172e-03  -9.99999979e-03  -9.99999955e-03  -9.88061259e-03   1.00000000e-02   1.00000000e-02  -9.99999979e-03   1.00000000e-02   2.73036927e-16   5.39860936e-16   5.30684471e-16   2.66901600e-16   1.10736935e-15   1.09437015e-15   5.39860936e-16   1.10736935e-15 
      0.81000000  9.88490437e-03  -9.99999978e-03  -9.99999953e-03  -9.88490528e-03   1.00000000e-02   1.00000000e-02  -9.99999978e-03   1.00000000e-02   2.67708197e-16   5.49527734e-16   5.22231000e-16   2.74166582e-16   1.10964341e-15   1.09868988e-15   5.49527734e-16   1.10964341e-15 
      0.82000000  9.88904921e-03  -9.99999977e-03  -9.99999951e-03  -9.88905015e-03   1.00000000e-02   1.00000000e-02  -9.99999977e-03   1.00000000e-02   2.77473096e-16   5.52964047e-16   5.46053710e-16   2.75352584e-16   1.08805657e-15   1.10337297e-15   5.52964047e-16   1.08805657e-15 
      0.83000000  9.89305531e-03  -9.99999976e-03  -9.99999949e-03  -9.89305629e-03   1.00000000e-02   1.00000000e-02  -9.99999976e-03   1.00000000e-02   2.68760554e-16   5.54726041e-16   5.33383188e-16   2.69108093e-16   1.09958544e-15   1.10808867e-15   5.54726041e-16   1.09958544e-15 
      0.84000000  9.89693156e-03  -9.99999976e-03  -9.99999947e-03  -9.89693258e-03   1.00000000e-02   1.00000000e-02  -9.99999976e-03   1.00000000e-02   2.69500263e-16   5.45562272e-16   5.38339403e-16   2.76243164e-16   1.10574570e-15   1.10250893e-15   5.45562272e-16   1.10574570e-15 
      0.85000000  9.90068677e-03  -9.99999975e-03  -9.99999945e-03  -9.90068783e-03   1.00000000e-02   1.00000000e-02  -9.99999975e-03   1.00000000e-02   2.52362591e-16   5.48179018e-16   5.51920965e-16   2.48450658e-16   1.09994087e-15   1.10772733e-15   5.48179018e-16   1.09994087e-15 
      0.86000000  9.90432975e-03  -9.99999974e-03  -9.99999943e-03  -9.90433084e-03   1.00000000e-02   1.00000000e-02  -9.99999974e-03   1.00000000e-02   2.46908061e-16   5.42542031e-16   5.46382929e-16   2.52670438e-16   1.10268412e-15   1.10198484e-15   5.42542031e-16   1.10268412e-15 
      0.87000000  9.90786946e-03  -9.99999973e-03  -9.99999941e-03  -9.90787060e-03   1.00000000e-02   1.00000000e-02  -9.99999973e-03   1.00000000e-02   2.77468903e-16   5.49515950e-16   5.55040973e-16   2.49312985e-16   1.10246509e-15   1.09557003e-15   5.49515950e-16   1.10246509e-15 
      0.88000000  9.91131523e-03  -9.99999972e-03  -9.99999939e-03  -9.91131641e-03   1.00000000e-02   1.00000000e-02  -9.99999972e-03   1.00000000e-02   2.76286016e-16   5.51225524e-16   5.42658362e-16   2.62860971e-16   1.10974717e-15   1.09971864e-15   5.51225524e-16   1.10974717e-15 
      0.89000000  9.91467699e-03  -9.99999971e-03  -9.99999937e-03  -9.91467821e-03   1.00000000e-02   1.00000000e-02  -9.99999971e-03   1.00000000e-02   2.59404471e-16   5.52820468e-16   5.43921908e-16   2.77129422e-16   1.10163355e-15   1.09196678e-15   5.52820468e-16   1.10163355e-15 
      0.90000000  9.91796569e-03  -9.99999970e-03  -9.99999935e-03  -9.91796694e-03   1.00000000e-02   1.00000000e-02  -9.99999970e-03   1.00000000e-02   2.77304953e-16   5.49949796e-16   5.37268443e-16   2.66698180e-16   1.09904624e-15   1.09346930e-15   5.49949796e-16   1.09904624e-15 
      0.91000000  9.92119383e-03  -9.99999969e-03  -9.99999933e-03  -9.92119513e-03   1.00000000e-02   1.00000000e-02  -9.99999969e-03   1.00000000e-02   2.43467732e-16   5.51051000e-16   5.46050699e-16   2.66693951e-16   1.10133135e-15   1.10407302e-15   5.51051000e-16   1.10133135e-15 
      0.92000000  9.92437650e-03  -9.99999968e-03  -9.99999930e-03  -9.92437784e-03   1.00000000e-02   1.00000000e-02  -9.99999968e-03   1.00000000e-02   2.52264886e-16   5.52753136e-16   5.48277598e-16   2.68478943e-16   1.10650791e-15   1.08983280e-15   5.52753136e-16   1.10650791e-15 
      0.93000000  9.92753298e-03  -9.99999967e-03  -9.99999928e-03  -9.92753436e-03   1.00000000e-02   1.00000000e-02  -9.99999967e-03   1.00000000e-02   2.35607603e-16   5.47771604e-16   5.55056495e-16   2.72461013e-16   1.10064426e-15   1.08255066e-15   5.47771604e-16   1.10064426e-15 
      0.94000000  9.93068986e-03  -9.99999965e-03  -9.99999926e-03  -9.93069128e-03   1.00000000e-02   1.00000000e-02  -9.99999965e-03   1.00000000e-02   2.67762151e-16   5.52078834e-16   5.41112804e-16   2.66416950e-16   1.10266454e-15   1.09158071e-15   5.52078834e-16   1.10266454e-15 
      0.95000000  9.93388766e-03  -9.99999964e-03  -9.99999925e-03  -9.93388912e-03   1.00000000e-02   1.00000000e-02  -9.99999964e-03   1.00000000e-02   2.67804403e-16   5.47241170e-16   5.53661060e-16   2.74159499e-16   1.10557686e-15   1.10306428e-15   5.47241170e-16   1.10557686e-15 
      0.96000000  9.93719705e-03  -9.99999963e-03  -9.99999923e-03  -9.93719856e-03   1.00000000e-02   1.00000000e-02  -9.99999963e-03   1.00000000e-02   2.56740030e-16   5.52623938e-16   5.26031268e-16   2.77123808e-16   1.10478978e-15   1.10112613e-15   5.52623938e-16   1.10478978e-15 
