         capacity      theta[0]        theta[1]        theta[2]         theta[3]          theta[4]        theta[5]         theta[6]         theta[7]          omega[0]               omega[1]          omega[2]         omega[3]           omega[4]         omega[5]         omega[6]         omega[7] 
      0.00000000  2.26374760e-03  -1.99998502e-02  -1.99998565e-02  -2.26374760e-03   1.99998502e-02   1.99998565e-02  -1.99998502e-02   1.99998502e-02   6.88506318e-18  -8.97077278e-16  -3.73131017e-16  -4.90999166e-18   8.97029921e-16   3.73084479e-16  -8.97077278e-16   8.97029921e-16 
      0.01000000  2.85033640e-03  -1.99998331e-02  -1.99998378e-02  -2.85038187e-03   1.99998471e-02   1.99998552e-02  -1.99998331e-02   1.99998471e-02  -8.52397784e-18   1.10209219e-15   1.10042842e-15  -1.39064946e-17   1.10697170e-15   1.10798863e-15   1.10209219e-15   1.10697170e-15 
      0.02000000  3.40635221e-03  -1.99998150e-02  -1.99998178e-02  -3.40644699e-03   1.99998442e-02   1.99998541e-02  -1.99998150e-02   1.99998442e-02   2.47494584e-17   1.10103891e-15   1.07915683e-15   1.56793684e-17   1.09863167e-15   1.09588021e-15   1.10103891e-15   1.09863167e-15 
      0.03000000  3.93429796e-03  -1.99997960e-02  -1.99997963e-02  -3.93444589e-03   1.99998415e-02   1.99998532e-02  -1.99997960e-02   1.99998415e-02   4.69759208e-18   1.09757479e-15   1.10972469e-15   3.18574299e-17   1.10556304e-15   1.07847431e-15   1.09757479e-15   1.10556304e-15 
      0.04000000  4.43633369e-03  -1.99997760e-02  -1.99997735e-02  -4.43653864e-03   1.99998390e-02   1.99998524e-02  -1.99997760e-02   1.99998390e-02   3.35582137e-17   1.09723133e-15   1.07847065e-15   2.54665569e-17   1.09681309e-15   1.09309672e-15   1.09723133e-15   1.09681309e-15 
      0.05000000  4.91434801e-03  -1.99997549e-02  -1.99997491e-02  -4.91461389e-03   1.99998366e-02   1.99998516e-02  -1.99997549e-02   1.99998366e-02   3.25310545e-17   1.09619432e-15   1.09518417e-15   3.02842937e-18   1.09550235e-15   1.08122418e-15   1.09619432e-15   1.09550235e-15 
      0.06000000  5.37001041e-03  -1.99997329e-02  -1.99997233e-02  -5.37034114e-03   1.99998344e-02   1.99998510e-02  -1.99997329e-02   1.99998344e-02   2.27987682e-17   1.10035127e-15   1.09238976e-15   3.45160273e-17   1.07878292e-15   1.09900249e-15   1.10035127e-15   1.07878292e-15 
      0.07000000  5.80481032e-03  -1.99997098e-02  -1.99996959e-02  -5.80520988e-03   1.99998322e-02   1.99998505e-02  -1.99997098e-02   1.99998322e-02   1.08028606e-19   1.09654310e-15   1.09065988e-15   8.44055419e-18   1.10936361e-15   1.09720281e-15   1.09654310e-15   1.10936361e-15 
      0.08000000  6.22008694e-03  -1.99996856e-02  -1.99996670e-02  -6.22055933e-03   1.99998302e-02   1.99998501e-02  -1.99996856e-02   1.99998302e-02   4.12241765e-17   1.10107998e-15   1.07776761e-15   5.46279205e-17   1.09824241e-15   1.11009018e-15   1.10107998e-15   1.09824241e-15 
      0.09000000  6.61705243e-03  -1.99996604e-02  -1.99996364e-02  -6.61760166e-03   1.99998283e-02   1.99998498e-02  -1.99996604e-02   1.99998283e-02   6.19369743e-17   1.09508890e-15   1.05940878e-15   3.15623312e-17   1.09839505e-15   1.09481839e-15   1.09508890e-15   1.09839505e-15 
      0.10000000  6.99681013e-03  -1.99996342e-02  -1.99996042e-02  -6.99744026e-03   1.99998266e-02   1.99998495e-02  -1.99996342e-02   1.99998266e-02   4.15060598e-17   1.09757713e-15   1.10663438e-15   3.50368332e-17   1.10835793e-15   1.07983575e-15   1.09757713e-15   1.10835793e-15 
      0.11000000  7.36036929e-03  -1.99996068e-02  -1.99995703e-02  -7.36108441e-03   1.99998249e-02   1.99998493e-02  -1.99996068e-02   1.99998249e-02   4.79679902e-17   1.10731571e-15   1.10244007e-15   3.67908631e-17   1.10520681e-15   1.08749184e-15   1.10731571e-15   1.10520681e-15 
      0.12000000  7.70865693e-03  -1.99995784e-02  -1.99995347e-02  -7.70946116e-03   1.99998233e-02   1.99998492e-02  -1.99995784e-02   1.99998233e-02   4.52392737e-17   1.10556741e-15   1.05657649e-15   5.87244398e-17   1.08606120e-15   1.10800593e-15   1.10556741e-15   1.08606120e-15 
      0.13000000  8.04252764e-03  -1.99995490e-02  -1.99994975e-02  -8.04342511e-03   1.99998219e-02   1.99998491e-02  -1.99995490e-02   1.99998219e-02   6.84693941e-17   1.08815283e-15   1.06945872e-15   6.02964918e-17   1.09791371e-15   1.09478905e-15   1.08815283e-15   1.09791371e-15 
      0.14000000  8.36277173e-03  -1.99995184e-02  -1.99994584e-02  -8.36376660e-03   1.99998205e-02   1.99998491e-02  -1.99995184e-02   1.99998205e-02   6.89008985e-17   1.07703704e-15   1.08820881e-15   6.14568041e-17   1.10902930e-15   1.07186245e-15   1.07703704e-15   1.10902930e-15 
      0.15000000  8.67012210e-03  -1.99994867e-02  -1.99994176e-02  -8.67121856e-03   1.99998192e-02   1.99998492e-02  -1.99994867e-02   1.99998192e-02   4.41003305e-17   1.09918219e-15   1.09202499e-15   6.04652262e-17   1.09444022e-15   1.06946351e-15   1.09918219e-15   1.09444022e-15 
      0.16000000  8.96526005e-03  -1.99994540e-02  -1.99993750e-02  -8.96646230e-03   1.99998180e-02   1.99998493e-02  -1.99994540e-02   1.99998180e-02   4.62459191e-17   1.10207685e-15   1.09963827e-15   6.49771876e-17   1.07987550e-15   1.07393499e-15   1.10207685e-15   1.07987550e-15 
      0.17000000  9.24882027e-03  -1.99994201e-02  -1.99993306e-02  -9.25013254e-03   1.99998168e-02   1.99998494e-02  -1.99994201e-02   1.99998168e-02   5.10413608e-17   1.10693742e-15   1.07600597e-15   5.78914092e-17   1.09514282e-15   1.08258788e-15   1.10693742e-15   1.09514282e-15 
      0.18000000  9.52139520e-03  -1.99993851e-02  -1.99992843e-02  -9.52282173e-03   1.99998158e-02   1.99998496e-02  -1.99993851e-02   1.99998158e-02   6.59619459e-17   1.09582551e-15   1.11006183e-15   4.72671430e-17   1.10140021e-15   1.06525558e-15   1.09582551e-15   1.10140021e-15 
      0.19000000  9.78353871e-03  -1.99993491e-02  -1.99992362e-02  -9.78508376e-03   1.99998148e-02   1.99998498e-02  -1.99993491e-02   1.99998148e-02   3.85814162e-17   1.08593521e-15   1.10623365e-15   6.28515620e-17   1.09825082e-15   1.10001571e-15   1.08593521e-15   1.09825082e-15 
      0.20000000  1.00357695e-02  -1.99993119e-02  -1.99991862e-02  -1.00374373e-02   1.99998139e-02   1.99998500e-02  -1.99993119e-02   1.99998139e-02   6.81292583e-17   1.08403596e-15   1.06629496e-15   5.37243807e-17   1.10869399e-15   1.09717141e-15   1.08403596e-15   1.10869399e-15 
      0.21000000  1.02785739e-02  -1.99992736e-02  -1.99991344e-02  -1.02803688e-02   1.99998130e-02   1.99998503e-02  -1.99992736e-02   1.99998130e-02   4.53711262e-17   1.10834950e-15   1.06351999e-15   4.57173577e-17   1.10311896e-15   1.09757164e-15   1.10834950e-15   1.10311896e-15 
      0.22000000  1.05124086e-02  -1.99992342e-02  -1.99990806e-02  -1.05143349e-02   1.99998123e-02   1.99998507e-02  -1.99992342e-02   1.99998123e-02   6.84157237e-17   1.09826887e-15   1.06213248e-15   6.62158657e-17   1.09999731e-15   1.08018624e-15   1.09826887e-15   1.09999731e-15 
      0.23000000  1.07377028e-02  -1.99991937e-02  -1.99990249e-02  -1.07397648e-02   1.99998115e-02   1.99998510e-02  -1.99991937e-02   1.99998115e-02   6.41205987e-17   1.09096689e-15   1.06668475e-15   3.77422429e-17   1.10971015e-15   1.09584759e-15   1.09096689e-15   1.10971015e-15 
      0.24000000  1.09548605e-02  -1.99991520e-02  -1.99989672e-02  -1.09570624e-02   1.99998109e-02   1.99998514e-02  -1.99991520e-02   1.99998109e-02   4.44623370e-17   1.10970962e-15   1.07890971e-15   4.73935854e-17   1.09510559e-15   1.10416859e-15   1.10970962e-15   1.09510559e-15 
      0.25000000  1.11642619e-02  -1.99991093e-02  -1.99989076e-02  -1.11666081e-02   1.99998103e-02   1.99998518e-02  -1.99991093e-02   1.99998103e-02   1.09721105e-16   1.10416295e-15   1.07141194e-15   1.24138343e-16   1.07881966e-15   1.10211229e-15   1.10416295e-15   1.07881966e-15 
      0.26000000  1.13662659e-02  -1.99990654e-02  -1.99988461e-02  -1.13687606e-02   1.99998097e-02   1.99998522e-02  -1.99990654e-02   1.99998097e-02   1.30492435e-16   1.10137459e-15   1.08403788e-15   1.26874543e-16   1.09274973e-15   1.06107497e-15   1.10137459e-15   1.09274973e-15 
      0.27000000  1.15612106e-02  -1.99990205e-02  -1.99987826e-02  -1.15638582e-02   1.99998092e-02   1.99998527e-02  -1.99990205e-02   1.99998092e-02   1.19137033e-16   1.09027691e-15   1.05969255e-15   1.37172179e-16   1.09274396e-15   1.08402831e-15   1.09027691e-15   1.09274396e-15 
      0.28000000  1.17494157e-02  -1.99989744e-02  -1.99987171e-02  -1.17522205e-02   1.99998088e-02   1.99998532e-02  -1.99989744e-02   1.99998088e-02   1.17493436e-16   1.09238156e-15   1.08543187e-15   1.37324727e-16   1.08022263e-15   1.08582767e-15   1.09238156e-15   1.08022263e-15 
      0.29000000  1.19311831e-02  -1.99989273e-02  -1.99986497e-02  -1.19341494e-02   1.99998084e-02   1.99998537e-02  -1.99989273e-02   1.99998084e-02   1.37678788e-16   1.09443872e-15   1.07639144e-15   1.21202365e-16   1.07981839e-15   1.10624438e-15   1.09443872e-15   1.07981839e-15 
      0.30000000  1.21067983e-02  -1.99988790e-02  -1.99985802e-02  -1.21099303e-02   1.99998081e-02   1.99998542e-02  -1.99988790e-02   1.99998081e-02   1.20821481e-16   1.10312687e-15   1.08467869e-15   1.31607965e-16   1.09681425e-15   1.07848207e-15   1.10312687e-15   1.09681425e-15 
      0.31000000  1.22765314e-02  -1.99988297e-02  -1.99985088e-02  -1.22798335e-02   1.99998078e-02   1.99998547e-02  -1.99988297e-02   1.99998078e-02   1.32403660e-16   1.09064162e-15   1.10550099e-15   1.35706342e-16   1.07262749e-15   1.07938139e-15   1.09064162e-15   1.07262749e-15 
      0.32000000  1.24406383e-02  -1.99987792e-02  -1.99984354e-02  -1.24441148e-02   1.99998075e-02   1.99998553e-02  -1.99987792e-02   1.99998075e-02   1.22901741e-16   1.10697918e-15   1.09132763e-15   1.08505205e-16   1.10254327e-15   1.07331137e-15   1.10697918e-15   1.10254327e-15 
      0.33000000  1.25993612e-02  -1.99987277e-02  -1.99983599e-02  -1.26030164e-02   1.99998073e-02   1.99998558e-02  -1.99987277e-02   1.99998073e-02   1.07987593e-16   1.10282253e-15   1.09861678e-15   1.27395407e-16   1.09963321e-15   1.06081045e-15   1.10282253e-15   1.09963321e-15 
      0.34000000  1.27529301e-02  -1.99986751e-02  -1.99982825e-02  -1.27567681e-02   1.99998072e-02   1.99998564e-02  -1.99986751e-02   1.99998072e-02   1.30377847e-16   1.09651590e-15   1.07849468e-15   1.13066839e-16   1.09474628e-15   1.09101746e-15   1.09651590e-15   1.09474628e-15 
      0.35000000  1.29015626e-02  -1.99986214e-02  -1.99982031e-02  -1.29055878e-02   1.99998071e-02   1.99998570e-02  -1.99986214e-02   1.99998071e-02   1.08306634e-16   1.09861106e-15   1.07953136e-15   1.31897409e-16   1.09893107e-15   1.09448645e-15   1.09861106e-15   1.09893107e-15 
      0.36000000  1.30454657e-02  -1.99985667e-02  -1.99981217e-02  -1.30496823e-02   1.99998070e-02   1.99998576e-02  -1.99985667e-02   1.99998070e-02   1.21345664e-16   1.10380761e-15   5.34474696e-16   9.35659326e-17   1.09409101e-15   1.09306980e-15   1.10380761e-15   1.09409101e-15 
      0.37000000  1.31848357e-02  -1.99985109e-02  -1.99980382e-02  -1.31892478e-02   1.99998069e-02   1.99998582e-02  -1.99985109e-02   1.99998069e-02   1.20466087e-16   1.09632079e-15   5.49391542e-16   1.36941143e-16   1.09310404e-15   1.08078119e-15   1.09632079e-15   1.09310404e-15 
      0.38000000  1.33198590e-02  -1.99984540e-02  -1.99979528e-02  -1.33244709e-02   1.99998069e-02   1.99998589e-02  -1.99984540e-02   1.99998069e-02   1.38533405e-16   1.10089477e-15   5.53570096e-16   1.02942711e-16   1.09378934e-15   1.07851608e-15   1.10089477e-15   1.09378934e-15 
      0.39000000  1.34507130e-02  -1.99983961e-02  -1.99978654e-02  -1.34555288e-02   1.99998070e-02   1.99998595e-02  -1.99983961e-02   1.99998070e-02   1.33561852e-16   1.10381481e-15   5.40002397e-16   1.03830195e-16   1.08893371e-15   1.07812192e-15   1.10381481e-15   1.08893371e-15 
      0.40000000  1.35775661e-02  -1.99983371e-02  -1.99977760e-02  -1.35825901e-02   1.99998070e-02   1.99998602e-02  -1.99983371e-02   1.99998070e-02   1.28418329e-16   1.09861054e-15   5.29606166e-16   9.59906907e-17   1.09449106e-15   1.10210709e-15   1.09861054e-15   1.09449106e-15 
      0.41000000  1.37005788e-02  -1.99982771e-02  -1.99976847e-02  -1.37058150e-02   1.99998071e-02   1.99998608e-02  -1.99982771e-02   1.99998071e-02   1.24768895e-16   1.10384713e-15   5.42425581e-16   1.36794091e-16   1.10281076e-15   1.04408903e-15   1.10384713e-15   1.10281076e-15 
      0.42000000  1.38199036e-02  -1.99982161e-02  -1.99975913e-02  -1.38253561e-02   1.99998073e-02   1.99998615e-02  -1.99982161e-02   1.99998073e-02   1.37865793e-16   1.10836542e-15   5.36211700e-16   9.88264769e-17   1.07985876e-15   1.10035918e-15   1.10836542e-15   1.07985876e-15 
      0.43000000  1.39356857e-02  -1.99981541e-02  -1.99974960e-02  -1.39413587e-02   1.99998074e-02   1.99998622e-02  -1.99981541e-02   1.99998074e-02   1.38012645e-16   5.54640117e-16   5.18152779e-16   1.05068684e-16   1.10106441e-15   1.06771085e-15   5.54640117e-16   1.10106441e-15 
      0.44000000  1.40480637e-02  -1.99980910e-02  -1.99973987e-02  -1.40539611e-02   1.99998076e-02   1.99998629e-02  -1.99980910e-02   1.99998076e-02   1.31007391e-16   5.36846086e-16   5.45920354e-16   1.25161245e-16   1.09029240e-15   1.10489027e-15   5.36846086e-16   1.09029240e-15 
      0.45000000  1.41571693e-02  -1.99980269e-02  -1.99972995e-02  -1.41632952e-02   1.99998079e-02   1.99998635e-02  -1.99980269e-02   1.99998079e-02   1.36451317e-16   5.54289314e-16   5.34126974e-16   7.83143773e-17   1.09791667e-15   1.10382058e-15   5.54289314e-16   1.09791667e-15 
      0.46000000  1.42631282e-02  -1.99979619e-02  -1.99971983e-02  -1.42694867e-02   1.99998081e-02   1.99998642e-02  -1.99979619e-02   1.99998081e-02   1.35052332e-16   5.47654834e-16   5.10143255e-16   1.18780117e-16   1.11000936e-15   1.10827224e-15   5.47654834e-16   1.11000936e-15 
      0.47000000  1.43660604e-02  -1.99978958e-02  -1.99970952e-02  -1.43726554e-02   1.99998084e-02   1.99998650e-02  -1.99978958e-02   1.99998084e-02   1.37175261e-16   5.20064758e-16   5.49440531e-16   1.36583203e-16   1.09374746e-15   1.09199932e-15   5.20064758e-16   1.09374746e-15 
      0.48000000  1.44660803e-02  -1.99978288e-02  -1.99969902e-02  -1.44729157e-02   1.99998087e-02   1.99998657e-02  -1.99978288e-02   1.99998087e-02   1.32462381e-16   5.52510903e-16   5.31652359e-16   1.32322578e-16   1.07982778e-15   1.10974420e-15   5.52510903e-16   1.07982778e-15 
      0.49000000  1.45632970e-02  -1.99977608e-02  -1.99968832e-02  -1.45703767e-02   1.99998091e-02   1.99998664e-02  -1.99977608e-02   1.99998091e-02   1.25762209e-16   5.49392792e-16   5.19867268e-16   1.17424095e-16   1.10521701e-15   1.06598957e-15   5.49392792e-16   1.10521701e-15 
      0.50000000  1.46578147e-02  -1.99976918e-02  -1.99967744e-02  -1.46651426e-02   1.99998094e-02   1.99998671e-02  -1.99976918e-02   1.99998094e-02   1.36768492e-16   5.49091566e-16   5.07736444e-16   1.03293957e-16   1.10937803e-15   1.08316409e-15   5.49091566e-16   1.10937803e-15 
      0.51000000  1.47497331e-02  -1.99976219e-02  -1.99966637e-02  -1.47573130e-02   1.99998098e-02   1.99998678e-02  -1.99976219e-02   1.99998098e-02   1.37684245e-16   5.44220154e-16   5.29591637e-16   1.12949218e-16   1.09974277e-15   1.10349592e-15   5.44220154e-16   1.09974277e-15 
      0.52000000  1.48391472e-02  -1.99975510e-02  -1.99965511e-02  -1.48469830e-02   1.99998102e-02   1.99998686e-02  -1.99975510e-02   1.99998102e-02   1.37355974e-16   5.50096714e-16   5.32000651e-16   1.19563948e-16   1.09934926e-15   1.04148354e-15   5.50096714e-16   1.09934926e-15 
      0.53000000  1.49261480e-02  -1.99974792e-02  -1.99964367e-02  -1.49342434e-02   1.99998106e-02   1.99998693e-02  -1.99974792e-02   1.99998106e-02   1.33695018e-16   5.40685364e-16   5.45879770e-16   1.20063532e-16   1.10902449e-15   1.10486274e-15   5.40685364e-16   1.10902449e-15 
      0.54000000  1.50108224e-02  -1.99974065e-02  -1.99963204e-02  -1.50191812e-02   1.99998111e-02   1.99998700e-02  -1.99974065e-02   1.99998111e-02   1.16264891e-16   5.44891324e-16   5.54262478e-16   1.25155997e-16   1.09167110e-15   1.07576212e-15   5.44891324e-16   1.09167110e-15 
      0.55000000  1.50932536e-02  -1.99973329e-02  -1.99962023e-02  -1.51018795e-02   1.99998116e-02   1.99998708e-02  -1.99973329e-02   1.99998116e-02   1.33319726e-16   5.36114447e-16   5.54640054e-16   1.30482614e-16   1.10280583e-15   1.07565397e-15   5.36114447e-16   1.10280583e-15 
      0.56000000  1.51735213e-02  -1.99972584e-02  -1.99960823e-02  -1.51824179e-02   1.99998121e-02   1.99998715e-02  -1.99972584e-02   1.99998121e-02   1.20109116e-16   5.45944974e-16   5.31049236e-16   1.12651837e-16   1.10901376e-15   1.08636199e-15   5.45944974e-16   1.10901376e-15 
      0.57000000  1.52517015e-02  -1.99971829e-02  -1.99959606e-02  -1.52608724e-02   1.99998126e-02   1.99998723e-02  -1.99971829e-02   1.99998126e-02   1.33703469e-16   5.54071342e-16   5.45260340e-16   1.20518336e-16   1.09374683e-15   1.07530680e-15   5.54071342e-16   1.09374683e-15 
      0.58000000  1.53278672e-02  -1.99971066e-02  -1.99958371e-02  -1.53373161e-02   1.99998131e-02   1.99998730e-02  -1.99971066e-02   1.99998131e-02   1.34408635e-16   5.39553671e-16   5.50811204e-16   9.58358688e-17   1.10519274e-15   1.08438254e-15   5.39553671e-16   1.10519274e-15 
      0.59000000  1.54020883e-02  -1.99970295e-02  -1.99957119e-02  -1.54118186e-02   1.99998137e-02   1.99998738e-02  -1.99970295e-02   1.99998137e-02   1.17865104e-16   5.44537142e-16   5.41373001e-16   1.32254614e-16   1.09964125e-15   1.08117087e-15   5.44537142e-16   1.09964125e-15 
      0.60000000  1.54744317e-02  -1.99969514e-02  -1.99955849e-02  -1.54844470e-02   1.99998143e-02   1.99998745e-02  -1.99969514e-02   1.99998143e-02   1.31610344e-16   5.48050784e-16   5.46924696e-16   1.07158318e-16   1.09652859e-15   1.07361521e-15   5.48050784e-16   1.09652859e-15 
      0.61000000  1.55449616e-02  -1.99968725e-02  -1.99954562e-02  -1.55552653e-02   1.99998149e-02   1.99998753e-02  -1.99968725e-02   1.99998149e-02   1.24956813e-16   5.53605048e-16   5.30663634e-16   1.16368306e-16   1.09685649e-15   1.09408679e-15   5.53605048e-16   1.09685649e-15 
      0.62000000  1.56137395e-02  -1.99967928e-02  -1.99953258e-02  -1.56243351e-02   1.99998155e-02   1.99998761e-02  -1.99967928e-02   1.99998155e-02   1.34567962e-16   5.54630842e-16   5.48006075e-16   1.28954959e-16   1.08333800e-15   1.07985223e-15   5.54630842e-16   1.08333800e-15 
      0.63000000  1.56808244e-02  -1.99967122e-02  -1.99951937e-02  -1.56917152e-02   1.99998161e-02   1.99998768e-02  -1.99967122e-02   1.99998161e-02   1.19151220e-16   5.31911077e-16   5.43522153e-16   1.38321946e-16   1.10974448e-15   1.08757599e-15   5.31911077e-16   1.10974448e-15 
      0.64000000  1.57462729e-02  -1.99966309e-02  -1.99950600e-02  -1.57574623e-02   1.99998168e-02   1.99998776e-02  -1.99966309e-02   1.99998168e-02   1.37229642e-16   5.43249000e-16   5.37212527e-16   1.02830838e-16   1.08086437e-15   1.10279893e-15   5.43249000e-16   1.08086437e-15 
      0.65000000  1.58101394e-02  -1.99965487e-02  -1.99949246e-02  -1.58216306e-02   1.99998174e-02   1.99998783e-02  -1.99965487e-02   1.99998174e-02   1.16699319e-16   5.47965525e-16   5.41108485e-16   1.38650651e-16   1.09299448e-15   1.10416994e-15   5.47965525e-16   1.09299448e-15 
      0.66000000  1.58724760e-02  -1.99964657e-02  -1.99947876e-02  -1.58842723e-02   1.99998181e-02   1.99998791e-02  -1.99964657e-02   1.99998181e-02   1.36910839e-16   5.53218133e-16   5.17509112e-16   1.06670988e-16   1.10350924e-15   1.07741610e-15   5.53218133e-16   1.10350924e-15 
      0.67000000  1.59333328e-02  -1.99963819e-02  -1.99946491e-02  -1.59454374e-02   1.99998188e-02   1.99998799e-02  -1.99963819e-02   1.99998188e-02   1.37244621e-16   5.46278703e-16   5.46314074e-16   6.84720362e-17   1.10449406e-15   1.09235636e-15   5.46278703e-16   1.10449406e-15 
      0.68000000  1.59927579e-02  -1.99962974e-02  -1.99945089e-02  -1.60051739e-02   1.99998195e-02   1.99998806e-02  -1.99962974e-02   1.99998195e-02   1.37897193e-16   5.54610417e-16   5.45265751e-16   8.86300222e-17   1.10489931e-15   1.08363133e-15   5.54610417e-16   1.10489931e-15 
      0.69000000  1.60507976e-02  -1.99962121e-02  -1.99943672e-02  -1.60635281e-02   1.99998202e-02   1.99998814e-02  -1.99962121e-02   1.99998202e-02   1.36880028e-16   5.45088339e-16   5.28572867e-16   1.30583563e-16   1.10592636e-15   1.06664409e-15   5.45088339e-16   1.10592636e-15 
      0.70000000  1.61074963e-02  -1.99961260e-02  -1.99942240e-02  -1.61205444e-02   1.99998210e-02   1.99998822e-02  -1.99961260e-02   1.99998210e-02   1.25020591e-16   5.48934344e-16   5.49758535e-16   1.27866702e-16   1.10938866e-15   1.05345099e-15   5.48934344e-16   1.10938866e-15 
      0.71000000  1.61628967e-02  -1.99960392e-02  -1.99940792e-02  -1.61762653e-02   1.99998217e-02   1.99998829e-02  -1.99960392e-02   1.99998217e-02   1.22616326e-16   5.45276403e-16   5.14686456e-16   1.33721555e-16   1.10032718e-15   1.09863804e-15   5.45276403e-16   1.10032718e-15 
      0.72000000  1.62170399e-02  -1.99959517e-02  -1.99939330e-02  -1.62307321e-02   1.99998225e-02   1.99998837e-02  -1.99959517e-02   1.99998225e-02   1.37879406e-16   5.47322819e-16   5.10141010e-16   1.25474494e-16   1.09791688e-15   1.09715720e-15   5.47322819e-16   1.09791688e-15 
      0.73000000  1.62699655e-02  -1.99958635e-02  -1.99937854e-02  -1.62839842e-02   1.99998233e-02   1.99998845e-02  -1.99958635e-02   1.99998233e-02   1.38658014e-16   5.54249727e-16   5.49094008e-16   1.35440168e-16   1.08855875e-15   1.07291405e-15   5.54249727e-16   1.08855875e-15 
      0.74000000  1.63217115e-02  -1.99957745e-02  -1.99936363e-02  -1.63360595e-02   1.99998241e-02   1.99998852e-02  -1.99957745e-02   1.99998241e-02   1.08731817e-16   5.53230587e-16   5.17108375e-16   1.32699311e-16   1.10518376e-15   1.10381487e-15   5.53230587e-16   1.10518376e-15 
      0.75000000  1.63723146e-02  -1.99956849e-02  -1.99934858e-02  -1.63869948e-02   1.99998249e-02   1.99998860e-02  -1.99956849e-02   1.99998249e-02   1.26777070e-16   5.54610655e-16   5.53900665e-16   1.27842847e-16   1.10450357e-15   1.06321028e-15   5.54610655e-16   1.10450357e-15 
      0.76000000  1.64218100e-02  -1.99955946e-02  -1.99933339e-02  -1.64368251e-02   1.99998257e-02   1.99998868e-02  -1.99955946e-02   1.99998257e-02   1.34423812e-16   5.41392780e-16   5.47340747e-16   1.17134132e-16   1.09612800e-15   1.09861049e-15   5.41392780e-16   1.09612800e-15 
      0.77000000  1.64702318e-02  -1.99955036e-02  -1.99931807e-02  -1.64855845e-02   1.99998265e-02   1.99998876e-02  -1.99955036e-02   1.99998265e-02   1.32015907e-16   5.46278911e-16   5.42449968e-16   1.22251272e-16   1.09374515e-15   1.06700492e-15   5.46278911e-16   1.09374515e-15 
      0.78000000  1.65176126e-02  -1.99954119e-02  -1.99930262e-02  -1.65333056e-02   1.99998274e-02   1.99998883e-02  -1.99954119e-02   1.99998274e-02   1.38625001e-16   5.50482621e-16   5.44234382e-16   1.18488508e-16   1.10759637e-15   1.06078206e-15   5.50482621e-16   1.10759637e-15 
      0.79000000  1.65639840e-02  -1.99953196e-02  -1.99928704e-02  -1.65800199e-02   1.99998282e-02   1.99998891e-02  -1.99953196e-02   1.99998282e-02   1.35834853e-16   5.53554219e-16   5.54428836e-16   1.31987569e-16   1.10314077e-15   1.04442618e-15   5.53554219e-16   1.10314077e-15 
      0.80000000  1.66093765e-02  -1.99952267e-02  -1.99927132e-02  -1.66257579e-02   1.99998291e-02   1.99998899e-02  -1.99952267e-02   1.99998291e-02   1.26970827e-16   5.46621757e-16   5.32331556e-16   1.35102751e-16   1.10208564e-15   1.06490625e-15   5.46621757e-16   1.10208564e-15 
      0.81000000  1.66538194e-02  -1.99951331e-02  -1.99925549e-02  -1.66705487e-02   1.99998299e-02   1.99998906e-02  -1.99951331e-02   1.99998299e-02   1.37559119e-16   5.40317057e-16   5.53225319e-16   1.29566696e-16   1.10657765e-15   1.07745252e-15   5.40317057e-16   1.10657765e-15 
      0.82000000  1.66973409e-02  -1.99950389e-02  -1.99923953e-02  -1.67144208e-02   1.99998308e-02   1.99998914e-02  -1.99950389e-02   1.99998308e-02   1.22662817e-16   5.51946321e-16   5.28186337e-16   1.10109407e-16   1.10103942e-15   1.08927158e-15   5.51946321e-16   1.10103942e-15 
      0.83000000  1.67399685e-02  -1.99949442e-02  -1.99922346e-02  -1.67574012e-02   1.99998317e-02   1.99998922e-02  -1.99949442e-02   1.99998317e-02   1.30244286e-16   5.52522248e-16   5.39617991e-16   1.34798386e-16   1.10420100e-15   1.03959115e-15   5.52522248e-16   1.10420100e-15 
      0.84000000  1.67817285e-02  -1.99948488e-02  -1.99920727e-02  -1.67995165e-02   1.99998326e-02   1.99998929e-02  -1.99948488e-02   1.99998326e-02   1.27161332e-16   5.52520218e-16   5.15679397e-16   1.15710251e-16   1.10757968e-15   1.10385162e-15   5.52520218e-16   1.10757968e-15 
      0.85000000  1.68226464e-02  -1.99947529e-02  -1.99919096e-02  -1.68407918e-02   1.99998335e-02   1.99998937e-02  -1.99947529e-02   1.99998335e-02   1.38655707e-16   5.44539177e-16   5.21322875e-16   8.86279343e-17   1.09895645e-15   1.10105056e-15   5.44539177e-16   1.09895645e-15 
      0.86000000  1.68627467e-02  -1.99946563e-02  -1.99917455e-02  -1.68812519e-02   1.99998345e-02   1.99998945e-02  -1.99946563e-02   1.99998345e-02   1.28163131e-16   5.54265167e-16   5.47346142e-16   1.16704009e-16   1.09266879e-15   1.09690544e-15   5.54265167e-16   1.09266879e-15 
      0.87000000  1.69020532e-02  -1.99945593e-02  -1.99915803e-02  -1.69209204e-02   1.99998354e-02   1.99998952e-02  -1.99945593e-02   1.99998354e-02   1.19174449e-16   5.52874017e-16   5.43090264e-16   1.30851273e-16   1.08926022e-15   1.09096831e-15   5.52874017e-16   1.08926022e-15 
      0.88000000  1.69405889e-02  -1.99944617e-02  -1.99914140e-02  -1.69598203e-02   1.99998363e-02   1.99998960e-02  -1.99944617e-02   1.99998363e-02   1.28223189e-16   5.53561544e-16   5.54270290e-16   1.23994190e-16   1.10696891e-15   1.05032187e-15   5.53561544e-16   1.10696891e-15 
      0.89000000  1.69783761e-02  -1.99943635e-02  -1.99912467e-02  -1.69979736e-02   1.99998373e-02   1.99998968e-02  -1.99943635e-02   1.99998373e-02   2.71825315e-16   5.39744515e-16   5.41019242e-16   2.52425355e-16   1.10137881e-15   1.09684388e-15   5.39744515e-16   1.10137881e-15 
      0.90000000  1.70154360e-02  -1.99942649e-02  -1.99910785e-02  -1.70354019e-02   1.99998382e-02   1.99998975e-02  -1.99942649e-02   1.99998382e-02   2.67965734e-16   5.39986678e-16   5.35182860e-16   2.66266551e-16   1.10309310e-15   1.08924148e-15   5.39986678e-16   1.10309310e-15 
      0.91000000  1.70517897e-02  -1.99941657e-02  -1.99909092e-02  -1.70721258e-02   1.99998392e-02   1.99998983e-02  -1.99941657e-02   1.99998392e-02   2.67364020e-16   5.45960187e-16   5.34152690e-16   2.27412228e-16   1.09237620e-15   1.10524328e-15   5.45960187e-16   1.09237620e-15 
      0.92000000  1.70874571e-02  -1.99940660e-02  -1.99907391e-02  -1.71081654e-02   1.99998402e-02   1.99998990e-02  -1.99940660e-02   1.99998402e-02   2.72178608e-16   5.54984299e-16   5.28932732e-16   2.65980689e-16   1.09027927e-15   1.05626245e-15   5.54984299e-16   1.09027927e-15 
      0.93000000  1.71224578e-02  -1.99939659e-02  -1.99905681e-02  -1.71435401e-02   1.99998412e-02   1.99998998e-02  -1.99939659e-02   1.99998412e-02   2.50721715e-16   5.46655985e-16   5.34944521e-16   2.68388940e-16   1.10286152e-15   1.07568978e-15   5.46655985e-16   1.10286152e-15 
      0.94000000  1.71568106e-02  -1.99938653e-02  -1.99903962e-02  -1.71782688e-02   1.99998422e-02   1.99999006e-02  -1.99938653e-02   1.99998422e-02   2.51654490e-16   5.48648628e-16   5.27234682e-16   2.66677605e-16   1.09378837e-15   1.09968856e-15   5.48648628e-16   1.09378837e-15 
      0.95000000  1.71905337e-02  -1.99937642e-02  -1.99902235e-02  -1.72123696e-02   1.99998432e-02   1.99999013e-02  -1.99937642e-02   1.99998432e-02   2.71866418e-16   5.54971490e-16   5.43167124e-16   2.50971588e-16   1.08086469e-15   1.09620649e-15   5.54971490e-16   1.08086469e-15 
      0.96000000  1.72236450e-02  -1.99936626e-02  -1.99900500e-02  -1.72458602e-02   1.99998442e-02   1.99999021e-02  -1.99936626e-02   1.99998442e-02   2.56521620e-16   5.41419878e-16   5.46996653e-16   2.73596872e-16   1.10765313e-15   1.07704110e-15   5.41419878e-16   1.10765313e-15 
