delta      Pmax      control[0]      control[1]       control[2]      control[3]       control[4]      control[5]       control[6]      control[7]
      4.10000000       1.10000000  -4.92511072e-01  7.14527719e-01  7.74334681e-01  5.30559343e-01 -7.17260343e-01 -8.06917704e-01  7.14527719e-01 -7.17260343e-01
      4.00000000       1.10000000  -4.86522576e-01  7.10495781e-01  7.70031866e-01  5.25033064e-01 -7.13260455e-01 -8.03013006e-01  7.10495781e-01 -7.13260455e-01
      3.90000000       1.10000000  -4.80372045e-01  7.06327580e-01  7.65566724e-01  5.19353817e-01 -7.09124605e-01 -7.98954446e-01  7.06327580e-01 -7.09124605e-01
      3.80000000       1.10000000  -4.74052582e-01  7.02015472e-01  7.60929706e-01  5.13514794e-01 -7.04845131e-01 -7.94732599e-01  7.02015472e-01 -7.04845131e-01
      3.70000000       1.10000000  -4.67556898e-01  6.97551197e-01  7.56110489e-01  5.07508766e-01 -7.00413754e-01 -7.90337243e-01  6.97551197e-01 -7.00413754e-01
      3.60000000       1.10000000  -4.60877283e-01  6.92925814e-01  7.51097893e-01  5.01328053e-01 -6.95821508e-01 -7.85757276e-01  6.92925814e-01 -6.95821508e-01
      3.50000000       1.10000000  -4.54005581e-01  6.88129628e-01  7.45879791e-01  4.94964486e-01 -6.91058670e-01 -7.80980613e-01  6.88129628e-01 -6.91058670e-01
      3.40000000       1.10000000  -4.46933155e-01  6.83152100e-01  7.40443007e-01  4.88409369e-01 -6.86114671e-01 -7.75994078e-01  6.83152100e-01 -6.86114671e-01
      3.30000000       1.10000000  -4.39650858e-01  6.77981754e-01  7.34773194e-01  4.81653435e-01 -6.80978002e-01 -7.70783276e-01  6.77981754e-01 -6.80978002e-01
      3.20000000       1.10000000  -4.32148995e-01  6.72606066e-01  7.28854705e-01  4.74686799e-01 -6.75636099e-01 -7.65332444e-01  6.72606066e-01 -6.75636099e-01
      3.10000000       1.10000000  -4.24417286e-01  6.67011333e-01  7.22670439e-01  4.67498903e-01 -6.70075215e-01 -7.59624290e-01  6.67011333e-01 -6.70075215e-01
      3.00000000       1.10000000  -4.16444830e-01  6.61182526e-01  7.16201662e-01  4.60078462e-01 -6.64280276e-01 -7.53639793e-01  6.61182526e-01 -6.64280276e-01
      2.90000000       1.10000000  -4.08220058e-01  6.55103123e-01  7.09427812e-01  4.52413398e-01 -6.58234705e-01 -7.47357987e-01  6.55103123e-01 -6.58234705e-01
      2.80000000       1.10000000  -3.99730695e-01  6.48754901e-01  7.02326263e-01  4.44490772e-01 -6.51920223e-01 -7.40755697e-01  6.48754901e-01 -6.51920223e-01
      2.70000000       1.10000000  -3.90963710e-01  6.42117712e-01  6.94872061e-01  4.36296704e-01 -6.45316618e-01 -7.33807244e-01  6.42117712e-01 -6.45316618e-01
      2.60000000       1.10000000  -3.81905272e-01  6.35169201e-01  6.87037605e-01  4.27816290e-01 -6.38401468e-01 -7.26484088e-01  6.35169201e-01 -6.38401468e-01
      2.50000000       1.10000000  -3.72540707e-01  6.27884485e-01  6.78792289e-01  4.19033503e-01 -6.31149819e-01 -7.18754417e-01  6.27884485e-01 -6.31149819e-01
      2.40000000       1.10000000  -3.62854446e-01  6.20235771e-01  6.70102074e-01  4.09931095e-01 -6.23533803e-01 -7.10582660e-01  6.20235771e-01 -6.23533803e-01
      2.30000000       1.10000000  -3.52829986e-01  6.12191892e-01  6.60928987e-01  4.00490473e-01 -6.15522175e-01 -7.01928907e-01  6.12191892e-01 -6.15522175e-01
      2.20000000       1.10000000  -3.42449851e-01  6.03717756e-01  6.51230523e-01  3.90691573e-01 -6.07079767e-01 -6.92748222e-01  6.03717756e-01 -6.07079767e-01
      2.10000000       1.10000000  -3.31695561e-01  5.94773681e-01  6.40958942e-01  3.80512718e-01 -5.98166824e-01 -6.82989814e-01  5.94773681e-01 -5.98166824e-01
      2.00000000       1.10000000  -3.20547616e-01  5.85314579e-01  6.30060424e-01  3.69930458e-01 -5.88738190e-01 -6.72596043e-01  5.85314579e-01 -5.88738190e-01
      1.90000000       1.10000000  -3.08985499e-01  5.75288958e-01  6.18474047e-01  3.58919390e-01 -5.78742323e-01 -6.61501207e-01  5.75288958e-01 -5.78742323e-01
      1.80000000       1.10000000  -2.96987707e-01  5.64637688e-01  6.06130560e-01  3.47451968e-01 -5.68120065e-01 -6.49630068e-01  5.64637688e-01 -5.68120065e-01
      1.70000000       1.10000000  -2.84531825e-01  5.53292463e-01  5.92950872e-01  3.35498279e-01 -5.56803114e-01 -6.36896025e-01  5.53292463e-01 -5.56803114e-01
      1.60000000       1.10000000  -2.71594658e-01  5.41173855e-01  5.78844208e-01  3.23025807e-01 -5.44712104e-01 -6.23198860e-01  5.41173855e-01 -5.44712104e-01
      1.50000000       1.10000000  -2.58152458e-01  5.28188846e-01  5.63705806e-01  3.09999159e-01 -5.31754150e-01 -6.08421900e-01  5.28188846e-01 -5.31754150e-01
      1.40000000       1.10000000  -2.44181269e-01  5.14227651e-01  5.47414041e-01  2.96379774e-01 -5.17819705e-01 -5.92428438e-01  5.14227651e-01 -5.17819705e-01
      1.30000000       1.10000000  -2.29657452e-01  4.99159570e-01  5.29826784e-01  2.82125590e-01 -5.02778456e-01 -5.75057150e-01  4.99159570e-01 -5.02778456e-01
      1.20000000       1.10000000  -2.14558485e-01  4.82827523e-01  5.10776733e-01  2.67190669e-01 -4.86473900e-01 -5.56116163e-01  4.82827523e-01 -4.86473900e-01
      1.10000000       1.10000000  -1.98864125e-01  4.65040707e-01  4.90065339e-01  2.51524780e-01 -4.68716069e-01 -5.35375271e-01  4.65040707e-01 -4.68716069e-01
      1.00000000       1.10000000  -1.82558155e-01  4.45564602e-01  4.67454798e-01  2.35072900e-01 -4.49271596e-01 -5.12555555e-01  4.45564602e-01 -4.49271596e-01
      0.90000000       1.10000000  -1.65630962e-01  4.24107063e-01  4.42657273e-01  2.17774594e-01 -4.27849868e-01 -4.87315293e-01  4.24107063e-01 -4.27849868e-01
      0.80000000       1.10000000  -1.48083402e-01  4.00298588e-01  4.15320050e-01  1.99563159e-01 -4.04083283e-01 -4.59230417e-01  4.00298588e-01 -4.04083283e-01
      0.70000000       1.10000000  -1.29932674e-01  3.73663568e-01  3.85004561e-01  1.80364288e-01 -3.77498319e-01 -4.27766673e-01  3.73663568e-01 -3.77498319e-01
      0.60000000       1.10000000  -1.11221374e-01  3.43577122e-01  3.51155631e-01  1.60093628e-01 -3.47471722e-01 -3.92238685e-01  3.43577122e-01 -3.47471722e-01
      0.50000000       1.10000000  -9.20318579e-02  3.09197863e-01  3.13054366e-01  1.38651683e-01 -3.13161387e-01 -3.51747143e-01  3.09197863e-01 -3.13161387e-01
      0.40000000       1.10000000  -7.25097473e-02  2.69358015e-01  2.69741329e-01  1.15911782e-01 -2.73391293e-01 -3.05076806e-01  2.69358015e-01 -2.73391293e-01
      0.30000000       1.10000000  -5.29043172e-02  2.22371530e-01  2.19879805e-01  9.16880481e-02 -2.26444947e-01 -2.50516703e-01  2.22371530e-01 -2.26444947e-01
      0.20000000       1.10000000  -3.36429355e-02  1.65662937e-01  1.61476973e-01  6.56362359e-02 -1.69648227e-01 -1.85499694e-01  1.65662937e-01 -1.69648227e-01
      0.10000000       1.10000000  -1.54862106e-02  9.48983540e-02  9.11596518e-02  3.68579727e-02 -9.83191046e-02 -1.05689913e-01  9.48983540e-02 -9.83191046e-02
      4.10000000       1.00000000  -4.64834627e-01  6.92376635e-01  7.44000946e-01  5.05064726e-01 -6.96049407e-01 -7.76885502e-01  6.92376635e-01 -6.96049407e-01
      4.00000000       1.00000000  -4.58929189e-01  6.88277673e-01  7.39686556e-01  4.99583892e-01 -6.91973362e-01 -7.72949880e-01  6.88277673e-01 -6.91973362e-01
      3.90000000       1.00000000  -4.52869440e-01  6.84042902e-01  7.35212254e-01  4.93956256e-01 -6.87761417e-01 -7.68862039e-01  6.84042902e-01 -6.87761417e-01
      3.80000000       1.00000000  -4.46649054e-01  6.79664798e-01  7.30568728e-01  4.88175483e-01 -6.83406011e-01 -7.64612731e-01  6.79664798e-01 -6.83406011e-01
      3.70000000       1.00000000  -4.40261358e-01  6.75135236e-01  7.25745915e-01  4.82234860e-01 -6.78898978e-01 -7.60191934e-01  6.75135236e-01 -6.78898978e-01
      3.60000000       1.00000000  -4.33699314e-01  6.70445427e-01  7.20732928e-01  4.76127269e-01 -6.74231484e-01 -7.55588769e-01  6.70445427e-01 -6.74231484e-01
      3.50000000       1.00000000  -4.26955496e-01  6.65585845e-01  7.15517965e-01  4.69845154e-01 -6.69393956e-01 -7.50791401e-01  6.65585845e-01 -6.69393956e-01
      3.40000000       1.00000000  -4.20022064e-01  6.60546148e-01  7.10088214e-01  4.63380486e-01 -6.64375996e-01 -7.45786939e-01  6.60546148e-01 -6.64375996e-01
      3.30000000       1.00000000  -4.12890742e-01  6.55315079e-01  7.04429741e-01  4.56724730e-01 -6.59166291e-01 -7.40561305e-01  6.55315079e-01 -6.59166291e-01
      3.20000000       1.00000000  -4.05552785e-01  6.49880366e-01  6.98527357e-01  4.49868802e-01 -6.53752502e-01 -7.35099102e-01  6.49880366e-01 -6.53752502e-01
      3.10000000       1.00000000  -3.97998956e-01  6.44228591e-01  6.92364483e-01  4.42803022e-01 -6.48121141e-01 -7.29383447e-01  6.44228591e-01 -6.48121141e-01
      3.00000000       1.00000000  -3.90219492e-01  6.38345052e-01  6.85922975e-01  4.35517069e-01 -6.42257432e-01 -7.23395791e-01  6.38345052e-01 -6.42257432e-01
      2.90000000       1.00000000  -3.82204076e-01  6.32213599e-01  6.79182938e-01  4.27999927e-01 -6.36145141e-01 -7.17115704e-01  6.32213599e-01 -6.36145141e-01
      2.80000000       1.00000000  -3.73941809e-01  6.25816440e-01  6.72122510e-01  4.20239822e-01 -6.29766387e-01 -7.10520629e-01  6.25816440e-01 -6.29766387e-01
      2.70000000       1.00000000  -3.65421172e-01  6.19133919e-01  6.64717602e-01  4.12224165e-01 -6.23101419e-01 -7.03585594e-01  6.19133919e-01 -6.23101419e-01
      2.60000000       1.00000000  -3.56630001e-01  6.12144252e-01  6.56941611e-01  4.03939472e-01 -6.16128353e-01 -6.96282881e-01  6.12144252e-01 -6.16128353e-01
      2.50000000       1.00000000  -3.47555459e-01  6.04823220e-01  6.48765075e-01  3.95371294e-01 -6.08822861e-01 -6.88581629e-01  6.04823220e-01 -6.08822861e-01
      2.40000000       1.00000000  -3.38184007e-01  5.97143800e-01  6.40155276e-01  3.86504123e-01 -6.01157807e-01 -6.80447377e-01  5.97143800e-01 -6.01157807e-01
      2.30000000       1.00000000  -3.28501385e-01  5.89075725e-01  6.31075768e-01  3.77321306e-01 -5.93102814e-01 -6.71841511e-01  5.89075725e-01 -5.93102814e-01
      2.20000000       1.00000000  -3.18492604e-01  5.80584967e-01  6.21485828e-01  3.67804931e-01 -5.84623734e-01 -6.62720622e-01  5.80584967e-01 -5.84623734e-01
      2.10000000       1.00000000  -3.08141934e-01  5.71633094e-01  6.11339795e-01  3.57935721e-01 -5.75682024e-01 -6.53035722e-01  5.71633094e-01 -5.75682024e-01
      2.00000000       1.00000000  -2.97432932e-01  5.62176507e-01  6.00586288e-01  3.47692899e-01 -5.66233980e-01 -6.42731310e-01  5.62176507e-01 -5.66233980e-01
      1.90000000       1.00000000  -2.86348467e-01  5.52165496e-01  5.89167266e-01  3.37054053e-01 -5.56229799e-01 -6.31744246e-01  5.52165496e-01 -5.56229799e-01
      1.80000000       1.00000000  -2.74870801e-01  5.41543075e-01  5.77016894e-01  3.25994981e-01 -5.45612429e-01 -6.20002365e-01  5.41543075e-01 -5.45612429e-01
      1.70000000       1.00000000  -2.62981697e-01  5.30243539e-01  5.64060156e-01  3.14489519e-01 -5.34316134e-01 -6.07422788e-01  5.30243539e-01 -5.34316134e-01
      1.60000000       1.00000000  -2.50662599e-01  5.18190644e-01  5.50211171e-01  3.02509355e-01 -5.22264692e-01 -5.93909832e-01  5.18190644e-01 -5.22264692e-01
      1.50000000       1.00000000  -2.37894902e-01  5.05295306e-01  5.35371092e-01  2.90023825e-01 -5.09369118e-01 -5.79352392e-01  5.05295306e-01 -5.09369118e-01
      1.40000000       1.00000000  -2.24660338e-01  4.91452646e-01  5.19425500e-01  2.76999676e-01 -4.95524737e-01 -5.63620656e-01  4.91452646e-01 -4.95524737e-01
      1.30000000       1.00000000  -2.10941544e-01  4.76538158e-01  5.02241112e-01  2.63400817e-01 -4.80607393e-01 -5.46561917e-01  4.76538158e-01 -4.80607393e-01
      1.20000000       1.00000000  -1.96722870e-01  4.60402674e-01  4.83661581e-01  2.49188026e-01 -4.64468456e-01 -5.27995174e-01  4.60402674e-01 -4.64468456e-01
      1.10000000       1.00000000  -1.81991550e-01  4.42865652e-01  4.63502068e-01  2.34318607e-01 -4.46928165e-01 -5.07704099e-01  4.42865652e-01 -4.46928165e-01
      1.00000000       1.00000000  -1.66739374e-01  4.23706075e-01  4.41542113e-01  2.18745975e-01 -4.27766579e-01 -4.85427704e-01  4.23706075e-01 -4.27766579e-01
      0.90000000       1.00000000  -1.50965126e-01  4.02649898e-01  4.17516096e-01  2.02419098e-01 -4.06711054e-01 -4.60847757e-01  4.02649898e-01 -4.06711054e-01
      0.80000000       1.00000000  -1.34678143e-01  3.79352366e-01  3.91100192e-01  1.85281680e-01 -3.83418503e-01 -4.33571455e-01  3.79352366e-01 -3.83418503e-01
      0.70000000       1.00000000  -1.17903608e-01  3.53372485e-01  3.61894031e-01  1.67270787e-01 -3.57449623e-01 -4.03106936e-01  3.53372485e-01 -3.57449623e-01
      0.60000000       1.00000000  -1.00690557e-01  3.24135099e-01  3.29394012e-01  1.48314272e-01 -3.28230181e-01 -3.68827562e-01  3.24135099e-01 -3.28230181e-01
      0.50000000       1.00000000  -8.31243178e-02  2.90872497e-01  2.92952676e-01  1.28325381e-01 -2.94990557e-01 -3.29917619e-01  2.90872497e-01 -2.94990557e-01
      0.40000000       1.00000000  -6.53464814e-02  2.52530249e-01  2.51712909e-01  1.07190253e-01 -2.56666125e-01 -2.85284928e-01  2.52530249e-01 -2.56666125e-01
      0.30000000       1.00000000  -4.75885179e-02  2.07605129e-01  2.04491535e-01  8.47356569e-02 -2.11720372e-01 -2.33408189e-01  2.07605129e-01 -2.11720372e-01
      0.20000000       1.00000000  -3.02324425e-02  1.53836114e-01  1.49543041e-01  6.06325464e-02 -1.57791085e-01 -1.72033202e-01  1.53836114e-01 -1.57791085e-01
      0.10000000       1.00000000  -1.39345376e-02  8.74884536e-02  8.39466873e-02  3.40252520e-02 -9.08040134e-02 -9.74062821e-02  8.74884536e-02 -9.08040134e-02
      4.10000000       0.90000000  -4.34042447e-01  6.65431441e-01  7.07348493e-01  4.76165953e-01 -6.70338307e-01 -7.39658265e-01  6.65431441e-01 -6.70338307e-01
      4.00000000       0.90000000  -4.28284931e-01  6.61325257e-01  7.03137804e-01  4.70796303e-01 -6.66236900e-01 -7.35825889e-01  6.61325257e-01 -6.66236900e-01
      3.90000000       0.90000000  -4.22381992e-01  6.57084511e-01  6.98770239e-01  4.65287087e-01 -6.62000436e-01 -7.31843482e-01  6.57084511e-01 -6.62000436e-01
      3.80000000       0.90000000  -4.16327913e-01  6.52701838e-01  6.94236750e-01  4.59632481e-01 -6.57621496e-01 -7.27702002e-01  6.52701838e-01 -6.57621496e-01
      3.70000000       0.90000000  -4.10116683e-01  6.48169293e-01  6.89527572e-01  4.53826329e-01 -6.53092074e-01 -7.23391657e-01  6.48169293e-01 -6.53092074e-01
      3.60000000       0.90000000  -4.03741981e-01  6.43478286e-01  6.84632147e-01  4.47862115e-01 -6.48403516e-01 -7.18901822e-01  6.43478286e-01 -6.48403516e-01
      3.50000000       0.90000000  -3.97197158e-01  6.38619514e-01  6.79539041e-01  4.41732939e-01 -6.43546450e-01 -7.14220950e-01  6.38619514e-01 -6.43546450e-01
      3.40000000       0.90000000  -3.90475222e-01  6.33582885e-01  6.74235851e-01  4.35431487e-01 -6.38510707e-01 -7.09336472e-01  6.33582885e-01 -6.38510707e-01
      3.30000000       0.90000000  -3.83568812e-01  6.28357424e-01  6.68709100e-01  4.28949999e-01 -6.33285231e-01 -7.04234672e-01  6.28357424e-01 -6.33285231e-01
      3.20000000       0.90000000  -3.76470187e-01  6.22931173e-01  6.62944117e-01  4.22280237e-01 -6.27857975e-01 -6.98900562e-01  6.22931173e-01 -6.27857975e-01
      3.10000000       0.90000000  -3.69171199e-01  6.17291073e-01  6.56924900e-01  4.15413448e-01 -6.22215785e-01 -6.93317725e-01  6.17291073e-01 -6.22215785e-01
      3.00000000       0.90000000  -3.61663277e-01  6.11422828e-01  6.50633959e-01  4.08340322e-01 -6.16344262e-01 -6.87468136e-01  6.11422828e-01 -6.16344262e-01
      2.90000000       0.90000000  -3.53937405e-01  6.05310744e-01  6.44052141e-01  4.01050949e-01 -6.10227602e-01 -6.81331969e-01  6.05310744e-01 -6.10227602e-01
      2.80000000       0.90000000  -3.45984105e-01  5.98937555e-01  6.37158419e-01  3.93534771e-01 -6.03848422e-01 -6.74887351e-01  5.98937555e-01 -6.03848422e-01
      2.70000000       0.90000000  -3.37793417e-01  5.92284202e-01  6.29929663e-01  3.85780529e-01 -5.97187538e-01 -6.68110103e-01  5.92284202e-01 -5.97187538e-01
      2.60000000       0.90000000  -3.29354887e-01  5.85329587e-01  6.22340360e-01  3.77776207e-01 -5.90223720e-01 -6.60973413e-01  5.85329587e-01 -5.90223720e-01
      2.50000000       0.90000000  -3.20657548e-01  5.78050281e-01  6.14362299e-01  3.69508966e-01 -5.82933402e-01 -6.53447474e-01  5.78050281e-01 -5.82933402e-01
      2.40000000       0.90000000  -3.11689924e-01  5.70420174e-01  6.05964203e-01  3.60965081e-01 -5.75290332e-01 -6.45499046e-01  5.70420174e-01 -5.75290332e-01
      2.30000000       0.90000000  -3.02440016e-01  5.62410065e-01  5.97111288e-01  3.52129858e-01 -5.67265159e-01 -6.37090943e-01  5.62410065e-01 -5.67265159e-01
      2.20000000       0.90000000  -2.92895326e-01  5.53987162e-01  5.87764760e-01  3.42987561e-01 -5.58824947e-01 -6.28181426e-01  5.53987162e-01 -5.58824947e-01
      2.10000000       0.90000000  -2.83042867e-01  5.45114492e-01  5.77881203e-01  3.33521315e-01 -5.49932579e-01 -6.18723478e-01  5.45114492e-01 -5.49932579e-01
      2.00000000       0.90000000  -2.72869214e-01  5.35750177e-01  5.67411867e-01  3.23713010e-01 -5.40546040e-01 -6.08663935e-01  5.35750177e-01 -5.40546040e-01
      1.90000000       0.90000000  -2.62360567e-01  5.25846550e-01  5.56301803e-01  3.13543194e-01 -5.30617548e-01 -5.97942434e-01  5.25846550e-01 -5.30617548e-01
      1.80000000       0.90000000  -2.51502851e-01  5.15349076e-01  5.44488832e-01  3.02990954e-01 -5.20092471e-01 -5.86490146e-01  5.15349076e-01 -5.20092471e-01
      1.70000000       0.90000000  -2.40281863e-01  5.04195003e-01  5.31902291e-01  2.92033788e-01 -5.08908006e-01 -5.74228211e-01  5.04195003e-01 -5.08908006e-01
      1.60000000       0.90000000  -2.28683483e-01  4.92311683e-01  5.18461500e-01  2.80647461e-01 -4.96991506e-01 -5.61065831e-01  4.92311683e-01 -4.96991506e-01
      1.50000000       0.90000000  -2.16693968e-01  4.79614444e-01  5.04073882e-01  2.68805848e-01 -4.84258385e-01 -5.46897881e-01  4.79614444e-01 -4.84258385e-01
      1.40000000       0.90000000  -2.04300366e-01  4.66003883e-01  4.88632627e-01  2.56480760e-01 -4.70609430e-01 -5.31601925e-01  4.66003883e-01 -4.70609430e-01
      1.30000000       0.90000000  -1.91491093e-01  4.51362362e-01  4.72013752e-01  2.43641745e-01 -4.55927344e-01 -5.15034440e-01  4.51362362e-01 -4.55927344e-01
      1.20000000       0.90000000  -1.78256730e-01  4.35549437e-01  4.54072391e-01  2.30255853e-01 -4.40072206e-01 -4.97025975e-01  4.35549437e-01 -4.40072206e-01
      1.10000000       0.90000000  -1.64591148e-01  4.18395800e-01  4.34638001e-01  2.16287355e-01 -4.22875465e-01 -4.77374876e-01  4.18395800e-01 -4.22875465e-01
      1.00000000       0.90000000  -1.50493079e-01  3.99695122e-01  4.13508128e-01  2.01697372e-01 -4.04131818e-01 -4.55839028e-01  3.99695122e-01 -4.04131818e-01
      0.90000000       0.90000000  -1.35968343e-01  3.79192901e-01  3.90440107e-01  1.86443350e-01 -3.83588057e-01 -4.32124802e-01  3.79192901e-01 -3.83588057e-01
      0.80000000       0.90000000  -1.21033045e-01  3.56570885e-01  3.65139795e-01  1.70478231e-01 -3.60927396e-01 -4.05871959e-01  3.56570885e-01 -3.60927396e-01
      0.70000000       0.90000000  -1.05718221e-01  3.31424825e-01  3.37245848e-01  1.53749020e-01 -3.35746893e-01 -3.76632511e-01  3.31424825e-01 -3.35746893e-01
      0.60000000       0.90000000  -9.00767332e-02  3.03231818e-01  3.06307016e-01  1.36194056e-01 -3.07523892e-01 -3.43840191e-01  3.03231818e-01 -3.07523892e-01
      0.50000000       0.90000000  -7.41937694e-02  2.71300691e-01  2.71747837e-01  1.17737350e-01 -2.75564152e-01 -3.06764497e-01  2.71300691e-01 -2.75564152e-01
      0.40000000       0.90000000  -5.82033620e-02  2.34693188e-01  2.32813492e-01  9.82758060e-02 -2.38917392e-01 -2.64437527e-01  2.34693188e-01 -2.38917392e-01
      0.30000000       0.90000000  -4.23156112e-02  1.92090483e-01  1.88472858e-01  7.76472409e-02 -1.96229040e-01 -2.15527374e-01  1.92090483e-01 -1.96229040e-01
      0.20000000       0.90000000  -2.68647229e-02  1.41542582e-01  1.37222562e-01  5.55381078e-02 -1.45446536e-01 -1.58088041e-01  1.41542582e-01 -1.45446536e-01
      0.10000000       0.90000000  -1.24047772e-02  7.98930620e-02  7.65784955e-02  3.11415894e-02 -8.30861046e-02 -8.89292225e-02  7.98930620e-02 -8.30861046e-02
      4.10000000       0.80000000  -3.99695936e-01  6.31881342e-01  6.62904102e-01  4.43008257e-01 -6.38293407e-01 -6.93392291e-01  6.31881342e-01 -6.38293407e-01
      4.00000000       0.80000000  -3.94172804e-01  6.27886629e-01  6.58960298e-01  4.37855328e-01 -6.34278251e-01 -6.89859577e-01  6.27886629e-01 -6.34278251e-01
      3.90000000       0.80000000  -3.88513990e-01  6.23758515e-01  6.54862696e-01  4.32570293e-01 -6.30128640e-01 -6.86178750e-01  6.23758515e-01 -6.30128640e-01
      3.80000000       0.80000000  -3.82714428e-01  6.19489845e-01  6.50602543e-01  4.27147884e-01 -6.25837351e-01 -6.82340988e-01  6.19489845e-01 -6.25837351e-01
      3.70000000       0.80000000  -3.76768812e-01  6.15072905e-01  6.46170400e-01  4.21582544e-01 -6.21396597e-01 -6.78336749e-01  6.15072905e-01 -6.21396597e-01
      3.60000000       0.80000000  -3.70671578e-01  6.10499360e-01  6.41556074e-01  4.15868404e-01 -6.16797966e-01 -6.74155687e-01  6.10499360e-01 -6.16797966e-01
      3.50000000       0.80000000  -3.64416901e-01  6.05760193e-01  6.36748534e-01  4.09999262e-01 -6.12032356e-01 -6.69786568e-01  6.05760193e-01 -6.12032356e-01
      3.40000000       0.80000000  -3.57998676e-01  6.00845624e-01  6.31735830e-01  4.03968563e-01 -6.07089895e-01 -6.65217175e-01  6.00845624e-01 -6.07089895e-01
      3.30000000       0.80000000  -3.51410505e-01  5.95745031e-01  6.26504991e-01  3.97769369e-01 -6.01959863e-01 -6.60434189e-01  5.95745031e-01 -6.01959863e-01
      3.20000000       0.80000000  -3.44645692e-01  5.90446847e-01  6.21041912e-01  3.91394332e-01 -5.96630587e-01 -6.55423072e-01  5.90446847e-01 -5.96630587e-01
      3.10000000       0.80000000  -3.37697220e-01  5.84938453e-01  6.15331225e-01  3.84835667e-01 -5.91089332e-01 -6.50167914e-01  5.84938453e-01 -5.91089332e-01
      3.00000000       0.80000000  -3.30557751e-01  5.79206044e-01  6.09356159e-01  3.78085119e-01 -5.85322173e-01 -6.44651269e-01  5.79206044e-01 -5.85322173e-01
      2.90000000       0.80000000  -3.23219608e-01  5.73234486e-01  6.03098369e-01  3.71133926e-01 -5.79313845e-01 -6.38853970e-01  5.73234486e-01 -5.79313845e-01
      2.80000000       0.80000000  -3.15674770e-01  5.67007139e-01  5.96537747e-01  3.63972782e-01 -5.73047570e-01 -6.32754898e-01  5.67007139e-01 -5.73047570e-01
      2.70000000       0.80000000  -3.07914866e-01  5.60505660e-01  5.89652205e-01  3.56591797e-01 -5.66504859e-01 -6.26330738e-01  5.60505660e-01 -5.66504859e-01
      2.60000000       0.80000000  -2.99931172e-01  5.53709767e-01  5.82417419e-01  3.48980448e-01 -5.59665276e-01 -6.19555675e-01  5.53709767e-01 -5.59665276e-01
      2.50000000       0.80000000  -2.91714615e-01  5.46596962e-01  5.74806539e-01  3.41127538e-01 -5.52506166e-01 -6.12401053e-01  5.46596962e-01 -5.52506166e-01
      2.40000000       0.80000000  -2.83255777e-01  5.39142208e-01  5.66789848e-01  3.33021135e-01 -5.45002327e-01 -6.04834967e-01  5.39142208e-01 -5.45002327e-01
      2.30000000       0.80000000  -2.74544919e-01  5.31317542e-01  5.58334363e-01  3.24648519e-01 -5.37125629e-01 -5.96821788e-01  5.31317542e-01 -5.37125629e-01
      2.20000000       0.80000000  -2.65572004e-01  5.23091612e-01  5.49403371e-01  3.15996120e-01 -5.28844556e-01 -5.88321600e-01  5.23091612e-01 -5.28844556e-01
      2.10000000       0.80000000  -2.56326740e-01  5.14429127e-01  5.39955880e-01  3.07049446e-01 -5.20123654e-01 -5.79289532e-01  5.14429127e-01 -5.20123654e-01
      2.00000000       0.80000000  -2.46798646e-01  5.05290180e-01  5.29945963e-01  2.97793016e-01 -5.10922870e-01 -5.69674954e-01  5.05290180e-01 -5.10922870e-01
      1.90000000       0.80000000  -2.36977137e-01  4.95629443e-01  5.19321988e-01  2.88210272e-01 -5.01196745e-01 -5.59420520e-01  4.95629443e-01 -5.01196745e-01
      1.80000000       0.80000000  -2.26851648e-01  4.85395160e-01  5.08025684e-01  2.78283498e-01 -4.90893425e-01 -5.48461005e-01  4.85395160e-01 -4.90893425e-01
      1.70000000       0.80000000  -2.16411802e-01  4.74527919e-01  4.95991023e-01  2.67993719e-01 -4.79953443e-01 -5.36721892e-01  4.74527919e-01 -4.79953443e-01
      1.60000000       0.80000000  -2.05647634e-01  4.62959112e-01  4.83142855e-01  2.57320597e-01 -4.68308200e-01 -5.24117642e-01  4.62959112e-01 -4.68308200e-01
      1.50000000       0.80000000  -1.94549902e-01  4.50609002e-01  4.69395242e-01  2.46242313e-01 -4.55878055e-01 -5.10549547e-01  4.50609002e-01 -4.55878055e-01
      1.40000000       0.80000000  -1.83110502e-01  4.37384276e-01  4.54649402e-01  2.34735431e-01 -4.42569907e-01 -4.95903070e-01  4.37384276e-01 -4.42569907e-01
      1.30000000       0.80000000  -1.71323029e-01  4.23174894e-01  4.38791135e-01  2.22774740e-01 -4.28274073e-01 -4.80044488e-01  4.23174894e-01 -4.28274073e-01
      1.20000000       0.80000000  -1.59183540e-01  4.07850004e-01  4.21687591e-01  2.10333061e-01 -4.12860249e-01 -4.62816622e-01  4.07850004e-01 -4.12860249e-01
      1.10000000       0.80000000  -1.46691590e-01  3.91252572e-01  4.03183138e-01  1.97380999e-01 -3.96172170e-01 -4.44033351e-01  3.91252572e-01 -3.96172170e-01
      1.00000000       0.80000000  -1.33851663e-01  3.73192218e-01  3.83094011e-01  1.83886591e-01 -3.78020465e-01 -4.23472445e-01  3.73192218e-01 -3.78020465e-01
      0.90000000       0.80000000  -1.20675141e-01  3.53435495e-01  3.61201248e-01  1.69814787e-01 -3.58172912e-01 -4.00866061e-01  3.53435495e-01 -3.58172912e-01
      0.80000000       0.80000000  -1.07183085e-01  3.31692481e-01  3.37241190e-01  1.55126590e-01 -3.36340881e-01 -3.75887893e-01  3.31692481e-01 -3.36340881e-01
      0.70000000       0.80000000  -9.34101907e-02  3.07597845e-01  3.10892329e-01  1.39777541e-01 -3.12159999e-01 -3.48135370e-01  3.07597845e-01 -3.12159999e-01
      0.60000000       0.80000000  -7.94105387e-02  2.80683451e-01  2.81756489e-01  1.23714848e-01 -2.85161730e-01 -3.17104241e-01  2.80683451e-01 -2.85161730e-01
      0.50000000       0.80000000  -6.52661798e-02  2.50337384e-01  2.49330643e-01  1.06871549e-01 -2.54730000e-01 -2.82150780e-01  2.50337384e-01 -2.54730000e-01
      0.40000000       0.80000000  -5.11003541e-02  2.15739980e-01  2.12961980e-01  8.91536805e-02 -2.20031470e-01 -2.42432326e-01  2.15739980e-01 -2.20031470e-01
      0.30000000       0.80000000  -3.70987891e-02  1.75757450e-01  1.71769424e-01  7.04092245e-02 -1.79894641e-01 -1.96805476e-01  1.75757450e-01 -1.79894641e-01
      0.20000000       0.80000000  -2.35463846e-02  1.28745397e-01  1.24485517e-01  5.03415507e-02 -1.32572591e-01 -1.43626295e-01  1.28745397e-01 -1.32572591e-01
      0.10000000       0.80000000  -1.08986049e-02  7.21009118e-02  6.90447910e-02  2.82003386e-02 -7.51511775e-02 -8.02459933e-02  7.21009118e-02 -7.51511775e-02
      4.10000000       0.70000000  -3.61466143e-01  5.89248703e-01  6.09115865e-01  4.04497363e-01 -5.97207698e-01 -6.36229097e-01  5.89248703e-01 -5.97207698e-01
      4.00000000       0.70000000  -3.56281992e-01  5.85574581e-01  6.05644590e-01  3.99725858e-01 -5.93498141e-01 -6.33241337e-01  5.85574581e-01 -5.93498141e-01
      3.90000000       0.70000000  -3.50972535e-01  5.81766349e-01  6.02022772e-01  3.94828105e-01 -5.89651710e-01 -6.30107621e-01  5.81766349e-01 -5.89651710e-01
      3.80000000       0.70000000  -3.45533389e-01  5.77817119e-01  5.98241944e-01  3.89799456e-01 -5.85661478e-01 -6.26819292e-01  5.77817119e-01 -5.85661478e-01
      3.70000000       0.70000000  -3.39959984e-01  5.73719472e-01  5.94292987e-01  3.84635013e-01 -5.81519978e-01 -6.23367002e-01  5.73719472e-01 -5.81519978e-01
      3.60000000       0.70000000  -3.34247551e-01  5.69465396e-01  5.90166066e-01  3.79329620e-01 -5.77219147e-01 -6.19740634e-01  5.69465396e-01 -5.77219147e-01
      3.50000000       0.70000000  -3.28391119e-01  5.65046231e-01  5.85850561e-01  3.73877840e-01 -5.72750261e-01 -6.15929223e-01  5.65046231e-01 -5.72750261e-01
      3.40000000       0.70000000  -3.22385505e-01  5.60452595e-01  5.81334980e-01  3.68273937e-01 -5.68103869e-01 -6.11920863e-01  5.60452595e-01 -5.68103869e-01
      3.30000000       0.70000000  -3.16225309e-01  5.55674300e-01  5.76606869e-01  3.62511860e-01 -5.63269708e-01 -6.07702604e-01  5.55674300e-01 -5.63269708e-01
      3.20000000       0.70000000  -3.09904908e-01  5.50700268e-01  5.71652709e-01  3.56585217e-01 -5.58236612e-01 -6.03260328e-01  5.50700268e-01 -5.58236612e-01
      3.10000000       0.70000000  -3.03418452e-01  5.45518418e-01  5.66457796e-01  3.50487252e-01 -5.52992408e-01 -5.98578617e-01  5.45518418e-01 -5.52992408e-01
      3.00000000       0.70000000  -2.96759858e-01  5.40115552e-01  5.61006109e-01  3.44210825e-01 -5.47523792e-01 -5.93640597e-01  5.40115552e-01 -5.47523792e-01
      2.90000000       0.70000000  -2.89922813e-01  5.34477212e-01  5.55280155e-01  3.37748378e-01 -5.41816193e-01 -5.88427758e-01  5.34477212e-01 -5.41816193e-01
      2.80000000       0.70000000  -2.82900770e-01  5.28587518e-01  5.49260798e-01  3.31091912e-01 -5.35853614e-01 -5.82919749e-01  5.28587518e-01 -5.35853614e-01
      2.70000000       0.70000000  -2.75686959e-01  5.22428986e-01  5.42927054e-01  3.24232953e-01 -5.29618439e-01 -5.77094142e-01  5.22428986e-01 -5.29618439e-01
      2.60000000       0.70000000  -2.68274389e-01  5.15982305e-01  5.36255864e-01  3.17162518e-01 -5.23091223e-01 -5.70926157e-01  5.15982305e-01 -5.23091223e-01
      2.50000000       0.70000000  -2.60655867e-01  5.09226085e-01  5.29221826e-01  3.09871080e-01 -5.16250434e-01 -5.64388342e-01  5.09226085e-01 -5.16250434e-01
      2.40000000       0.70000000  -2.52824017e-01  5.02136552e-01  5.21796889e-01  3.02348528e-01 -5.09072152e-01 -5.57450201e-01  5.02136552e-01 -5.09072152e-01
      2.30000000       0.70000000  -2.44771312e-01  4.94687195e-01  5.13949990e-01  2.94584127e-01 -5.01529720e-01 -5.50077756e-01  4.94687195e-01 -5.01529720e-01
      2.20000000       0.70000000  -2.36490115e-01  4.86848337e-01  5.05646641e-01  2.86566469e-01 -4.93593320e-01 -5.42233030e-01  4.86848337e-01 -4.93593320e-01
      2.10000000       0.70000000  -2.27972740e-01  4.78586632e-01  4.96848431e-01  2.78283427e-01 -4.85229470e-01 -5.33873443e-01  4.78586632e-01 -4.85229470e-01
      2.00000000       0.70000000  -2.19211522e-01  4.69864450e-01  4.87512447e-01  2.69722098e-01 -4.76400421e-01 -5.24951079e-01  4.69864450e-01 -4.76400421e-01
      1.90000000       0.70000000  -2.10198928e-01  4.60639132e-01  4.77590587e-01  2.60868748e-01 -4.67063424e-01 -5.15411825e-01  4.60639132e-01 -4.67063424e-01
      1.80000000       0.70000000  -2.00927684e-01  4.50862092e-01  4.67028740e-01  2.51708748e-01 -4.57169832e-01 -5.05194325e-01  4.50862092e-01 -4.57169832e-01
      1.70000000       0.70000000  -1.91390956e-01  4.40477697e-01  4.55765799e-01  2.42226503e-01 -4.46664010e-01 -4.94228720e-01  4.40477697e-01 -4.46664010e-01
      1.60000000       0.70000000  -1.81582578e-01  4.29421888e-01  4.43732472e-01  2.32405371e-01 -4.35481966e-01 -4.82435108e-01  4.29421888e-01 -4.35481966e-01
      1.50000000       0.70000000  -1.71497359e-01  4.17620457e-01  4.30849838e-01  2.22227577e-01 -4.23549656e-01 -4.69721656e-01  4.17620457e-01 -4.23549656e-01
      1.40000000       0.70000000  -1.61131477e-01  4.04986871e-01  4.17027571e-01  2.11674102e-01 -4.10780834e-01 -4.55982269e-01  4.04986871e-01 -4.10780834e-01
      1.30000000       0.70000000  -1.50483007e-01  3.91419499e-01  4.02161745e-01  2.00724555e-01 -3.97074311e-01 -4.41093670e-01  3.91419499e-01 -3.97074311e-01
      1.20000000       0.70000000  -1.39552610e-01  3.76798046e-01  3.86132088e-01  1.89357000e-01 -3.82310422e-01 -4.24911727e-01  3.76798046e-01 -3.82310422e-01
      1.10000000       0.70000000  -1.28344463e-01  3.60978897e-01  3.68798506e-01  1.77547723e-01 -3.66346397e-01 -4.07266766e-01  3.60978897e-01 -3.66346397e-01
      1.00000000       0.70000000  -1.16867499e-01  3.43788977e-01  3.49996619e-01  1.65270887e-01 -3.49010219e-01 -3.87957522e-01  3.43788977e-01 -3.49010219e-01
      0.90000000       0.70000000  -1.05137094e-01  3.25017523e-01  3.29531931e-01  1.52497996e-01 -3.30092341e-01 -3.66743197e-01  3.25017523e-01 -3.30092341e-01
      0.80000000       0.70000000  -9.31773846e-02  3.04404860e-01  3.07172069e-01  1.39196989e-01 -3.09334267e-01 -3.43332858e-01  3.04404860e-01 -3.09334267e-01
      0.70000000       0.70000000  -8.10245099e-02  2.81626813e-01  2.82636143e-01  1.25330659e-01 -2.86412485e-01 -3.17370947e-01  2.81626813e-01 -2.86412485e-01
      0.60000000       0.70000000  -6.87312259e-02  2.56272513e-01  2.55579701e-01  1.10853683e-01 -2.60915151e-01 -2.88416882e-01  2.56272513e-01 -2.60915151e-01
      0.50000000     