      0.01000000 -1.39236551e-03  1.39332986e-03  1.39543218e-03  1.39274522e-03 -1.39332979e-03 -1.39581150e-03  1.39370974e-03 -1.39370974e-03
      0.11000000 -5.64223774e-03  5.66854209e-03  5.70497693e-03  5.64565596e-03 -5.66854060e-03 -5.70837431e-03  5.67196999e-03 -5.67196997e-03
      0.21000000 -1.23214137e-02  1.24706704e-02  1.26527614e-02  1.23329069e-02 -1.24706623e-02 -1.26640786e-02  1.24822476e-02 -1.24822473e-02
      0.31000000 -2.09457794e-02  2.14307275e-02  2.19848771e-02  2.09720872e-02 -2.14307015e-02 -2.20104296e-02  2.14574002e-02 -2.14573980e-02
      0.41000000 -3.10005277e-02  3.21770567e-02  3.34629451e-02  3.10494373e-02 -3.21769921e-02 -3.35095881e-02  3.22270665e-02 -3.22270570e-02
      0.51000000 -4.19652120e-02  4.43466515e-02  4.68574183e-02  4.20449449e-02 -4.43465158e-02 -4.69317077e-02  4.44290273e-02 -4.44289977e-02
      0.61000000 -5.33375800e-02  5.75958787e-02  6.19413123e-02  5.34562430e-02 -5.75956251e-02 -6.20487520e-02  5.77199735e-02 -5.77199000e-02
      0.71000000 -6.46548738e-02  7.16099221e-02  7.84849625e-02  6.48199925e-02 -7.16094898e-02 -7.86293792e-02  7.17849967e-02 -7.17848428e-02
      0.81000000 -7.55112502e-02  8.61102641e-02  9.62522720e-02  7.57293966e-02 -8.61095800e-02 -9.64353497e-02  8.63451207e-02 -8.63448364e-02
      0.91000000 -8.55702323e-02  1.00859670e-01  1.14998768e-01  8.58467500e-02 -1.00858653e-01 -1.15219759e-01  1.01162337e-01 -1.01161860e-01
      1.01000000 -9.45716070e-02  1.15664416e-01  1.34471608e-01  9.49104307e-02 -1.15662976e-01 -1.34727229e-01  1.16041879e-01 -1.16041135e-01
      1.11000000 -1.02332801e-01  1.30373805e-01  1.54411518e-01  1.02736362e-01 -1.30371845e-01 -1.54696027e-01  1.30831794e-01 -1.30830691e-01
      1.21000000 -1.08745343e-01  1.44877340e-01  1.74556454e-01  1.09214545e-01 -1.44874738e-01 -1.74861890e-01  1.45420152e-01 -1.45418567e-01
      1.31000000 -1.13767439e-01  1.59100074e-01  1.94646674e-01  1.14301699e-01 -1.59096667e-01 -1.94963240e-01  1.59730452e-01 -1.59728211e-01
      1.41000000 -1.17413893e-01  1.72996816e-01  2.14430743e-01  1.18011230e-01 -1.72992364e-01 -2.14747297e-01  1.73715862e-01 -1.73712703e-01
      1.51000000 -1.19744639e-01  1.86545794e-01  2.33671978e-01  1.20401799e-01 -1.86539941e-01 -2.33976591e-01  1.87352931e-01 -1.87348469e-01
      1.61000000 -1.20852974e-01  1.99742352e-01  2.52154765e-01  1.21565597e-01 -1.99734579e-01 -2.52435313e-01  2.00635326e-01 -2.00629006e-01
      1.71000000 -1.20854420e-01  2.12593084e-01  2.69690268e-01  1.21617223e-01 -2.12582667e-01 -2.69935001e-01  2.13568008e-01 -2.13559066e-01
      1.81000000 -1.19876814e-01  2.25110706e-01  2.86121081e-01  1.20683799e-01 -2.25096676e-01 -2.86319153e-01  2.26162150e-01 -2.26149572e-01
      1.91000000 -1.18052033e-01  2.37309825e-01  3.01324548e-01  1.18896705e-01 -2.37290942e-01 -3.01466452e-01  2.38430935e-01 -2.38413435e-01
      2.01000000 -1.15509507e-01  2.49203662e-01  3.15214567e-01  1.16385086e-01 -2.49178395e-01 -3.15292483e-01  2.50386317e-01 -2.50362318e-01
      2.11000000 -1.12371485e-01  2.60801699e-01  3.27741873e-01  1.13271115e-01 -2.60768229e-01 -3.27749890e-01  2.62036694e-01 -2.62004335e-01
      2.21000000 -1.08749924e-01  2.72108196e-01  3.38892878e-01  1.09666866e-01 -2.72064428e-01 -3.38827114e-01  2.73385447e-01 -2.73342593e-01
      2.31000000 -1.04744762e-01  2.83121451e-01  3.48687263e-01  1.05672561e-01 -2.83065047e-01 -3.48545872e-01  2.84430213e-01 -2.84374493e-01
      2.41000000 -1.00443295e-01  2.93833702e-01  3.57174547e-01  1.01375922e-01 -2.93762121e-01 -3.56957638e-01  2.95162799e-01 -2.95091644e-01
      2.51000000 -9.59204019e-02  3.04231540e-01  3.64429903e-01  9.68523626e-02 -3.04142094e-01 -3.64139381e-01  3.05569591e-01 -3.05480294e-01
      2.61000000 -9.12393487e-02  3.14296716e-01  3.70549466e-01  9.21657631e-02 -3.14186632e-01 -3.70188809e-01  3.15632366e-01 -3.15522139e-01
      2.71000000 -8.64529569e-02  3.24007231e-01  3.75645377e-01  8.73696098e-02 -3.23873721e-01 -3.75219383e-01  3.25329368e-01 -3.25195418e-01
      2.81000000 -8.16049581e-02  3.33338618e-01  3.79840786e-01  8.25083224e-02 -3.33178948e-01 -3.79355285e-01  3.34636579e-01 -3.34476175e-01
      2.91000000 -7.67313982e-02  3.42265305e-01  3.83264982e-01  7.76186346e-02 -3.42076871e-01 -3.82726543e-01  3.43529066e-01 -3.43339612e-01
      3.01000000 -7.18619940e-02  3.50762001e-01  3.86048819e-01  7.27309324e-02 -3.50542396e-01 -3.85464460e-01  3.51982342e-01 -3.51761447e-01
      3.11000000 -6.70213790e-02  3.58805015e-01  3.88320558e-01  6.78704834e-02 -3.58552096e-01 -3.87697474e-01  3.59973658e-01 -3.59719201e-01
      3.21000000 -6.22301999e-02  3.66373459e-01  3.90202235e-01  6.30585227e-02 -3.66085402e-01 -3.89547542e-01  3.67483184e-01 -3.67193369e-01
      3.31000000 -5.75060459e-02  3.73450283e-01  3.91806609e-01  5.83131739e-02 -3.73125631e-01 -3.91127127e-01  3.74495011e-01 -3.74168413e-01
      3.41000000 -5.28642088e-02  3.80023111e-01  3.93234757e-01  5.36502049e-02 -3.79660814e-01 -3.92536820e-01  3.80997953e-01 -3.80633555e-01
      3.51000000 -4.83182803e-02  3.86084852e-01  3.94574314e-01  4.90836220e-02 -3.85684287e-01 -3.93863628e-01  3.86986134e-01 -3.86583349e-01
      3.61000000 -4.38805978e-02  3.91634080e-01  3.95898370e-01  4.46261163e-02 -3.91195066e-01 -3.95179900e-01  3.92459333e-01 -3.92018019e-01
      3.71000000 -3.95625586e-02  3.96675184e-01  3.97264973e-01  4.02893791e-02 -3.96197983e-01 -3.96542875e-01  3.97423112e-01 -3.96943566e-01
      3.81000000 -3.53748183e-02  4.01218301e-01  3.98717204e-01  3.60843028e-02 -4.00703606e-01 -3.97994792e-01  4.01888725e-01 -4.01371675e-01
      3.91000000 -3.13273940e-02  4.05279054e-01  4.00283748e-01  3.20210886e-02 -4.04727965e-01 -3.99563493e-01  4.05872831e-01 -4.05319412e-01
      4.01000000 -2.74296921e-02  4.08878117e-01  4.01979883e-01  2.81092774e-02 -4.08292109e-01 -4.01263442e-01  4.09397049e-01 -4.08808767e-01
      4.11000000 -2.36904774e-02  4.12040635e-01  4.03808808e-01  2.43577243e-02 -4.11421520e-01 -4.03097080e-01  4.12487365e-01 -4.11866060e-01
      4.21000000 -2.01178013e-02  4.14795543e-01  4.05763223e-01  2.07745314e-02 -4.14145424e-01 -4.05056422e-01  4.15173438e-01 -4.14521236e-01
      4.31000000 -1.67189048e-02  4.17174798e-01  4.07827067e-01  1.73669548e-02 -4.16496015e-01 -4.07124808e-01  4.17487830e-01 -4.16807089e-01
      4.41000000 -1.35001085e-02  4.19212568e-01  4.09977346e-01  1.41413002e-02 -4.18507643e-01 -4.09278749e-01  4.19465191e-01 -4.18758449e-01
      4.51000000 -1.04667030e-02  4.20944404e-01  4.12185975e-01  1.11028167e-02 -4.20215984e-01 -4.11489767e-01  4.21141434e-01 -4.20411350e-01
      4.61000000 -7.62284701e-03  4.22406414e-01  4.14421567e-01  8.25559930e-03 -4.21657218e-01 -4.13726187e-01  4.22552913e-01 -4.21802211e-01
      4.71000000 -4.97148218e-03  4.23634485e-01  4.16651114e-01  5.60250715e-03 -4.22867245e-01 -4.15954819e-01  4.23735647e-01 -4.22967064e-01
      4.81000000 -2.51426897e-03  4.24663549e-01  4.18841527e-01  3.14510311e-03 -4.23880960e-01 -4.18142489e-01  4.24724599e-01 -4.23940826e-01
      4.91000000 -2.51547415e-04  4.25526930e-01  4.20960986e-01  8.83617373e-04 -4.24731597e-01 -4.20257383e-01  4.25553028e-01 -4.24756668e-01
      5.01000000  1.81767567e-03  4.26255774e-01  4.22980090e-01 -1.18306244e-03 -4.25450175e-01 -4.22270187e-01  4.26251934e-01 -4.25445455e-01
      5.11000000  3.69571265e-03  4.26878590e-01  4.24872789e-01 -3.05737467e-03 -4.26065032e-01 -4.24155004e-01  4.26849605e-01 -4.26035306e-01
      5.21000000  5.38615526e-03  4.27420879e-01  4.26617092e-01 -4.74304141e-03 -4.26601474e-01 -4.25890055e-01  4.27371266e-01 -4.26551245e-01
      5.31000000  6.89381064e-03  4.27904895e-01  4.28195557e-01 -6.24500233e-03 -4.27081531e-01 -4.27458149e-01  4.27838842e-01 -4.27014975e-01
      5.41000000  8.22461605e-03  4.28349494e-01  4.29595566e-01 -7.56932734e-03 -4.27523821e-01 -4.28846953e-01  4.28270832e-01 -4.27444753e-01
      5.51000000  9.38553508e-03  4.28770099e-01  4.30809418e-01 -8.72311091e-03 -4.27943519e-01 -4.30049064e-01  4.28682275e-01 -4.27855372e-01
      5.61000000  1.03844387e-02  4.29178761e-01  4.31834231e-01 -9.71435136e-03 -4.28352427e-01 -4.31061906e-01  4.29084827e-01 -4.28258238e-01
      5.71000000  1.12299748e-02  4.29584299e-01  4.32671705e-01 -1.05518187e-02 -4.28759120e-01 -4.31887476e-01  4.29486913e-01 -4.28661531e-01
      5.81000000  1.19314290e-02  4.29992529e-01  4.33327746e-01 -1.12449145e-02 -4.29169177e-01 -4.32531965e-01  4.29893959e-01 -4.29070443e-01
      5.91000000  1.24985815e-02  4.30406537e-01  4.33811999e-01 -1.18035267e-02 -4.29585467e-01 -4.33005274e-01  4.30308680e-01 -4.29487472e-01
      6.01000000  1.29415613e-02  4.30827017e-01  4.34137290e-01 -1.22378836e-02 -4.30008482e-01 -4.33320458e-01  4.30731419e-01 -4.29912763e-01
      6.11000000  1.32707024e-02  4.31252630e-01  4.34319021e-01 -1.25584092e-02 -4.30436706e-01 -4.33493111e-01  4.31160514e-01 -4.30344476e-01
      6.21000000  1.34964046e-02  4.31680387e-01  4.34374543e-01 -1.27755830e-02 -4.30867000e-01 -4.33540734e-01  4.31592685e-01 -4.30779183e-01
      6.31000000  1.36290001e-02  4.32106037e-01  4.34322508e-01 -1.28998071e-02 -4.31294986e-01 -4.33482091e-01  4.32023422e-01 -4.31212251e-01
      6.41000000  1.36786304e-02  4.32524448e-01  4.34182250e-01 -1.29412822e-02 -4.31715436e-01 -4.33336580e-01  4.32447369e-01 -4.31638227e-01
      6.51000000  1.36551333e-02  4.32929969e-01  4.33973180e-01 -1.29098955e-02 -4.32122627e-01 -4.33123641e-01  4.32858686e-01 -4.32051201e-01
      6.61000000  1.35679433e-02  4.33316769e-01  4.33714245e-01 -1.28151215e-02 -4.32510681e-01 -4.32862205e-01  4.33251384e-01 -4.32445143e-01
      6.71000000  1.34260057e-02  4.33679133e-01  4.33423437e-01 -1.26659359e-02 -4.32873863e-01 -4.32570213e-01  4.33619627e-01 -4.32814193e-01
      6.81000000  1.32377053e-02  4.34011729e-01  4.33117370e-01 -1.24707462e-02 -4.33206840e-01 -4.32264197e-01  4.33957985e-01 -4.33152924e-01
      6.91000000  1.30108117e-02  4.34309818e-01  4.32810940e-01 -1.22373366e-02 -4.33504890e-01 -4.31958941e-01  4.34261652e-01 -4.33456548e-01
      7.01000000  1.27524384e-02  4.34569427e-01  4.32517061e-01 -1.19728292e-02 -4.33764077e-01 -4.31667226e-01  4.34526609e-01 -4.33721082e-01
      7.11000000  1.24690192e-02  4.34787474e-01  4.32246482e-01 -1.16836603e-02 -4.33981363e-01 -4.31399650e-01  4.34749745e-01 -4.33943461e-01
      7.21000000  1.21662981e-02  4.34961839e-01  4.32007690e-01 -1.13755719e-02 -4.34154685e-01 -4.31164539e-01  4.34928929e-01 -4.34121612e-01
      7.31000000  1.18493335e-02  4.35091403e-01  4.31806884e-01 -1.10536165e-02 -4.34282984e-01 -4.30967925e-01  4.35063043e-01 -4.34254476e-01
      7.41000000  1.15225152e-02  4.35176038e-01  4.31648023e-01 -1.07221749e-02 -4.34366200e-01 -4.30813599e-01  4.35151967e-01 -4.34342000e-01
      7.51000000  1.11895926e-02  4.35216569e-01  4.31532937e-01 -1.03849853e-02 -4.34405221e-01 -4.30703230e-01  4.35196541e-01 -4.34385086e-01
      7.61000000  1.08537121e-02  4.35214698e-01  4.31461496e-01 -1.00451816e-02 -4.34401812e-01 -4.30636533e-01  4.35198483e-01 -4.34385518e-01
      7.71000000  1.05174628e-02  4.35172911e-01  4.31431817e-01 -9.70533940e-03 -4.34358518e-01 -4.30611485e-01  4.35160295e-01 -4.34345855e-01
      7.81000000  1.01829281e-02  4.35094358e-01  4.31440511e-01 -9.36752803e-03 -4.34278543e-01 -4.30624573e-01  4.35085146e-01 -4.34269316e-01
      7.91000000  9.85174121e-03  4.34982727e-01  4.31482955e-01 -9.03336665e-03 -4.34165620e-01 -4.30671068e-01  4.34976736e-01 -4.34159646e-01
      8.01000000  9.52514272e-03  4.34842110e-01  4.31553570e-01 -8.70408231e-03 -4.34023876e-01 -4.30745304e-01  4.34839163e-01 -4.34020981e-01
      8.11000000  9.20403943e-03  4.34676855e-01  4.31646110e-01 -8.38056862e-03 -4.33857688e-01 -4.30840970e-01  4.34676782e-01 -4.33857702e-01
      8.21000000  8.88906157e-03  4.34491439e-01  4.31753939e-01 -8.06344333e-03 -4.33671552e-01 -4.30951385e-01  4.34494070e-01 -4.33674302e-01
      8.31000000  8.58061789e-03  4.34290331e-01  4.31870298e-01 -7.75310343e-03 -4.33469948e-01 -4.31069766e-01  4.34295490e-01 -4.33475256e-01
      8.41000000  8.27894712e-03  4.34077878e-01  4.31988548e-01 -7.44977661e-03 -4.33257222e-01 -4.31189467e-01  4.34085382e-01 -4.33264901e-01
      8.51000000  7.98416481e-03  4.33858196e-01  4.32102385e-01 -7.15356812e-03 -4.33037484e-01 -4.31304198e-01  4.33867847e-01 -4.33047334e-01
      8.61000000  7.69630503e-03  4.33635079e-01  4.32206029e-01 -6.86450229e-03 -4.32814514e-01 -4.31408205e-01  4.33646666e-01 -4.32826321e-01
      8.71000000  7.41535614e-03  4.33411927e-01  4.32294370e-01 -6.58255824e-03 -4.32591694e-01 -4.31496420e-01  4.33425224e-01 -4.32605225e-01
      8.81000000  7.14129058e-03  4.33191691e-01  4.32363086e-01 -6.30769952e-03 -4.32371950e-01 -4.31564573e-01  4.33206455e-01 -4.32386959e-01
      8.91000000  6.87408847e-03  4.32976838e-01  4.32408721e-01 -6.03989760e-03 -4.32157720e-01 -4.31609266e-01  4.32992809e-01 -4.32173942e-01
      9.01000000  6.61375520e-03  4.32769328e-01  4.32428727e-01 -5.77914924e-03 -4.31950934e-01 -4.31628017e-01  4.32786232e-01 -4.31968092e-01
      9.11000000  6.36033329e-03  4.32570612e-01  4.32421473e-01 -5.52548829e-03 -4.31753014e-01 -4.31619264e-01  4.32588166e-01 -4.31770817e-01
      9.21000000  6.11390890e-03  4.32381652e-01  4.32386227e-01 -5.27899204e-03 -4.31564888e-01 -4.31582343e-01  4.32399561e-01 -4.31583039e-01
      9.31000000  5.87461361e-03  4.32202939e-01  4.32323104e-01 -5.03978287e-03 -4.31387018e-01 -4.31517435e-01  4.32220906e-01 -4.31405216e-01
      9.41000000  5.64262195e-03  4.32034536e-01  4.32232998e-01 -4.80802577e-03 -4.31219439e-01 -4.31425500e-01  4.32052264e-01 -4.31237383e-01
      9.51000000  5.41814560e-03  4.31876127e-01  4.32117490e-01 -4.58392240e-03 -4.31061809e-01 -4.31308178e-01  4.31893323e-01 -4.31079203e-01
      9.61000000  5.20142469e-03  4.31727070e-01  4.31978747e-01 -4.36770242e-03 -4.30913464e-01 -4.31167686e-01  4.31743452e-01 -4.30930024e-01
      9.71000000  4.99271716e-03  4.31586458e-01  4.31819405e-01 -4.15961282e-03 -4.30773478e-01 -4.31006705e-01  4.31601758e-01 -4.30788934e-01
      9.81000000  4.79228676e-03  4.31453178e-01  4.31642452e-01 -3.95990601e-03 -4.30640725e-01 -4.30828263e-01  4.31467148e-01 -4.30654827e-01
      9.91000000  4.60039049e-03  4.31325979e-01  4.31451113e-01 -3.76882722e-03 -4.30513942e-01 -4.30635610e-01  4.31338393e-01 -4.30526464e-01
     10.01000000  4.41726592e-03  4.31203525e-01  4.31248725e-01 -3.58660198e-03 -4.30391789e-01 -4.30432105e-01  4.31214187e-01 -4.30402534e-01
     10.11000000  4.24311919e-03  4.31084460e-01  4.31038637e-01 -3.41342417e-03 -4.30272907e-01 -4.30221108e-01  4.31093201e-01 -4.30281707e-01
     10.21000000  4.07811398e-03  4.30967453e-01  4.30824105e-01 -3.24944515e-03 -4.30155967e-01 -4.30005879e-01  4.30974140e-01 -4.30162690e-01
     10.31000000  3.92236201e-03  4.30851248e-01  4.30608203e-01 -3.09476431e-03 -4.30039719e-01 -4.29789489e-01  4.30855781e-01 -4.30044265e-01
     10.41000000  3.77591520e-03  4.30734703e-01  4.30393752e-01 -2.94942146e-03 -4.29923028e-01 -4.29574750e-01  4.30737017e-01 -4.29925335e-01
     10.51000000  3.63875996e-03  4.30616817e-01  4.30183258e-01 -2.81339119e-03 -4.29804906e-01 -4.29364152e-01  4.30616884e-01 -4.29804947e-01
     10.61000000  3.51081354e-03  4.30496760e-01  4.29978865e-01 -2.68657935e-03 -4.29684534e-01 -4.29159820e-01  4.30494586e-01 -4.29682316e-01
     10.71000000  3.39192250e-03  4.30373884e-01  4.29782327e-01 -2.56882169e-03 -4.29561278e-01 -4.28963487e-01  4.30369506e-01 -4.29556843e-01
     10.81000000  3.28186346e-03  4.30247729e-01  4.29594998e-01 -2.45988468e-03 -4.29434694e-01 -4.28776480e-01  4.30241220e-01 -4.29428115e-01
     10.91000000  3.18034570e-03  4.30118030e-01  4.29417822e-01 -2.35946824e-03 -4.29304533e-01 -4.28599719e-01  4.30109488e-01 -4.29295911e-01
     11.01000000  3.08701577e-03  4.29984708e-01  4.29251354e-01 -2.26721039e-03 -4.29170729e-01 -4.28433732e-01  4.29974257e-01 -4.29160191e-01
     11.11000000  3.00146357e-03  4.29847856e-01  4.29095778e-01 -2.18269351e-03 -4.29033391e-01 -4.28278677e-01  4.29835644e-01 -4.29021086e-01
     11.21000000  2.92322996e-03  4.29707726e-01  4.28950940e-01 -2.10545184e-03 -4.28892786e-01 -4.28134377e-01  4.29693918e-01 -4.28878881e-01
     11.31000000  2.85181523e-03  4.29564711e-01  4.28816392e-01 -2.03498012e-03 -4.28749316e-01 -4.28000361e-01  4.29549485e-01 -4.28733993e-01
     11.41000000  2.78668851e-03  4.29419315e-01  4.28691433e-01 -1.97074291e-03 -4.28603499e-01 -4.27875910e-01  4.29402861e-01 -4.28586948e-01
     11.51000000  2.72729742e-03  4.29272135e-01  4.28575163e-01 -1.91218433e-03 -4.28455939e-01 -4.27760106e-01  4.29254648e-01 -4.28438358e-01
     11.61000000  2.67307805e-03  4.29123832e-01  4.28466530e-01 -1.85873790e-03 -4.28307306e-01 -4.27651884e-01  4.29105511e-01 -4.28288893e-01
     11.71000000  2.62346454e-03  4.28975108e-01  4.28364382e-01 -1.80983617e-03 -4.28158304e-01 -4.27550083e-01  4.28956147e-01 -4.28139258e-01
     11.81000000  2.57789842e-03  4.28826676e-01  4.28267517e-01 -1.76491998e-03 -4.28009654e-01 -4.27453495e-01  4.28807269e-01 -4.27990166e-01
     11.91000000  2.53583716e-03  4.28679246e-01  4.28174730e-01 -1.72344691e-03 -4.27862063e-01 -4.27360911e-01  4.28659574e-01 -4.27842318e-01
     12.01000000  2.49676186e-03  4.28533494e-01  4.28084852e-01 -1.68489894e-03 -4.27716210e-01 -4.27271162e-01  4.28513732e-01 -4.27696381e-01
     12.11000000  2.46018395e-03  4.28390052e-01  4.27996787e-01 -1.64878903e-03 -4.27572724e-01 -4.27183155e-01  4.28370359e-01 -4.27552971e-01
     12.21000000  2.42565075e-03  4.28249488e-01  4.27909545e-01 -1.61466660e-03 -4.27432170e-01 -4.27095904e-01  4.28230011e-01 -4.27412639e-01
     12.31000000  2.39274973e-03  4.28112296e-01  4.27822261e-01 -1.58212170e-03 -4.27295037e-01 -4.27008553e-01  4.28093165e-01 -4.27275860e-01
     12.41000000  2.36111166e-03  4.27978889e-01  4.27734219e-01 -1.55078806e-03 -4.27161733e-01 -4.26920392e-01  4.27960216e-01 -4.27143021e-01
     12.51000000  2.33041240e-03  4.27849588e-01  4.27644855e-01 -1.52034482e-03 -4.27032575e-01 -4.26830869e-01  4.27831469e-01 -4.27014424e-01
     12.61000000  2.30037361e-03  4.27724627e-01  4.27553769e-01 -1.49051711e-03 -4.26907789e-01 -4.26739594e-01  4.27707142e-01 -4.26890278e-01
     12.71000000  2.27076227e-03  4.27604150e-01  4.27460720e-01 -1.46107551e-03 -4.26787513e-01 -4.26646337e-01  4.27587361e-01 -4.26770704e-01
     12.81000000  2.24138929e-03  4.27488215e-01  4.27365622e-01 -1.43183456e-03 -4.26671799e-01 -4.26551022e-01  4.27472168e-01 -4.26655736e-01
     12.91000000  2.21210711e-03  4.27376801e-01  4.27268529e-01 -1.40265036e-03 -4.26560617e-01 -4.26453714e-01  4.27361525e-01 -4.26545331e-01
     13.01000000  2.18280672e-03  4.27269812e-01  4.27169625e-01 -1.37341745e-03 -4.26453869e-01 -4.26354605e-01  4.27255325e-01 -4.26439376e-01
     13.11000000  2.15341398e-03  4.27167094e-01  4.27069203e-01 -1.34406513e-03 -4.26351393e-01 -4.26253998e-01  4.27153399e-01 -4.26337695e-01
     13.21000000  2.12388555e-03  4.27068437e-01  4.26967649e-01 -1.31455334e-03 -4.26252975e-01 -4.26152285e-01  4.27055526e-01 -4.26240065e-01
     13.31000000  2.09420455e-03  4.26973590e-01  4.26865415e-01 -1.28486830e-03 -4.26158361e-01 -4.26049925e-01  4.26961447e-01 -4.26146220e-01
     13.41000000  2.06437612e-03  4.26882275e-01  4.26763007e-01 -1.25501799e-03 -4.26067266e-01 -4.25947427e-01  4.26870873e-01 -4.26055870e-01
     13.51000000  2.03442289e-03  4.26794191e-01  4.26660952e-01 -1.22502770e-03 -4.25979390e-01 -4.25845323e-01  4.26783499e-01 -4.25968706e-01
     13.61000000  2.00438073e-03  4.26709031e-01  4.26559790e-01 -1.19493569e-03 -4.25894423e-01 -4.25744152e-01  4.26699012e-01 -4.25884413e-01
     13.71000000  1.97429462e-03  4.26626489e-01  4.26460046e-01 -1.16478910e-03 -4.25812057e-01 -4.25644441e-01  4.26617103e-01 -4.25802682e-01
     13.81000000  1.94421493e-03  4.26546270e-01  4.26362219e-01 -1.13464026e-03 -4.25731998e-01 -4.25546687e-01  4.26537474e-01 -4.25723214e-01
     13.91000000  1.91419410e-03  4.26468097e-01  4.26266764e-01 -1.10454332e-03 -4.25653968e-01 -4.25451343e-01  4.26459846e-01 -4.25645730e-01
     14.01000000  1.88428374e-03  4.26391715e-01  4.26174084e-01 -1.07455141e-03 -4.25577713e-01 -4.25358808e-01  4.26383967e-01 -4.25569979e-01
     14.11000000  1.85453232e-03  4.26316902e-01  4.26084517e-01 -1.04471433e-03 -4.25503012e-01 -4.25269418e-01  4.26309613e-01 -4.25495738e-01
     14.21000000  1.82498324e-03  4.26243466e-01  4.25998334e-01 -1.01507666e-03 -4.25429676e-01 -4.25183437e-01  4.26236595e-01 -4.25422820e-01
     14.31000000  1.79567355e-03  4.26171251e-01  4.25915733e-01 -9.85676454e-04 -4.25357548e-01 -4.25101058e-01  4.26164759e-01 -4.25351073e-01
     14.41000000  1.76663302e-03  4.26100136e-01  4.25836837e-01 -9.56544403e-04 -4.25286512e-01 -4.25022401e-01  4.26093987e-01 -4.25280379e-01
     14.51000000  1.73788381e-03  4.26030035e-01  4.25761701e-01 -9.27703436e-04 -4.25216482e-01 -4.24947513e-01  4.26024196e-01 -4.25210660e-01
     14.61000000  1.70944041e-03  4.25960896e-01  4.25690308e-01 -8.99168757e-04 -4.25147408e-01 -4.24876374e-01  4.25955336e-01 -4.25141866e-01
     14.71000000  1.68131007e-03  4.25892698e-01  4.25622582e-01 -8.70948226e-04 -4.25079272e-01 -4.24808901e-01  4.25887389e-01 -4.25073982e-01
     14.81000000  1.65349340e-03  4.25825445e-01  4.25558389e-01 -8.43043046e-04 -4.25012080e-01 -4.24744957e-01  4.25820364e-01 -4.25007018e-01
     14.91000000  1.62598535e-03  4.25759168e-01  4.25497551e-01 -8.15448682e-04 -4.24945864e-01 -4.24684359e-01  4.25754293e-01 -4.24941009e-01
     15.01000000  1.59877627e-03  4.25693915e-01  4.25439848e-01 -7.88155955e-04 -4.24880674e-01 -4.24626883e-01  4.25689229e-01 -4.24876008e-01
     15.11000000  1.57185307e-03  4.25629751e-01  4.25385033e-01 -7.61152240e-04 -4.24816575e-01 -4.24572281e-01  4.25625236e-01 -4.24812081e-01
     15.21000000  1.54520051e-03  4.25566748e-01  4.25332840e-01 -7.34422720e-04 -4.24753641e-01 -4.24520284e-01  4.25562391e-01 -4.24749305e-01
     15.31000000  1.51880242e-03  4.25504986e-01  4.25282991e-01 -7.07951624e-04 -4.24691952e-01 -4.24470611e-01  4.25500775e-01 -4.24687762e-01
     15.41000000  1.49264288e-03  4.25444546e-01  4.25235207e-01 -6.81723416e-04 -4.24631590e-01 -4.24422984e-01  4.25440470e-01 -4.24627535e-01
     15.51000000  1.46670734e-03  4.25385506e-01  4.25189215e-01 -6.55723880e-04 -4.24572632e-01 -4.24377130e-01  4.25381556e-01 -4.24568703e-01
     15.61000000  1.44098352e-03  4.25327939e-01  4.25144755e-01 -6.29941073e-04 -4.24515151e-01 -4.24332787e-01  4.25324106e-01 -4.24511339e-01
     15.71000000  1.41546227e-03  4.25271907e-01  4.25101587e-01 -6.04366117e-04 -4.24459210e-01 -4.24289717e-01  4.25268184e-01 -4.24455508e-01
     15.81000000  1.39013812e-03  4.25217463e-01  4.25059493e-01 -5.78993815e-04 -4.24404859e-01 -4.24247704e-01  4.25213844e-01 -4.24401260e-01
     15.91000000  1.36500979e-03  4.25164647e-01  4.25018284e-01 -5.53823075e-04 -4.24352139e-01 -4.24206559e-01  4.25161123e-01 -4.24348635e-01
     16.01000000  1.34008034e-03  4.25113482e-01  4.24977800e-01 -5.28857152e-04 -4.24301073e-01 -4.24166124e-01  4.25110049e-01 -4.24297658e-01
     16.11000000  1.31535732e-03  4.25063981e-01  4.24937911e-01 -5.04103692e-04 -4.24251670e-01 -4.24126274e-01  4.25060631e-01 -4.24248338e-01
     16.21000000  1.29085257e-03  4.25016138e-01  4.24898521e-01 -4.79574616e-04 -4.24203925e-01 -4.24086911e-01  4.25012866e-01 -4.24200670e-01
     16.31000000  1.26658199e-03  4.24969934e-01  4.24859562e-01 -4.55285838e-04 -4.24157819e-01 -4.24047972e-01  4.24966734e-01 -4.24154635e-01
     16.41000000  1.24256512e-03  4.24925339e-01  4.24820996e-01 -4.31256845e-04 -4.24113318e-01 -4.24009419e-01  4.24922204e-01 -4.24110199e-01
     16.51000000  1.21882457e-03  4.24882307e-01  4.24782809e-01 -4.07510170e-04 -4.24070379e-01 -4.23971242e-01  4.24879232e-01 -4.24067318e-01
     16.61000000  1.19538547e-03  4.24840784e-01  4.24745013e-01 -3.84070773e-04 -4.24028945e-01 -4.23933454e-01  4.24837764e-01 -4.24025937e-01
     16.71000000  1.17227472e-03  4.24800708e-01  4.24707637e-01 -3.60965357e-04 -4.23988953e-01 -4.23896085e-01  4.24797737e-01 -4.23985993e-01
     16.81000000  1.14952031e-03  4.24762008e-01  4.24670727e-01 -3.38221660e-04 -4.23950332e-01 -4.23859184e-01  4.24759081e-01 -4.23947415e-01
     16.91000000  1.12715059e-03  4.24724609e-01  4.24634341e-01 -3.15867729e-04 -4.23913007e-01 -4.23822809e-01  4.24721721e-01 -4.23910128e-01
     17.01000000  1.10519354e-03  4.24688434e-01  4.24598544e-01 -2.93931212e-04 -4.23876900e-01 -4.23787026e-01  4.24685581e-01 -4.23874055e-01
     17.11000000  1.08367613e-03  4.24653403e-01  4.24563406e-01 -2.72438689e-04 -4.23841933e-01 -4.23751906e-01  4.24650583e-01 -4.23839119e-01
     17.21000000  1.06262366e-03  4.24619441e-01  4.24528997e-01 -2.51415058e-04 -4.23808028e-01 -4.23717521e-01  4.24616649e-01 -4.23805241e-01
     17.31000000  1.04205922e-03  4.24586471e-01  4.24495387e-01 -2.30882990e-04 -4.23775109e-01 -4.23683937e-01  4.24583706e-01 -4.23772349e-01
     17.41000000  1.02200324e-03  4.24554422e-01  4.24462636e-01 -2.10862473e-04 -4.23743107e-01 -4.23651219e-01  4.24551682e-01 -4.23740370e-01
     17.51000000  1.00247310e-03  4.24523228e-01  4.24430801e-01 -1.91370437e-04 -4.23711954e-01 -4.23619420e-01  4.24520513e-01 -4.23709241e-01
     17.61000000  9.83482869e-04  4.24492829e-01  4.24399927e-01 -1.72420492e-04 -4.23681592e-01 -4.23588585e-01  4.24490138e-01 -4.23678903e-01
     17.71000000  9.65043099e-04  4.24463172e-01  4.24370048e-01 -1.54022748e-04 -4.23651968e-01 -4.23558749e-01  4.24460506e-01 -4.23649302e-01
     17.81000000  9.47160764e-04  4.24434209e-01  4.24341187e-01 -1.36183742e-04 -4.23623034e-01 -4.23529934e-01  4.24431569e-01 -4.23620394e-01
     17.91000000  9.29839261e-04  4.24405903e-01  4.24313356e-01 -1.18906455e-04 -4.23594753e-01 -4.23502150e-01  4.24403290e-01 -4.23592141e-01
     18.01000000  9.13078508e-04  4.24378219e-01  4.24286553e-01 -1.02190408e-04 -4.23567093e-01 -4.23475396e-01  4.24375637e-01 -4.23564510e-01
     18.11000000  8.96875117e-04  4.24351134e-01  4.24260766e-01 -8.60318420e-05 -4.23540030e-01 -4.23449659e-01  4.24348585e-01 -4.23537479e-01
     18.21000000  8.81222628e-04  4.24324629e-01  4.24235972e-01 -7.04239569e-05 -4.23513544e-01 -4.23424914e-01  4.24322115e-01 -4.23511030e-01
     18.31000000  8.66111804e-04  4.24298689e-01  4.24212138e-01 -5.53572069e-05 -4.23487624e-01 -4.23401128e-01  4.24296215e-01 -4.23485148e-01
     18.41000000  8.51530963e-04  4.24273309e-01  4.24189225e-01 -4.08196353e-05 -4.23462262e-01 -4.23378261e-01  4.24270877e-01 -4.23459828e-01
     18.51000000  8.37466337e-04  4.24248482e-01  4.24167184e-01 -2.67972373e-05 -4.23437454e-01 -4.23356265e-01  4.24246097e-01 -4.23435067e-01
     18.61000000  8.23902458e-04  4.24224211e-01  4.24145963e-01 -1.32743395e-05 -4.23413200e-01 -4.23335086e-01  4.24221875e-01 -4.23410863e-01
     18.71000000  8.10822535e-04  4.24200496e-01  4.24125508e-01 -2.33982606e-07 -4.23389504e-01 -4.23314670e-01  4.24198212e-01 -4.23387220e-01
     18.81000000  7.98208831e-04  4.24177341e-01  4.24105760e-01  1.23417026e-05 -4.23366370e-01 -4.23294958e-01  4.24175114e-01 -4.23364141e-01
     18.91000000  7.86043029e-04  4.24154753e-01  4.24086661e-01  2.44711359e-05 -4.23343801e-01 -4.23275892e-01  4.24152584e-01 -4.23341631e-01
     19.01000000  7.74306565e-04  4.24132735e-01  4.24068157e-01  3.61729530e-05 -4.23321804e-01 -4.23257417e-01  4.24130627e-01 -4.23319696e-01
     19.11000000  7.62980931e-04  4.24111292e-01  4.24050192e-01  4.74657034e-05 -4.23300384e-01 -4.23239479e-01  4.24109247e-01 -4.23298338e-01
     19.21000000  7.52047949e-04  4.24090428e-01  4.24032717e-01  5.83675844e-05 -4.23279543e-01 -4.23222026e-01  4.24088447e-01 -4.23277562e-01
     19.31000000  7.41489994e-04  4.24070144e-01  4.24015685e-01  6.88962164e-05 -4.23259283e-01 -4.23205014e-01  4.24068230e-01 -4.23257368e-01
     19.41000000  7.31290179e-04  4.24050441e-01  4.23999055e-01  7.90684609e-05 -4.23239604e-01 -4.23188402e-01  4.24048593e-01 -4.23237756e-01
     19.51000000  7.21432502e-04  4.24031316e-01  4.23982793e-01  8.89002816e-05 -4.23220504e-01 -4.23172155e-01  4.24029534e-01 -4.23218723e-01
     19.61000000  7.11901939e-04  4.24012764e-01  4.23966868e-01  9.84066480e-05 -4.23201978e-01 -4.23156244e-01  4.24011048e-01 -4.23200263e-01
     19.71000000  7.02684506e-04  4.23994778e-01  4.23951258e-01  1.07601480e-04 -4.23184018e-01 -4.23140646e-01  4.23993127e-01 -4.23182368e-01
     19.81000000  6.93767281e-04  4.23977349e-01  4.23935944e-01  1.16497628e-04 -4.23166615e-01 -4.23125343e-01  4.23975762e-01 -4.23165029e-01
     19.91000000  6.85138388e-04  4.23960465e-01  4.23920914e-01  1.25106892e-04 -4.23149757e-01 -4.23110322e-01  4.23958940e-01 -4.23148234e-01
     20.01000000  6.76786957e-04  4.23944112e-01  4.23906159e-01  1.33440061e-04 -4.23133430e-01 -4.23095578e-01  4.23942648e-01 -4.23131967e-01
     20.11000000  6.68703058e-04  4.23928274e-01  4.23891679e-01  1.41506985e-04 -4.23117618e-01 -4.23081106e-01  4.23926868e-01 -4.23116213e-01
     20.21000000  6.60877614e-04  4.23912935e-01  4.23877471e-01  1.49316658e-04 -4.23102303e-01 -4.23066909e-01  4.23911585e-01 -4.23100955e-01
     20.31000000  6.53302304e-04  4.23898076e-01  4.23863542e-01  1.56877325e-04 -4.23087468e-01 -4.23052989e-01  4.23896779e-01 -4.23086173e-01
     20.41000000  6.45969452e-04  4.23883678e-01  4.23849896e-01  1.64196583e-04 -4.23073094e-01 -4.23039354e-01  4.23882431e-01 -4.23071849e-01
     20.51000000  6.38871918e-04  4.23869721e-01  4.23836542e-01  1.71281503e-04 -4.23059160e-01 -4.23026012e-01  4.23868521e-01 -4.23057962e-01
     20.61000000  6.32002984e-04  4.23856186e-01  4.23823489e-01  1.78138731e-04 -4.23045646e-01 -4.23012971e-01  4.23855031e-01 -4.23044494e-01
     20.71000000  6.25356249e-04  4.23843053e-01  4.23810746e-01  1.84774606e-04 -4.23032534e-01 -4.23000241e-01  4.23841940e-01 -4.23031423e-01
     20.81000000  6.18925531e-04  4.23830304e-01  4.23798322e-01  1.91195251e-04 -4.23019805e-01 -4.22987830e-01  4.23829230e-01 -4.23018733e-01
     20.91000000  6.12704777e-04  4.23817919e-01  4.23786224e-01  1.97406663e-04 -4.23007440e-01 -4.22975748e-01  4.23816882e-01 -4.23006404e-01
     21.01000000  6.06687988e-04  4.23805882e-01  4.23774460e-01  2.03414790e-04 -4.22995421e-01 -4.22964000e-01  4.23804879e-01 -4.22994419e-01
     21.11000000  6.00869159e-04  4.23794177e-01  4.23763036e-01  2.09225590e-04 -4.22983733e-01 -4.22952591e-01  4.23793205e-01 -4.22982763e-01
     21.21000000  5.95242232e-04  4.23782789e-01  4.23751953e-01  2.14845078e-04 -4.22972361e-01 -4.22941526e-01  4.23781846e-01 -4.22971420e-01
     21.31000000  5.89801066e-04  4.23771704e-01  4.23741214e-01  2.20279354e-04 -4.22961292e-01 -4.22930805e-01  4.23770788e-01 -4.22960378e-01
     21.41000000  5.84539417e-04  4.23760910e-01  4.23730818e-01  2.25534623e-04 -4.22950513e-01 -4.22920427e-01  4.23760020e-01 -4.22949625e-01
     21.51000000  5.79450941e-04  4.23750396e-01  4.23720762e-01  2.30617192e-04 -4.22940013e-01 -4.22910388e-01  4.23749530e-01 -4.22939149e-01
     21.61000000  5.74529202e-04  4.23740154e-01  4.23711040e-01  2.35533464e-04 -4.22929785e-01 -4.22900685e-01  4.23739310e-01 -4.22928943e-01
     21.71000000  5.69767690e-04  4.23730174e-01  4.23701646e-01  2.40289915e-04 -4.22919818e-01 -4.22891309e-01  4.23729351e-01 -4.22918998e-01
     21.81000000  5.65159855e-04  4.23720450e-01  4.23692570e-01  2.44893062e-04 -4.22910107e-01 -4.22882251e-01  4.23719648e-01 -4.22909307e-01
     21.91000000  5.60699145e-04  4.23710976e-01  4.23683803e-01  2.49349426e-04 -4.22900646e-01 -4.22873501e-01  4.23710193e-01 -4.22899865e-01
     22.01000000  5.56379043e-04  4.23701747e-01  4.23675333e-01  2.53665493e-04 -4.22891430e-01 -4.22865048e-01  4.23700982e-01 -4.22890667e-01
     22.11000000  5.52193119e-04  4.23692759e-01  4.23667147e-01  2.57847662e-04 -4.22882454e-01 -4.22856878e-01  4.23692012e-01 -4.22881708e-01
     22.21000000  5.48135072e-04  4.23684008e-01  4.23659232e-01  2.61902204e-04 -4.22873714e-01 -4.22848978e-01  4.23683278e-01 -4.22872987e-01
     22.31000000  5.44198775e-04  4.23675490e-01  4.23651574e-01  2.65835215e-04 -4.22865209e-01 -4.22841335e-01  4.23674778e-01 -4.22864498e-01
     22.41000000  5.40378322e-04  4.23667204e-01  4.23644160e-01  2.69652572e-04 -4.22856934e-01 -4.22833935e-01  4.23666508e-01 -4.22856239e-01
     22.51000000  5.36668065e-04  4.23659145e-01  4.23636976e-01  2.73359896e-04 -4.22848887e-01 -4.22826764e-01  4.23658465e-01 -4.22848209e-01
     22.61000000  5.33062646e-04  4.23651311e-01  4.23630009e-01  2.76962517e-04 -4.22841065e-01 -4.22819810e-01  4.23650648e-01 -4.22840403e-01
     22.71000000  5.29557027e-04  4.23643700e-01  4.23623247e-01  2.80465446e-04 -4.22833465e-01 -4.22813059e-01  4.23643053e-01 -4.22832819e-01
     22.81000000  5.26146511e-04  4.23636309e-01  4.23616678e-01  2.83873355e-04 -4.22826085e-01 -4.22806500e-01  4.23635677e-01 -4.22825454e-01
     22.91000000  5.22826754e-04  4.23629133e-01  4.23610291e-01  2.87190564e-04 -4.22818920e-01 -4.22800123e-01  4.23628517e-01 -4.22818305e-01
     23.01000000  5.19593774e-04  4.23622169e-01  4.23604077e-01  2.90421034e-04 -4.22811967e-01 -4.22793918e-01  4.23621569e-01 -4.22811368e-01
     23.11000000  5.16443951e-04  4.23615414e-01  4.23598026e-01  2.93568364e-04 -4.22805223e-01 -4.22787876e-01  4.23614829e-01 -4.22804639e-01
     23.21000000  5.13374018e-04  4.23608863e-01  4.23592132e-01  2.96635804e-04 -4.22798683e-01 -4.22781990e-01  4.23608293e-01 -4.22798113e-01
     23.31000000  5.10381050e-04  4.23602511e-01  4.23586388e-01  2.99626263e-04 -4.22792341e-01 -4.22776254e-01  4.23601956e-01 -4.22791787e-01
     23.41000000  5.07462445e-04  4.23596354e-01  4.23580788e-01  3.02542331e-04 -4.22786194e-01 -4.22770661e-01  4.23595813e-01 -4.22785655e-01
     23.51000000  5.04615902e-04  4.23590386e-01  4.23575329e-01  3.05386297e-04 -4.22780236e-01 -4.22765208e-01  4.23589860e-01 -4.22779711e-01
     23.61000000  5.01839392e-04  4.23584602e-01  4.23570006e-01  3.08160183e-04 -4.22774461e-01 -4.22759892e-01  4.23584090e-01 -4.22773950e-01
     23.71000000  4.99131132e-04  4.23578995e-01  4.23564817e-01  3.10865767e-04 -4.22768864e-01 -4.22754709e-01  4.23578497e-01 -4.22768367e-01
     23.81000000  4.96489549e-04  4.23573560e-01  4.23559759e-01  3.13504615e-04 -4.22763438e-01 -4.22749658e-01  4.23573076e-01 -4.22762955e-01
     23.91000000  4.93913256e-04  4.23568292e-01  4.23554831e-01  3.16078116e-04 -4.22758178e-01 -4.22744736e-01  4.23567821e-01 -4.22757708e-01
     24.01000000  4.91401012e-04  4.23563183e-01  4.23550033e-01  3.18587511e-04 -4.22753078e-01 -4.22739944e-01  4.23562725e-01 -4.22752620e-01
     24.11000000  4.88951695e-04  4.23558228e-01  4.23545362e-01  3.21033924e-04 -4.22748131e-01 -4.22735279e-01  4.23557783e-01 -4.22747686e-01
     24.21000000  4.86564273e-04  4.23553422e-01  4.23540819e-01  3.23418392e-04 -4.22743332e-01 -4.22730741e-01  4.23552989e-01 -4.22742899e-01
     24.31000000  4.84237776e-04  4.23548757e-01  4.23536402e-01  3.25741891e-04 -4.22738675e-01 -4.22726330e-01  4.23548337e-01 -4.22738254e-01
     24.41000000  4.81971271e-04  4.23544230e-01  4.23532111e-01  3.28005362e-04 -4.22734154e-01 -4.22722045e-01  4.23543821e-01 -4.22733746e-01
     24.51000000  4.79763839e-04  4.23539834e-01  4.23527944e-01  3.30209729e-04 -4.22729764e-01 -4.22717884e-01  4.23539436e-01 -4.22729368e-01
     24.61000000  4.77614563e-04  4.23535564e-01  4.23523902e-01  3.32355921e-04 -4.22725501e-01 -4.22713847e-01  4.23535178e-01 -4.22725116e-01
     24.71000000  4.75522506e-04  4.23531416e-01  4.23519981e-01  3.34444883e-04 -4.22721359e-01 -4.22709933e-01  4.23531041e-01 -4.22720985e-01
     24.81000000  4.73486704e-04  4.23527385e-01  4.23516181e-01  3.36477589e-04 -4.22717334e-01 -4.22706139e-01  4.23527021e-01 -4.22716970e-01
     24.91000000  4.71506157e-04  4.23523468e-01  4.23512500e-01  3.38455048e-04 -4.22713422e-01 -4.22702463e-01  4.23523114e-01 -4.22713068e-01
