      0.00000000  1.22633382e-04  -8.59544322e-03  -8.60080161e-03  -1.22633382e-04   8.59544322e-03   8.60080161e-03  -8.59544322e-03   8.59544322e-03  -2.41348157e-19   6.21886005e-17   3.52463887e-17   1.97671789e-19  -5.76551901e-17  -4.52275386e-17   6.21886005e-17  -5.76551901e-17 
      0.01000000  1.75698418e-04  -8.56818683e-03  -8.57001553e-03  -2.24467251e-04   8.58209738e-03   8.59096327e-03  -8.56818683e-03   8.58209738e-03   9.46801859e-19   1.10477751e-16   1.06730808e-16   3.82045138e-19   1.10463397e-16   1.10099742e-16   1.10477751e-16   1.10463397e-16 
      0.02000000  2.24953251e-04  -8.54239300e-03  -8.54074731e-03  -3.20670136e-04   8.56966972e-03   8.58191076e-03  -8.54239300e-03   8.56966972e-03   1.30180034e-18   1.10893283e-16   1.08462442e-16   2.22301314e-18   1.09940404e-16   1.07836082e-16   1.10893283e-16   1.09940404e-16 
      0.03000000  2.70963891e-04  -8.51787040e-03  -8.51280284e-03  -4.12017800e-04   8.55803365e-03   8.57353024e-03  -8.51787040e-03   8.55803365e-03   5.68360465e-19   1.10649773e-16   1.09336298e-16   1.27902951e-18   1.10692741e-16   1.11014147e-16   1.10649773e-16   1.10692741e-16 
      0.04000000  3.14169302e-04  -8.49446920e-03  -8.48603029e-03  -4.99115573e-04   8.54709075e-03   8.56573345e-03  -8.49446920e-03   8.54709075e-03   3.05968247e-18   1.11016935e-16   1.09959757e-16   1.51352675e-18   1.09728277e-16   1.09281438e-16   1.11016935e-16   1.09728277e-16 
      0.05000000  3.54918175e-04  -8.47206924e-03  -8.46030803e-03  -5.82447247e-04   8.53676265e-03   8.55845030e-03  -8.47206924e-03   8.53676265e-03   3.28636154e-18   1.10502732e-16   1.09387984e-16   2.34111463e-18   1.09108240e-16   1.10841319e-16   1.10502732e-16   1.09108240e-16 
      0.06000000  3.93493055e-04  -8.45057227e-03  -8.43553666e-03  -6.62407246e-04   8.52698567e-03   8.55162403e-03  -8.45057227e-03   8.52698567e-03   3.42527328e-18   1.09205910e-16   1.09610379e-16   6.16846671e-18   1.10542698e-16   1.09838583e-16   1.09205910e-16   1.10542698e-16 
      0.07000000  4.30126750e-04  -8.42989652e-03  -8.41163356e-03  -7.39322571e-04   8.51770724e-03   8.54520794e-03  -8.42989652e-03   8.51770724e-03   2.93219137e-18   1.10443491e-16   1.07765262e-16   5.38097373e-18   1.09798539e-16   1.10654696e-16   1.10443491e-16   1.09798539e-16 
      0.08000000  4.65013846e-04  -8.40997306e-03  -8.38852908e-03  -8.13468242e-04   8.50888330e-03   8.53916299e-03  -8.40997306e-03   8.50888330e-03   1.90352101e-18   1.10824423e-16   1.06831436e-16   6.75095649e-18   1.10826855e-16   1.09626093e-16   1.10824423e-16   1.10826855e-16 
      0.09000000  4.98319002e-04  -8.39074300e-03  -8.36616375e-03  -8.85078449e-04   8.50047650e-03   8.53345620e-03  -8.39074300e-03   8.50047650e-03   3.09997882e-18   1.09818337e-16   1.05807844e-16   3.90966148e-18   1.10860685e-16   1.11016472e-16   1.09818337e-16   1.10860685e-16 
      0.10000000  5.30183055e-04  -8.37215550e-03  -8.34448626e-03  -9.54354785e-04   8.49245480e-03   8.52805940e-03  -8.37215550e-03   8.49245480e-03   1.69633415e-18   1.10245008e-16   1.09387021e-16   3.06660277e-18   1.10981311e-16   1.07927674e-16   1.10245008e-16   1.10981311e-16 
      0.11000000  5.60727618e-04  -8.35416629e-03  -8.32345188e-03  -1.02147245e-03   8.48479050e-03   8.52294830e-03  -8.35416629e-03   8.48479050e-03   2.39787152e-18   1.10428214e-16   1.10807570e-16   5.05186529e-18   1.09698937e-16   1.09437482e-16   1.10428214e-16   1.09698937e-16 
      0.12000000  5.90058585e-04  -8.33673644e-03  -8.30302133e-03  -1.08658499e-03   8.47745942e-03   8.51810177e-03  -8.33673644e-03   8.47745942e-03   2.72121342e-18   1.09921104e-16   1.09256735e-16   3.03382569e-18   1.10928961e-16   1.09803114e-16   1.09921104e-16   1.10928961e-16 
      0.13000000  6.18268853e-04  -8.31983150e-03  -8.28315981e-03  -1.14982802e-03   8.47044032e-03   8.51350133e-03  -8.31983150e-03   8.47044032e-03   1.95079113e-18   1.09707112e-16   1.09829356e-16   6.14478714e-18   1.08093807e-16   1.10635598e-16   1.09707112e-16   1.08093807e-16 
      0.14000000  6.45440469e-04  -8.30342078e-03  -8.26383630e-03  -1.21132211e-03   8.46371441e-03   8.50913068e-03  -8.30342078e-03   8.46371441e-03   6.16289561e-18   1.09173653e-16   1.10406811e-16   6.82358764e-18   1.10921972e-16   1.06523510e-16   1.09173653e-16   1.10921972e-16 
      0.15000000  6.71646340e-04  -8.28747675e-03  -8.24502300e-03  -1.27117513e-03   8.45726496e-03   8.50497537e-03  -8.28747675e-03   8.45726496e-03   6.14409798e-18   1.10861628e-16   1.07806215e-16   1.31591447e-17   1.10945716e-16   1.05337147e-16   1.10861628e-16   1.10945716e-16 
      0.16000000  6.96951603e-04  -8.27197462e-03  -8.22669481e-03  -1.32948412e-03   8.45107703e-03   8.50102252e-03  -8.27197462e-03   8.45107703e-03   6.03931434e-18   1.09155176e-16   1.11013853e-16   1.32554359e-17   1.08967767e-16   1.07454327e-16   1.09155176e-16   1.08967767e-16 
      0.17000000  7.21414748e-04  -8.25689192e-03  -8.20882898e-03  -1.38633683e-03   8.44513715e-03   8.49726061e-03  -8.25689192e-03   8.44513715e-03   5.59782462e-18   1.10373452e-16   1.09557146e-16   8.35213440e-18   1.09178863e-16   1.10962929e-16   1.10373452e-16   1.09178863e-16 
      0.18000000  7.45088539e-04  -8.24220821e-03  -8.19140482e-03  -1.44181298e-03   8.43943321e-03   8.49367927e-03  -8.24220821e-03   8.43943321e-03   4.82430370e-18   1.10217676e-16   1.09938260e-16   1.27796886e-17   1.10320259e-16   1.08724587e-16   1.10217676e-16   1.10320259e-16 
      0.19000000  7.68020772e-04  -8.22790482e-03  -8.17440339e-03  -1.49598530e-03   8.43395420e-03   8.49026916e-03  -8.22790482e-03   8.43395420e-03   5.85920150e-18   1.10944940e-16   1.08529287e-16   1.34577288e-17   1.08912548e-16   1.09643333e-16   1.10944940e-16   1.08912548e-16 
      0.20000000  7.90254915e-04  -8.21396464e-03  -8.15780732e-03  -1.54892041e-03   8.42869014e-03   8.48702181e-03  -8.21396464e-03   8.42869014e-03   5.02580440e-18   1.08668055e-16   1.10392455e-16   1.10161589e-17   1.09126365e-16   1.11017918e-16   1.08668055e-16   1.09126365e-16 
      0.21000000  8.11830639e-04  -8.20037190e-03  -8.14160061e-03  -1.60067955e-03   8.42363190e-03   8.48392951e-03  -8.20037190e-03   8.42363190e-03   6.69913284e-18   1.10008699e-16   1.09828392e-16   1.23653124e-17   1.07819961e-16   1.10997517e-16   1.10008699e-16   1.07819961e-16 
      0.22000000  8.32784271e-04  -8.18711209e-03  -8.12576847e-03  -1.65131923e-03   8.41877117e-03   8.48098527e-03  -8.18711209e-03   8.41877117e-03   5.93252592e-18   1.10877044e-16   1.07714324e-16   1.35633453e-17   1.09816936e-16   1.08392234e-16   1.10877044e-16   1.09816936e-16 
      0.23000000  8.53149182e-04  -8.17417174e-03  -8.11029721e-03  -1.70089175e-03   8.41410028e-03   8.47818268e-03  -8.17417174e-03   8.41410028e-03   6.12836123e-18   1.09468140e-16   1.06574672e-16   1.36011818e-17   1.10997155e-16   1.08754835e-16   1.09468140e-16   1.10997155e-16 
      0.24000000  8.72956112e-04  -8.16153837e-03  -8.09517410e-03  -1.74944562e-03   8.40961223e-03   8.47551589e-03  -8.16153837e-03   8.40961223e-03   5.92276871e-18   1.10687410e-16   1.08798859e-16   1.12377696e-17   1.10655988e-16   1.08429915e-16   1.10687410e-16   1.10655988e-16 
      0.25000000  8.92233459e-04  -8.14920038e-03  -8.08038730e-03  -1.79702604e-03   8.40530055e-03   8.47297953e-03  -8.14920038e-03   8.40530055e-03   6.92203799e-18   1.10687158e-16   1.09229378e-16   1.28379746e-17   1.10564923e-16   1.04871119e-16   1.10687158e-16   1.10564923e-16 
      0.26000000  9.11007522e-04  -8.13714693e-03  -8.06592576e-03  -1.84367515e-03   8.40115928e-03   8.47056867e-03  -8.13714693e-03   8.40115928e-03   5.53005621e-18   1.09649205e-16   1.10979499e-16   1.27420588e-17   1.09920578e-16   1.09692816e-16   1.09649205e-16   1.09920578e-16 
      0.27000000  9.29302714e-04  -8.12536790e-03  -8.05177911e-03  -1.88943242e-03   8.39718292e-03   8.46827878e-03  -8.12536790e-03   8.39718292e-03   5.81333681e-18   1.10616594e-16   1.08393344e-16   1.37958365e-17   1.09889330e-16   1.07927474e-16   1.10616594e-16   1.09889330e-16 
      0.28000000  9.47141751e-04  -8.11385384e-03  -8.03793769e-03  -1.93433483e-03   8.39336638e-03   8.46610568e-03  -8.11385384e-03   8.39336638e-03   5.53848424e-18   1.11014191e-16   1.07620514e-16   1.28157333e-17   1.10806278e-16   1.06203243e-16   1.11014191e-16   1.10806278e-16 
      0.29000000  9.64545816e-04  -8.10259585e-03  -8.02439239e-03  -1.97841715e-03   8.38970496e-03   8.46404552e-03  -8.10259585e-03   8.38970496e-03   6.04129805e-18   1.10138758e-16   1.09751935e-16   9.98483942e-18   1.10704600e-16   1.11017259e-16   1.10138758e-16   1.10704600e-16 
      0.30000000  9.81534700e-04  -8.09158561e-03  -8.01113468e-03  -2.02171215e-03   8.38619429e-03   8.46209477e-03  -8.09158561e-03   8.38619429e-03   4.04699372e-18   1.10981282e-16   1.05131388e-16   1.19576371e-17   1.10600571e-16   1.10634603e-16   1.10981282e-16   1.10600571e-16 
      0.31000000  9.98126931e-04  -8.08081528e-03  -7.99815650e-03  -2.06425074e-03   8.38283036e-03   8.46025014e-03  -8.08081528e-03   8.38283036e-03   5.36501055e-18   1.10044724e-16   1.09904236e-16   1.04831557e-17   1.10858220e-16   1.07362730e-16   1.10044724e-16   1.10858220e-16 
      0.32000000  1.01433989e-03  -8.07027746e-03  -7.98545029e-03  -2.10606216e-03   8.37960942e-03   8.45850864e-03  -8.07027746e-03   8.37960942e-03   4.89798080e-18   1.11014093e-16   1.07803583e-16   1.29070057e-17   1.08912450e-16   1.10128967e-16   1.11014093e-16   1.08912450e-16 
      0.33000000  1.03018990e-03  -8.05996520e-03  -7.97300889e-03  -2.14717413e-03   8.37652802e-03   8.45686748e-03  -8.05996520e-03   8.37652802e-03   5.86721494e-18   1.10529014e-16   1.08024440e-16   1.36596837e-17   1.10843119e-16   1.06934993e-16   1.10529014e-16   1.10843119e-16 
      0.34000000  1.04569235e-03  -8.04987193e-03  -7.96082555e-03  -2.18761296e-03   8.37358296e-03   8.45532410e-03  -8.04987193e-03   8.37358296e-03   6.49843289e-18   1.10720833e-16   1.05667915e-16   9.89144988e-18   1.11016876e-16   1.07871009e-16   1.10720833e-16   1.11016876e-16 
      0.35000000  1.06086171e-03  -8.03999142e-03  -7.94889391e-03  -2.22740369e-03   8.37077129e-03   8.45387616e-03  -8.03999142e-03   8.37077129e-03   6.48266280e-18   1.10062414e-16   1.09874214e-16   1.33590344e-17   1.10390528e-16   1.05305665e-16   1.10062414e-16   1.10390528e-16 
      0.36000000  1.07571169e-03  -8.03031783e-03  -7.93720795e-03  -2.26657015e-03   8.36809028e-03   8.45252149e-03  -8.03031783e-03   8.36809028e-03   6.10755923e-18   1.09775664e-16   1.10389132e-16   1.28446310e-17   1.10060601e-16   1.03310858e-16   1.09775664e-16   1.10060601e-16 
      0.37000000  1.09025522e-03  -8.02084558e-03  -7.92576195e-03  -2.30513511e-03   8.36553744e-03   8.45125812e-03  -8.02084558e-03   8.36553744e-03   6.35047501e-18   1.09603701e-16   1.09734128e-16   1.20196664e-17   1.09592070e-16   1.09834591e-16   1.09603701e-16   1.09592070e-16 
      0.38000000  1.10450457e-03  -8.01156943e-03  -7.91455054e-03  -2.34312036e-03   8.36311047e-03   8.45008425e-03  -8.01156943e-03   8.36311047e-03   6.90679689e-18   1.09610896e-16   1.07667166e-16   1.05672485e-17   1.10652185e-16   1.09481859e-16   1.09610896e-16   1.10652185e-16 
      0.39000000  1.11847137e-03  -8.00248438e-03  -7.90356861e-03  -2.38054676e-03   8.36080726e-03   8.44899824e-03  -8.00248438e-03   8.36080726e-03   5.84813902e-18   1.10602122e-16   1.09732070e-16   9.83320158e-18   1.10474829e-16   1.10619034e-16   1.10602122e-16   1.10474829e-16 
      0.40000000  1.13216670e-03  -7.99358572e-03  -7.89281135e-03  -2.41743431e-03   8.35862590e-03   8.44799860e-03  -7.99358572e-03   8.35862590e-03   4.71915711e-18   1.09404544e-16   1.10132129e-16   1.20544170e-17   1.09853864e-16   1.09663054e-16   1.09404544e-16   1.09853864e-16 
      0.41000000  1.14560107e-03  -7.98486898e-03  -7.88227420e-03  -2.45380228e-03   8.35656468e-03   8.44708402e-03  -7.98486898e-03   8.35656468e-03   6.36136684e-18   1.10285645e-16   1.10475730e-16   2.54544994e-17   1.09092428e-16   1.09622923e-16   1.10285645e-16   1.09092428e-16 
      0.42000000  1.15878451e-03  -7.97632992e-03  -7.87195285e-03  -2.48966921e-03   8.35462205e-03   8.44625329e-03  -7.97632992e-03   8.35462205e-03   5.88278760e-18   1.09613418e-16   1.09508694e-16   2.55764893e-17   1.09365186e-16   1.08655364e-16   1.09613418e-16   1.09365186e-16 
      0.43000000  1.17172660e-03  -7.96796453e-03  -7.86184324e-03  -2.52505298e-03   8.35279664e-03   8.44550540e-03  -7.96796453e-03   8.35279664e-03   6.54115810e-18   1.10946937e-16   1.10182803e-16   2.33732403e-17   1.09640003e-16   1.10879197e-16   1.10946937e-16   1.09640003e-16 
      0.44000000  1.18443650e-03  -7.95976899e-03  -7.85194153e-03  -2.55997090e-03   8.35108725e-03   8.44483943e-03  -7.95976899e-03   8.35108725e-03   6.29858276e-18   1.10614894e-16   1.07538962e-16   2.65681674e-17   1.09105796e-16   1.08253574e-16   1.10614894e-16   1.09105796e-16 
      0.45000000  1.19692297e-03  -7.95173972e-03  -7.84224412e-03  -2.59443973e-03   8.34949285e-03   8.44425464e-03  -7.95173972e-03   8.34949285e-03   6.07866490e-18   1.08845182e-16   1.10340729e-16   2.36845237e-17   1.10736605e-16   1.09384381e-16   1.08845182e-16   1.10736605e-16 
      0.46000000  1.20919442e-03  -7.94387331e-03  -7.83274761e-03  -2.62847575e-03   8.34801258e-03   8.44375039e-03  -7.94387331e-03   8.34801258e-03   5.13192247e-18   1.09677413e-16   1.09281202e-16   2.61913013e-17   1.10859790e-16   1.07225824e-16   1.09677413e-16   1.10859790e-16 
      0.47000000  1.22125894e-03  -7.93616654e-03  -7.82344882e-03  -2.66209478e-03   8.34664577e-03   8.44332620e-03  -7.93616654e-03   8.34664577e-03   5.68246025e-18   1.09765516e-16   1.10563154e-16   2.75091803e-17   1.09084933e-16   1.10132170e-16   1.09765516e-16   1.09084933e-16 
      0.48000000  1.23312430e-03  -7.92861638e-03  -7.81434479e-03  -2.69531225e-03   8.34539189e-03   8.44298172e-03  -7.92861638e-03   8.34539189e-03   5.63942569e-18   1.10479193e-16   1.08458647e-16   2.64895497e-17   1.10736376e-16   1.08651735e-16   1.10479193e-16   1.10736376e-16 
      0.49000000  1.24479800e-03  -7.92121998e-03  -7.80543274e-03  -2.72814327e-03   8.34425062e-03   8.44271675e-03  -7.92121998e-03   8.34425062e-03   1.00259286e-17   1.10165014e-16   1.10068566e-16   2.50801183e-17   1.10962367e-16   1.08475409e-16   1.10165014e-16   1.10962367e-16 
      0.50000000  1.25628727e-03  -7.91397465e-03  -7.79671013e-03  -2.76060261e-03   8.34322178e-03   8.44253122e-03  -7.91397465e-03   8.34322178e-03   9.60124366e-18   1.10133657e-16   1.10188753e-16   2.35291363e-17   1.10530793e-16   1.09162822e-16   1.10133657e-16   1.10530793e-16 
      0.51000000  1.26759913e-03  -7.90687788e-03  -7.78817459e-03  -2.79270479e-03   8.34230540e-03   8.44242521e-03  -7.90687788e-03   8.34230540e-03   1.09047870e-17   1.10282621e-16   1.10874327e-16   2.70990729e-17   1.10600536e-16   1.07721652e-16   1.10282621e-16   1.10600536e-16 
      0.52000000  1.27874038e-03  -7.89992733e-03  -7.77982396e-03  -2.82446413e-03   8.34150170e-03   8.44239897e-03  -7.89992733e-03   8.34150170e-03   1.31318689e-17   1.10238564e-16   1.09444543e-16   2.60113637e-17   1.09888144e-16   1.09815207e-16   1.10238564e-16   1.09888144e-16 
      0.53000000  1.28971763e-03  -7.89312082e-03  -7.77165631e-03  -2.85589476e-03   8.34081110e-03   8.44245289e-03  -7.89312082e-03   8.34081110e-03   1.27299193e-17   1.10632892e-16   1.10939988e-16   2.56289398e-17   1.08598563e-16   1.10493427e-16   1.10632892e-16   1.08598563e-16 
      0.54000000  1.30053732e-03  -7.88645635e-03  -7.76366990e-03  -2.88701072e-03   8.34023423e-03   8.44258752e-03  -7.88645635e-03   8.34023423e-03   1.24004798e-17   1.09440561e-16   1.09319042e-16   2.56877480e-17   1.09605297e-16   1.10286042e-16   1.09440561e-16   1.09605297e-16 
      0.55000000  1.31120576e-03  -7.87993206e-03  -7.75586320e-03  -2.91782594e-03   8.33977194e-03   8.44280362e-03  -7.87993206e-03   8.33977194e-03   1.05586561e-17   1.10427090e-16   1.09163837e-16   2.75404210e-17   1.09904286e-16   1.07003040e-16   1.10427090e-16   1.09904286e-16 
      0.56000000  1.32172911e-03  -7.87354630e-03  -7.74823492e-03  -2.94835435e-03   8.33942533e-03   8.44310210e-03  -7.87354630e-03   8.33942533e-03   1.28782516e-17   1.09872255e-16   1.06698959e-16   2.47303089e-17   1.11018629e-16   1.09204011e-16   1.09872255e-16   1.11018629e-16 
      0.57000000  1.33211345e-03  -7.86729756e-03  -7.74078399e-03  -2.97860992e-03   8.33919574e-03   8.44348411e-03  -7.86729756e-03   8.33919574e-03   1.08597665e-17   1.11014306e-16   1.10464347e-16   2.21884678e-17   1.10181505e-16   1.08443919e-16   1.11014306e-16   1.10181505e-16 
      0.58000000  1.34236476e-03  -7.86118453e-03  -7.73350959e-03  -3.00860671e-03   8.33908480e-03   8.44395099e-03  -7.86118453e-03   8.33908480e-03   1.28684056e-17   1.10994526e-16   1.10414964e-16   2.55692508e-17   1.08811928e-16   1.07367093e-16   1.10994526e-16   1.08811928e-16 
      0.59000000  1.35248897e-03  -7.85520607e-03  -7.72641115e-03  -3.03835893e-03   8.33909446e-03   8.44450434e-03  -7.85520607e-03   8.33909446e-03   1.33451801e-17   1.08928849e-16   1.08807110e-16   2.55892535e-17   1.10062446e-16   1.10597855e-16   1.08928849e-16   1.10062446e-16 
      0.60000000  1.36249200e-03  -7.84936127e-03  -7.71948837e-03  -3.06788104e-03   8.33922696e-03   8.44514602e-03  -7.84936127e-03   8.33922696e-03   1.26663559e-17   1.10495582e-16   1.08444886e-16   2.43557668e-17   1.10211760e-16   1.10862111e-16   1.10495582e-16   1.10211760e-16 
      0.61000000  1.37237972e-03  -7.84364938e-03  -7.71274126e-03  -3.09718780e-03   8.33948497e-03   8.44587817e-03  -7.84364938e-03   8.33948497e-03   1.12869891e-17   1.08899486e-16   1.09387921e-16   2.74916696e-17   1.10895237e-16   1.09139065e-16   1.08899486e-16   1.10895237e-16 
      0.62000000  1.38215805e-03  -7.83806989e-03  -7.70617015e-03  -3.12629439e-03   8.33987151e-03   8.44670326e-03  -7.83806989e-03   8.33987151e-03   1.25134970e-17   1.07696645e-16   1.10431492e-16   2.74935019e-17   1.09886070e-16   1.09712828e-16   1.07696645e-16   1.09886070e-16 
      0.63000000  1.39183298e-03  -7.83262255e-03  -7.69977569e-03  -3.15521651e-03   8.34039010e-03   8.44762413e-03  -7.83262255e-03   8.34039010e-03   1.27477879e-17   1.08200039e-16   1.10875912e-16   2.55256018e-17   1.10002280e-16   1.10547157e-16   1.08200039e-16   1.10002280e-16 
      0.64000000  1.40141057e-03  -7.82730734e-03  -7.69355895e-03  -3.18397047e-03   8.34104476e-03   8.44864402e-03  -7.82730734e-03   8.34104476e-03   1.38364817e-17   1.10268740e-16   1.08841522e-16   2.38080028e-17   1.10687655e-16   1.06602121e-16   1.10268740e-16   1.10687655e-16 
      0.65000000  1.41089703e-03  -7.82212454e-03  -7.68752143e-03  -3.21257338e-03   8.34184011e-03   8.44976664e-03  -7.82212454e-03   8.34184011e-03   1.31951965e-17   1.10519795e-16   1.10256605e-16   2.56493273e-17   1.08412222e-16   1.09484887e-16   1.10519795e-16   1.08412222e-16 
      0.66000000  1.42029875e-03  -7.81707474e-03  -7.68166510e-03  -3.24104332e-03   8.34278145e-03   8.45099624e-03  -7.81707474e-03   8.34278145e-03   1.24249507e-17   1.09523368e-16   1.07404964e-16   2.66841679e-17   1.10771232e-16   1.07769742e-16   1.09523368e-16   1.10771232e-16 
      0.67000000  1.42962236e-03  -7.81215889e-03  -7.67599249e-03  -3.26939948e-03   8.34387486e-03   8.45233769e-03  -7.81215889e-03   8.34387486e-03   1.38747954e-17   1.09878809e-16   1.10693478e-16   2.63799980e-17   1.09419803e-16   1.06501952e-16   1.09878809e-16   1.09419803e-16 
      0.68000000  1.43887483e-03  -7.80737835e-03  -7.67050677e-03  -3.29766251e-03   8.34512731e-03   8.45379655e-03  -7.80737835e-03   8.34512731e-03   1.34666713e-17   1.09622148e-16   1.11012821e-16   2.63783051e-17   1.08289422e-16   1.10271131e-16   1.09622148e-16   1.08289422e-16 
      0.69000000  1.44806348e-03  -7.80273495e-03  -7.66521184e-03  -3.32585473e-03   8.34654686e-03   8.45537926e-03  -7.80273495e-03   8.34654686e-03   1.37675256e-17   1.10892368e-16   1.07956757e-16   2.54647875e-17   1.08898417e-16   1.06656183e-16   1.10892368e-16   1.08898417e-16 
      0.70000000  1.45719619e-03  -7.79823105e-03  -7.66011247e-03  -3.35400055e-03   8.34814284e-03   8.45709325e-03  -7.79823105e-03   8.34814284e-03   1.29677184e-17   1.09494990e-16   1.11019533e-16   2.67902886e-17   1.08705989e-16   1.09506886e-16   1.09494990e-16   1.08705989e-16 
      0.71000000  1.46628143e-03  -7.79386967e-03  -7.65521445e-03  -3.38212695e-03   8.34992608e-03   8.45894714e-03  -7.79386967e-03   8.34992608e-03   1.37165065e-17   1.10351741e-16   1.10810746e-16   2.51168105e-17   1.10081151e-16   1.04455922e-16   1.10351741e-16   1.10081151e-16 
      0.72000000  1.47532849e-03  -7.78965459e-03  -7.65052480e-03  -3.41026407e-03   8.35190926e-03   8.46095102e-03  -7.78965459e-03   8.35190926e-03   1.23760076e-17   1.09893375e-16   1.06707777e-16   2.74091985e-17   1.10895699e-16   1.06243641e-16   1.09893375e-16   1.10895699e-16 
      0.73000000  1.48434765e-03  -7.78559051e-03  -7.64605205e-03  -3.43844597e-03   8.35410731e-03   8.46311677e-03  -7.78559051e-03   8.35410731e-03   1.27783460e-17   1.10566292e-16   1.10299034e-16   2.37470207e-17   1.10108350e-16   1.09905711e-16   1.10566292e-16   1.10108350e-16 
      0.74000000  1.49335048e-03  -7.78168330e-03  -7.64180658e-03  -3.46671169e-03   8.35653796e-03   8.46545847e-03  -7.78168330e-03   8.35653796e-03   1.08098423e-17   1.10975575e-16   1.06902291e-16   2.54628716e-17   1.10771053e-16   1.09595215e-16   1.10975575e-16   1.10771053e-16 
      0.75000000  1.50235021e-03  -7.77794025e-03  -7.63780108e-03  -3.49510660e-03   8.35922248e-03   8.46799302e-03  -7.77794025e-03   8.35922248e-03   1.33456932e-17   1.08836054e-16   1.08887753e-16   2.35296521e-17   1.09714804e-16   1.10047574e-16   1.08836054e-16   1.09714804e-16 
      0.76000000  1.51136223e-03  -7.77437048e-03  -7.63405125e-03  -3.52368427e-03   8.36218667e-03   8.47074091e-03  -7.77437048e-03   8.36218667e-03   1.18116439e-17   1.10301258e-16   1.07702072e-16   2.71940616e-17   1.10113564e-16   1.07994084e-16   1.10301258e-16   1.10113564e-16 
      0.77000000  1.52040481e-03  -7.77098550e-03  -7.63057664e-03  -3.55250911e-03   8.36546229e-03   8.47372736e-03  -7.77098550e-03   8.36546229e-03   1.25645269e-17   1.10203729e-16   1.08393783e-16   2.72416909e-17   1.10548372e-16   1.06363424e-16   1.10203729e-16   1.10548372e-16 
      0.78000000  1.52950008e-03  -7.76780000e-03  -7.62740200e-03  -3.58166014e-03   8.36908906e-03   8.47698394e-03  -7.76780000e-03   8.36908906e-03   1.24229494e-17   1.09229320e-16   1.09102198e-16   2.69157165e-17   1.10402377e-16   1.09578959e-16   1.09229320e-16   1.10402377e-16 
      0.79000000  1.53867561e-03  -7.76483304e-03  -7.62455922e-03  -3.61123665e-03   8.37311771e-03   8.48055093e-03  -7.76483304e-03   8.37311771e-03   1.24601426e-17   1.09875700e-16   1.10032941e-16   2.53927499e-17   1.10146974e-16   1.04541856e-16   1.09875700e-16   1.10146974e-16 
      0.80000000  1.54796672e-03  -7.76210991e-03  -7.62209031e-03  -3.64136693e-03   8.37761462e-03   8.48448108e-03  -7.76210991e-03   8.37761462e-03   1.24870886e-17   1.10814324e-16   1.04569284e-16   2.70770854e-17   1.10630898e-16   1.08486187e-16   1.10814324e-16   1.10630898e-16 
      0.81000000  1.55742034e-03  -7.75966507e-03  -7.62005232e-03  -3.67222247e-03   8.38266946e-03   8.48884567e-03  -7.75966507e-03   8.38266946e-03   1.21643450e-17   1.10403872e-16   1.09153634e-16   2.48637796e-17   1.07715294e-16   1.10948984e-16   1.10403872e-16   1.07715294e-16 
      0.82000000  1.56710159e-03  -7.75754737e-03  -7.61852573e-03  -3.70404257e-03   8.38840827e-03   8.49374491e-03  -7.75754737e-03   8.38840827e-03   1.17938948e-17   1.10752517e-16   1.07349261e-16   2.27612930e-17   1.10897144e-16   1.08797183e-16   1.10752517e-16   1.10897144e-16 
      0.83000000  1.57710623e-03  -7.75582963e-03  -7.61763019e-03  -3.73718022e-03   8.39501796e-03   8.49932752e-03  -7.75582963e-03   8.39501796e-03   1.37451180e-17   1.09782342e-16   1.10256091e-16   2.35664676e-17   1.10442284e-16   1.08118298e-16   1.09782342e-16   1.10442284e-16 
      0.84000000  1.58758645e-03  -7.75462868e-03  -7.61755717e-03  -3.77219791e-03   8.40279732e-03   8.50583136e-03  -7.75462868e-03   8.40279732e-03   1.17487648e-17   1.10021820e-16   1.10031917e-16   2.57012507e-17   1.08848244e-16   1.07297159e-16   1.10021820e-16   1.08848244e-16 
      0.850