      0.00000000  3.15204894e-03  -2.99819293e-02  -2.99826968e-02  -3.15204894e-03   2.99819293e-02   2.99826968e-02  -2.99819293e-02   2.99819293e-02  -5.68652807e-18   8.22097868e-16  -2.72578204e-16   3.31805209e-18  -8.22116372e-16   2.61094144e-16   8.22097868e-16  -8.22116372e-16 
      0.01000000  3.67797550e-03  -2.99807301e-02  -2.99813781e-02  -3.68117642e-03   2.99817106e-02   2.99826180e-02  -2.99807301e-02   2.99817106e-02   2.99055623e-17   1.08952992e-15   1.09063001e-15   1.63963839e-17   1.10832447e-15   1.08888682e-15   1.08952992e-15   1.10832447e-15 
      0.02000000  4.18124866e-03  -2.99795079e-02  -2.99800208e-02  -4.18776864e-03   2.99815042e-02   2.99825483e-02  -2.99795079e-02   2.99815042e-02   3.45867285e-17   1.10592408e-15   1.06355924e-15   1.09709816e-17   1.09690598e-15   1.09103367e-15   1.10592408e-15   1.09690598e-15 
      0.03000000  4.66361350e-03  -2.99782631e-02  -2.99786250e-02  -4.67356724e-03   2.99813090e-02   2.99824869e-02  -2.99782631e-02   2.99813090e-02   2.85460370e-17   1.10349957e-15   1.10001371e-15   2.52959504e-17   1.09098855e-15   1.06702708e-15   1.10349957e-15   1.09098855e-15 
      0.04000000  5.12659246e-03  -2.99769958e-02  -2.99771910e-02  -5.14009146e-03   2.99811242e-02   2.99824330e-02  -2.99769958e-02   2.99811242e-02   6.34052782e-18   1.10035664e-15   1.05913777e-15   2.30615645e-17   1.10415787e-15   1.08783029e-15   1.10035664e-15   1.10415787e-15 
      0.05000000  5.57152592e-03  -2.99757063e-02  -2.99757189e-02  -5.58867866e-03   2.99809492e-02   2.99823860e-02  -2.99757063e-02   2.99809492e-02   1.68489797e-17   1.09206126e-15   1.09517581e-15   1.28239344e-17   1.10905463e-15   1.06697634e-15   1.09206126e-15   1.10905463e-15 
      0.06000000  5.99960341e-03  -2.99743951e-02  -2.99742092e-02  -6.02051551e-03   2.99807832e-02   2.99823452e-02  -2.99743951e-02   2.99807832e-02   2.74024048e-17   1.09373677e-15   1.08646819e-15  -4.66499184e-18   1.10628796e-15   1.10588832e-15   1.09373677e-15   1.10628796e-15 
      0.07000000  6.41188808e-03  -2.99730624e-02  -2.99726621e-02  -6.43666244e-03   2.99806256e-02   2.99823101e-02  -2.99730624e-02   2.99806256e-02   6.15671536e-17   1.09617655e-15   1.08298057e-15   4.88440005e-17   1.08859790e-15   1.09132438e-15   1.09617655e-15   1.08859790e-15 
      0.08000000  6.80933606e-03  -2.99717087e-02  -2.99710780e-02  -6.83807295e-03   2.99804761e-02   2.99822802e-02  -2.99717087e-02   2.99804761e-02   4.58307900e-17   1.09340181e-15   1.05557460e-15   5.98264924e-17   1.10173561e-15   1.09370195e-15   1.09340181e-15   1.10173561e-15 
      0.09000000  7.19281204e-03  -2.99703343e-02  -2.99694572e-02  -7.22560923e-03   2.99803340e-02   2.99822552e-02  -2.99703343e-02   2.99803340e-02   4.91424045e-17   1.10801925e-15   1.06839258e-15   6.43571558e-17   1.10866747e-15   1.06181933e-15   1.10801925e-15   1.10866747e-15 
      0.10000000  7.56310191e-03  -2.99689397e-02  -2.99678003e-02  -7.60005472e-03   2.99801989e-02   2.99822346e-02  -2.99689397e-02   2.99801989e-02   5.74700727e-17   1.10247120e-15   1.08051326e-15   4.05712437e-17   1.08889075e-15   1.06737401e-15   1.10247120e-15   1.08889075e-15 
      0.11000000  7.92092315e-03  -2.99675251e-02  -2.99661076e-02  -7.96212452e-03   2.99800705e-02   2.99822181e-02  -2.99675251e-02   2.99800705e-02   6.25511784e-17   1.08605473e-15   1.08748333e-15   4.32058525e-17   1.10936324e-15   1.09896322e-15   1.08605473e-15   1.10936324e-15 
      0.12000000  8.26693338e-03  -2.99660912e-02  -2.99643795e-02  -8.31247398e-03   2.99799485e-02   2.99822055e-02  -2.99660912e-02   2.99799485e-02   5.28729686e-17   1.10832063e-15   1.10414119e-15   5.60078801e-17   1.09777278e-15   1.07875492e-15   1.10832063e-15   1.09777278e-15 
      0.13000000  8.60173760e-03  -2.99646382e-02  -2.99626166e-02  -8.65170585e-03   2.99798324e-02   2.99821964e-02  -2.99646382e-02   2.99798324e-02   7.05688017e-17   1.10960900e-15   1.10141009e-15   8.74463244e-17   1.10337665e-15   1.08741653e-15   1.10960900e-15   1.10337665e-15 
      0.14000000  8.92589421e-03  -2.99631666e-02  -2.99608194e-02  -8.98037635e-03   2.99797221e-02   2.99821906e-02  -2.99631666e-02   2.99797221e-02   1.58497415e-16   1.11063335e-15   1.07963758e-15   1.48475867e-16   1.11015868e-15   1.05643145e-15   1.11063335e-15   1.11015868e-15 
      0.15000000  9.23992017e-03  -2.99616769e-02  -2.99589882e-02  -9.29900029e-03   2.99796171e-02   2.99821878e-02  -2.99616769e-02   2.99796171e-02   2.63357942e-16   1.09537368e-15   1.10795961e-15   2.34414469e-16   1.10043275e-15   1.10016030e-15   1.09537368e-15   1.10043275e-15 
      0.16000000  9.54429534e-03  -2.99601694e-02  -2.99571237e-02  -9.60805546e-03   2.99795174e-02   2.99821879e-02  -2.99601694e-02   2.99795174e-02   4.09659150e-16   1.09260884e-15   1.10926271e-15   4.18296490e-16   1.10861018e-15   1.07744315e-15   1.09260884e-15   1.10861018e-15 
      0.17000000  9.83946634e-03  -2.99586446e-02  -2.99552263e-02  -9.90798640e-03   2.99794225e-02   2.99821906e-02  -2.99586446e-02   2.99794225e-02   7.03261106e-16   1.09762487e-15   1.11365504e-15   6.94830462e-16   1.10172479e-15   1.09545930e-15   1.09762487e-15   1.10172479e-15 
      0.18000000  1.01258497e-02  -2.99571029e-02  -2.99532966e-02  -1.01992077e-02   2.99793323e-02   2.99821958e-02  -2.99571029e-02   2.99793323e-02   1.15456647e-15   1.10241363e-15   1.14457311e-15   1.14713794e-15   1.12198552e-15   1.08178865e-15   1.10241363e-15   1.12198552e-15 
      0.19000000  1.04038349e-02  -2.99555448e-02  -2.99513351e-02  -1.04821067e-02   2.99792467e-02   2.99822033e-02  -2.99555448e-02   2.99792467e-02   1.85248298e-15   1.10631672e-15   1.14180213e-15   1.86916153e-15   1.14525703e-15   1.14559626e-15   1.10631672e-15   1.14525703e-15 
      0.20000000  1.06737865e-02  -2.99539707e-02  -2.99493424e-02  -1.07570461e-02   2.99791653e-02   2.99822130e-02  -2.99539707e-02   2.99791653e-02   1.90234332e-15   1.12250571e-15   1.15226214e-15   1.92395630e-15   2.00087090e-15   1.12509520e-15   1.12250571e-15   2.00087090e-15 
      0.21000000  1.09360467e-02  -2.99523810e-02  -2.99473190e-02  -1.10243664e-02   2.99790880e-02   2.99822247e-02  -2.99523810e-02   2.99790880e-02   2.02408123e-15   1.56289226e-15   1.12050213e-15   2.01049739e-15   2.23274155e-15   1.60072319e-15   1.56289226e-15   2.23274155e-15 
      0.22000000  1.11909372e-02  -2.99507762e-02  -2.99452654e-02  -1.12843870e-02   2.99790147e-02   2.99822383e-02  -2.99507762e-02   2.99790147e-02   2.01487767e-15   2.13468650e-15   1.11790973e-15   2.02386109e-15   2.49253536e-15   1.94630437e-15   2.13468650e-15   2.49253536e-15 
      0.23000000  1.14387606e-02  -2.99491566e-02  -2.99431823e-02  -1.15374090e-02   2.99789451e-02   2.99822537e-02  -2.99491566e-02   2.99789451e-02   2.02317612e-15   2.39605113e-15   1.82283031e-15   2.01824925e-15   2.77939685e-15   2.17545967e-15   2.39605113e-15   2.77939685e-15 
      0.24000000  1.16798024e-02  -2.99475227e-02  -2.99410701e-02  -1.17837159e-02   2.99788792e-02   2.99822707e-02  -2.99475227e-02   2.99788792e-02   2.04296602e-15   2.73246748e-15   2.32071750e-15   2.04592683e-15   2.98163815e-15   2.57217957e-15   2.73246748e-15   2.98163815e-15 
      0.25000000  1.19143319e-02  -2.99458749e-02  -2.99389295e-02  -1.20235753e-02   2.99788167e-02   2.99822892e-02  -2.99458749e-02   2.99788167e-02   2.08477172e-15   3.06835585e-15   2.83488629e-15   2.08843333e-15   3.12430664e-15   3.03414312e-15   3.06835585e-15   3.12430664e-15 
      0.26000000  1.21426036e-02  -2.99442136e-02  -2.99367610e-02  -1.22572399e-02   2.99787576e-02   2.99823093e-02  -2.99442136e-02   2.99787576e-02   2.33819589e-15   3.30340148e-15   3.30784717e-15   2.36252047e-15   3.30411485e-15   3.31633656e-15   3.30340148e-15   3.30411485e-15 
      0.27000000  1.23648586e-02  -2.99425392e-02  -2.99345653e-02  -1.24849490e-02   2.99787017e-02   2.99823306e-02  -2.99425392e-02   2.99787017e-02   3.71831029e-15   3.33035544e-15   3.35985316e-15   3.74432198e-15   3.37203554e-15   3.36719535e-15   3.33035544e-15   3.37203554e-15 
      0.28000000  1.25813251e-02  -2.99408521e-02  -2.99323428e-02  -1.27069291e-02   2.99786489e-02   2.99823533e-02  -2.99408521e-02   2.99786489e-02   4.17692458e-15   3.59763560e-15   3.36739999e-15   4.06097932e-15   4.50033664e-15   3.57888275e-15   3.59763560e-15   4.50033664e-15 
      0.29000000  1.27922195e-02  -2.99391528e-02  -2.99300941e-02  -1.29233950e-02   2.99785990e-02   2.99823772e-02  -2.99391528e-02   2.99785990e-02   4.11886007e-15   4.61377932e-15   3.51304404e-15   4.23601411e-15   4.95469675e-15   4.31282953e-15   4.61377932e-15   4.95469675e-15 
      0.30000000  1.29977473e-02  -2.99374416e-02  -2.99278199e-02  -1.31345505e-02   2.99785521e-02   2.99824022e-02  -2.99374416e-02   2.99785521e-02   4.07658921e-15   5.23753483e-15   4.86063968e-15   4.10716956e-15   5.27728793e-15   5.12377289e-15   5.23753483e-15   5.27728793e-15 
      0.31000000  1.31981038e-02  -2.99357189e-02  -2.99255207e-02  -1.33405891e-02   2.99785078e-02   2.99824282e-02  -2.99357189e-02   2.99785078e-02   5.21220695e-15   5.54567866e-15   5.52434208e-15   5.18989240e-15   5.49656109e-15   5.49332513e-15   5.54567866e-15   5.49656109e-15 
      0.32000000  1.33934746e-02  -2.99339851e-02  -2.99231971e-02  -1.35416950e-02   2.99784663e-02   2.99824553e-02  -2.99339851e-02   2.99784663e-02   6.02085978e-15   5.56112488e-15   6.02063769e-15   6.08296599e-15   6.77181369e-15   6.19185235e-15   5.56112488e-15   6.77181369e-15 
      0.33000000  1.35840365e-02  -2.99322407e-02  -2.99208496e-02  -1.37380433e-02   2.99784273e-02   2.99824833e-02  -2.99322407e-02   2.99784273e-02   6.26211922e-15   6.93499539e-15   6.19756111e-15   6.20823351e-15   7.43185761e-15   7.24126911e-15   6.93499539e-15   7.43185761e-15 
      0.34000000  1.37699578e-02  -2.99304858e-02  -2.99184789e-02  -1.39298008e-02   2.99783907e-02   2.99825121e-02  -2.99304858e-02   2.99783907e-02   7.18899491e-15   7.77469826e-15   7.76318723e-15   7.27547882e-15   7.76393240e-15   7.38519167e-15   7.77469826e-15   7.76393240e-15 
      0.35000000  1.39513991e-02  -2.99287211e-02  -2.99160855e-02  -1.41171264e-02   2.99783566e-02   2.99825418e-02  -2.99287211e-02   2.99783566e-02   8.45830337e-15   8.08934931e-15   8.35950291e-15   8.19075069e-15   9.16263135e-15   8.31417531e-15   8.08934931e-15   9.16263135e-15 
      0.36000000  1.41285134e-02  -2.99269467e-02  -2.99136699e-02  -1.43001717e-02   2.99783247e-02   2.99825722e-02  -2.99269467e-02   2.99783247e-02   8.37542611e-15   9.92272676e-15   9.34746105e-15   8.29622583e-15   9.83668745e-15   9.72954874e-15   9.92272676e-15   9.83668745e-15 
      0.37000000  1.43014470e-02  -2.99251631e-02  -2.99112329e-02  -1.44790815e-02   2.99782951e-02   2.99826034e-02  -2.99251631e-02   2.99782951e-02   1.04270360e-14   9.95455543e-15   1.05701469e-14   1.03968398e-14   1.11720560e-14   1.02010718e-14   9.95455543e-15   1.11720560e-14 
      0.38000000  1.44703396e-02  -2.99233706e-02  -2.99087748e-02  -1.46539939e-02   2.99782676e-02   2.99826352e-02  -2.99233706e-02   2.99782676e-02   1.11148413e-14   1.15435670e-14   1.15283865e-14   1.10386355e-14   1.19088296e-14   1.21575902e-14   1.15435670e-14   1.19088296e-14 
      0.39000000  1.46353246e-02  -2.99215696e-02  -2.99062964e-02  -1.48250409e-02   2.99782421e-02   2.99826677e-02  -2.99215696e-02   2.99782421e-02   1.23867687e-14   1.25995194e-14   1.25812574e-14   1.23337588e-14   1.37574450e-14   1.29445643e-14   1.25995194e-14   1.37574450e-14 
      0.40000000  1.47965297e-02  -2.99197605e-02  -2.99037981e-02  -1.49923489e-02   2.99782187e-02   2.99827007e-02  -2.99197605e-02   2.99782187e-02   1.38167215e-14   1.43729486e-14   1.38478962e-14   1.39625404e-14   1.46342743e-14   1.45430013e-14   1.43729486e-14   1.46342743e-14 
      0.41000000  1.49540773e-02  -2.99179435e-02  -2.99012805e-02  -1.51560386e-02   2.99781972e-02   2.99827344e-02  -2.99179435e-02   2.99781972e-02   1.49903199e-14   1.59924327e-14   1.56047829e-14   1.49438057e-14   1.63751111e-14   1.61141981e-14   1.59924327e-14   1.63751111e-14 
      0.42000000  1.51080842e-02  -2.99161191e-02  -2.98987441e-02  -1.53162256e-02   2.99781776e-02   2.99827685e-02  -2.99161191e-02   2.99781776e-02   1.65461798e-14   1.76286027e-14   1.70789900e-14   1.66069192e-14   1.80112637e-14   1.83022116e-14   1.76286027e-14   1.80112637e-14 
      0.43000000  1.52586627e-02  -2.99142875e-02  -2.98961896e-02  -1.54730209e-02   2.99781598e-02   2.99828031e-02  -2.99142875e-02   2.99781598e-02   1.86488529e-14   1.91430436e-14   1.92447940e-14   1.84463085e-14   2.03556260e-14   1.92235001e-14   1.91430436e-14   2.03556260e-14 
      0.44000000  1.54059203e-02  -2.99124491e-02  -2.98936175e-02  -1.56265304e-02   2.99781437e-02   2.99828382e-02  -2.99124491e-02   2.99781437e-02   2.05822058e-14   2.10031500e-14   2.15932674e-14   2.03603613e-14   2.24835471e-14   2.11019280e-14   2.10031500e-14   2.24835471e-14 
      0.45000000  1.55499601e-02  -2.99106042e-02  -2.98910282e-02  -1.57768561e-02   2.99781294e-02   2.99828737e-02  -2.99106042e-02   2.99781294e-02   2.25352146e-14   2.36303406e-14   2.27797751e-14   2.27210778e-14   2.45658422e-14   2.36806112e-14   2.36303406e-14   2.45658422e-14 
      0.46000000  1.56908811e-02  -2.99087531e-02  -2.98884224e-02  -1.59240955e-02   2.99781167e-02   2.99829096e-02  -2.99087531e-02   2.99781167e-02   2.49399996e-14   2.57224427e-14   2.58392403e-14   2.48318092e-14   2.68043975e-14   2.64931270e-14   2.57224427e-14   2.68043975e-14 
      0.47000000  1.58287783e-02  -2.99068961e-02  -2.98858006e-02  -1.60683423e-02   2.99781055e-02   2.99829459e-02  -2.99068961e-02   2.99781055e-02   2.75169340e-14   2.83656121e-14   2.82025116e-14   2.75478444e-14   2.92789706e-14   2.93270477e-14   2.83656121e-14   2.92789706e-14 
      0.48000000  1.59637428e-02  -2.99050336e-02  -2.98831633e-02  -1.62096866e-02   2.99780959e-02   2.99829825e-02  -2.99050336e-02   2.99780959e-02   3.02680879e-14   3.10317909e-14   3.12504125e-14   3.02755751e-14   3.21071378e-14   3.22936508e-14   3.10317909e-14   3.21071378e-14 
      0.49000000  1.60958625e-02  -2.99031658e-02  -2.98805111e-02  -1.63482148e-02   2.99780878e-02   2.99830194e-02  -2.99031658e-02   2.99780878e-02   3.31529941e-14   3.41956350e-14   3.41355290e-14   3.30217456e-14   3.57537401e-14   3.45125101e-14   3.41956350e-14   3.57537401e-14 
      0.50000000  1.62252215e-02  -2.99012931e-02  -2.98778443e-02  -1.64840099e-02   2.99780811e-02   2.99830566e-02  -2.99012931e-02   2.99780811e-02   3.63640457e-14   3.76519995e-14   3.69503419e-14   3.65195206e-14   3.85358057e-14   3.88796071e-14   3.76519995e-14   3.85358057e-14 
      0.51000000  1.63519011e-02  -2.98994157e-02  -2.98751637e-02  -1.66171519e-02   2.99780759e-02   2.99830941e-02  -2.98994157e-02   2.99780759e-02   3.98614121e-14   4.08525435e-14   4.12678479e-14   3.96304846e-14   4.25014991e-14   4.21020530e-14   4.08525435e-14   4.25014991e-14 
      0.52000000  1.64759791e-02  -2.98975339e-02  -2.98724697e-02  -1.67477174e-02   2.99780720e-02   2.99831319e-02  -2.98975339e-02   2.99780720e-02   4.36150340e-14   4.47729419e-14   4.46282699e-14   4.35480203e-14   4.64478899e-14   4.61238259e-14   4.47729419e-14   4.64478899e-14 
      0.53000000  1.65975306e-02  -2.98956480e-02  -2.98697627e-02  -1.68757805e-02   2.99780694e-02   2.99831699e-02  -2.98956480e-02   2.99780694e-02   4.75127277e-14   4.89232619e-14   4.87503645e-14   4.74528928e-14   5.10119091e-14   4.99200121e-14   4.89232619e-14   5.10119091e-14 
      0.54000000  1.67166280e-02  -2.98937583e-02  -2.98670433e-02  -1.70014122e-02   2.99780680e-02   2.99832081e-02  -2.98937583e-02   2.99780680e-02   5.20605220e-14   5.33799314e-14   5.32089931e-14   5.18612511e-14   5.55462665e-14   5.42956970e-14   5.33799314e-14   5.55462665e-14 
      0.55000000  1.68333408e-02  -2.98918651e-02  -2.98643121e-02  -1.71246810e-02   2.99780679e-02   2.99832466e-02  -2.98918651e-02   2.99780679e-02   5.65293559e-14   5.80627265e-14   5.78813820e-14   5.65940535e-14   6.01754941e-14   6.02387649e-14   5.80627265e-14   6.01754941e-14 
      0.56000000  1.69477362e-02  -2.98899686e-02  -2.98615693e-02  -1.72456530e-02   2.99780691e-02   2.99832852e-02  -2.98899686e-02   2.99780691e-02   6.15204407e-14   6.32899614e-14   6.30093077e-14   6.15885622e-14   6.53945909e-14   6.55113761e-14   6.32899614e-14   6.53945909e-14 
      0.57000000  1.70598788e-02  -2.98880690e-02  -2.98588157e-02  -1.73643917e-02   2.99780713e-02   2.99833240e-02  -2.98880690e-02   2.99780713e-02   6.71683510e-14   6.87911670e-14   6.84823185e-14   6.69802810e-14   7.12714568e-14   7.05619151e-14   6.87911670e-14   7.12714568e-14 
      0.58000000  1.71698310e-02  -2.98861667e-02  -2.98560515e-02  -1.74809585e-02   2.99780747e-02   2.99833629e-02  -2.98861667e-02   2.99780747e-02   7.28472170e-14   7.46885486e-14   7.43725016e-14   7.27481081e-14   7.72299244e-14   7.70067391e-14   7.46885486e-14   7.72299244e-14 
      0.59000000  1.72776530e-02  -2.98842619e-02  -2.98532774e-02  -1.75954123e-02   2.99780792e-02   2.99834020e-02  -2.98842619e-02   2.99780792e-02   7.90661179e-14   8.10080053e-14   8.06381689e-14   7.89208842e-14   8.38425903e-14   8.33134354e-14   8.10080053e-14   8.38425903e-14 
      0.60000000  1.73834027e-02  -2.98823548e-02  -2.98504937e-02  -1.77078102e-02   2.99780848e-02   2.99834412e-02  -2.98823548e-02   2.99780848e-02   8.56376285e-14   8.77571460e-14   8.73486822e-14   8.55214187e-14   9.07569255e-14   9.04565359e-14   8.77571460e-14   9.07569255e-14 
      0.61000000  1.74871363e-02  -2.98804457e-02  -2.98477010e-02  -1.78182072e-02   2.99780914e-02   2.99834805e-02  -2.98804457e-02   2.99780914e-02   9.27181981e-14   9.49752479e-14   9.44769330e-14   9.25989165e-14   9.82002831e-14   9.79040220e-14   9.49752479e-14   9.82002831e-14 
      0.62000000  1.75889077e-02  -2.98785349e-02  -2.98448996e-02  -1.79266564e-02   2.99780990e-02   2.99835199e-02  -2.98785349e-02   2.99780990e-02   1.00256716e-13   1.02639013e-13   1.02152836e-13   1.00090412e-13   1.06221212e-13   1.05733805e-13   1.02639013e-13   1.06221212e-13 
      0.63000000  1.76887693e-02  -2.98766225e-02  -2.98420901e-02  -1.80332090e-02   2.99781076e-02   2.99835595e-02  -2.98766225e-02   2.99781076e-02   1.08300648e-13   1.10844291e-13   1.10255539e-13   1.08107648e-13   1.14756776e-13   1.14061260e-13   1.10844291e-13   1.14756776e-13 
      0.64000000  1.77867714e-02  -2.98747087e-02  -2.98392728e-02  -1.81379145e-02   2.99781171e-02   2.99835991e-02  -2.98747087e-02   2.99781171e-02   1.16847286e-13   1.19557981e-13   1.18932224e-13   1.16629755e-13   1.23783138e-13   1.23049881e-13   1.19557981e-13   1.23783138e-13 
      0.65000000  1.78829630e-02  -2.98727939e-02  -2.98364483e-02  -1.82408208e-02   2.99781276e-02   2.99836388e-02  -2.98727939e-02   2.99781276e-02   1.25919158e-13   1.28814463e-13   1.28146709e-13   1.25700976e-13   1.33329866e-13   1.32737016e-13   1.28814463e-13   1.33329866e-13 
      0.66000000  1.79773910e-02  -2.98708782e-02  -2.98336169e-02  -1.83419741e-02   2.99781390e-02   2.99836785e-02  -2.98708782e-02   2.99781390e-02   1.35600655e-13   1.38647712e-13   1.37952131e-13   1.35315679e-13   1.43603705e-13   1.42730026e-13   1.38647712e-13   1.43603705e-13 
      0.67000000  1.80701011e-02  -2.98689619e-02  -2.98307790e-02  -1.84414190e-02   2.99781512e-02   2.99837184e-02  -2.98689619e-02   2.99781512e-02   1.45846207e-13   1.49081509e-13   1.48329937e-13   1.45540048e-13   1.54408720e-13   1.53547993e-13   1.49081509e-13   1.54408720e-13 
      0.68000000  1.81611374e-02  -2.98670451e-02  -2.98279351e-02  -1.85391988e-02   2.99781643e-02   2.99837582e-02  -2.98670451e-02   2.99781643e-02   1.56708526e-13   1.60143821e-13   1.59327425e-13   1.56373749e-13   1.65898275e-13   1.64927724e-13   1.60143821e-13   1.65898275e-13 
      0.69000000  1.82505425e-02  -2.98651281e-02  -2.98250856e-02  -1.86353551e-02   2.99781782e-02   2.99837981e-02  -2.98651281e-02   2.99781782e-02   1.68198731e-13   1.71856055e-13   1.70963446e-13   1.67854428e-13   1.78005619e-13   1.77128436e-13   1.71856055e-13   1.78005619e-13 
      0.70000000  1.83383577e-02  -2.98632111e-02  -2.98222309e-02  -1.87299284e-02   2.99781929e-02   2.99838381e-02  -2.98632111e-02   2.99781929e-02   1.80389759e-13   1.84236007e-13   1.83297233e-13   1.79987372e-13   1.90894569e-13   1.89837952e-13   1.84236007e-13   1.90894569e-13 
      0.71000000  1.84246229e-02  -2.98612942e-02  -2.98193714e-02  -1.88229578e-02   2.99782084e-02   2.99838780e-02  -2.98612942e-02   2.99782084e-02   1.93257673e-13   1.97329244e-13   1.96306325e-13   1.92816449e-13   2.04479637e-13   2.03359851e-13   1.97329244e-13   2.04479637e-13 
      0.72000000  1.85093769e-02  -2.98593777e-02  -2.98165075e-02  -1.89144812e-02   2.99782246e-02   2.99839180e-02  -2.98593777e-02   2.99782246e-02   2.06847450e-13   2.11143258e-13   2.10058593e-13   2.06359700e-13   2.18853790e-13   2.17600775e-13   2.11143258e-13   2.18853790e-13 
      0.73000000  1.85926570e-02  -2.98574618e-02  -2.98136395e-02  -1.90045352e-02   2.99782416e-02   2.99839580e-02  -2.98574618e-02   2.99782416e-02   2.21188734e-13   2.25721349e-13   2.24549099e-13   2.20654645e-13   2.33971708e-13   2.32692208e-13   2.25721349e-13   2.33971708e-13 
      0.74000000  1.86744997e-02  -2.98555466e-02  -2.98107679e-02  -1.90931553e-02   2.99782593e-02   2.99839980e-02  -2.98555466e-02   2.99782593e-02   2.36304754e-13   2.41080331e-13   2.39849130e-13   2.35702284e-13   2.49947478e-13   2.48521378e-13   2.41080331e-13   2.49947478e-13 
      0.75000000  1.87549399e-02  -2.98536323e-02  -2.98078931e-02  -1.91803758e-02   2.99782778e-02   2.99840380e-02  -2.98536323e-02   2.99782778e-02   2.52225503e-13   2.57255443e-13   2.55941799e-13   2.51565044e-13   2.66748118e-13   2.65228835e-13   2.57255443e-13   2.66748118e-13 
      0.76000000  1.88340118e-02  -2.98517191e-02  -2.98050153e-02  -1.92662301e-02   2.99782969e-02   2.99840781e-02  -2.98517191e-02   2.99782969e-02   2.68980745e-13   2.74276366e-13   2.72848869e-13   2.68251265e-13   2.84448474e-13   2.82767239e-13   2.74276366e-13   2.84448474e-13 
      0.77000000  1.89117485e-02  -2.98498072e-02  -2.98021351e-02  -1.93507504e-02   2.99783166e-02   2.99841181e-02  -2.98498072e-02   2.99783166e-02   2.86582387e-13   2.92164557e-13   2.90634511e-13   2.85799298e-13   3.03016352e-13   3.01292295e-13   2.92164557e-13   3.03016352e-13 
      0.78000000  1.89881819e-02  -2.98478968e-02  -2.97992526e-02  -1.94339680e-02   2.99783371e-02   2.99841581e-02  -2.98478968e-02   2.99783371e-02   3.05093047e-13   3.10936163e-13   3.09318783e-13   3.04238716e-13   3.22543709e-13   3.20680866e-13   3.10936163e-13   3.22543709e-13 
      0.79000000  1.90633432e-02  -2.98459879e-02  -2.97963683e-02  -1.95159133e-02   2.99783581e-02   2.99841980e-02  -2.98459879e-02   2.99783581e-02   3.24512066e-13   3.30649488e-13   3.28931238e-13   3.23560321e-13   3.43044841e-13   3.41027635e-13   3.30649488e-13   3.43044841e-13 
      0.80000000  1.91372623e-02  -2.98440809e-02  -2.97934826e-02  -1.95966157e-02   2.99783798e-02   2.99842380e-02  -2.98440809e-02   2.99783798e-02   3.44875247e-13   3.51318183e-13   3.49478007e-13   3.43842401e-13   3.64520944e-13   3.62405660e-13   3.51318183e-13   3.64520944e-13 
      0.81000000  1.92099686e-02  -2.98421757e-02  -2.97905957e-02  -1.96761036e-02   2.99784021e-02   2.99842779e-02  -2.98421757e-02   2.99784021e-02   3.66216344e-13   3.72958582e-13   3.71036128e-13   3.65087458e-13   3.87043144e-13   3.84783194e-13   3.72958582e-13   3.87043144e-13 
      0.82000000  1.92814905e-02  -2.98402727e-02  -2.97877080e-02  -1.97544049e-02   2.99784250e-02   2.99843179e-02  -2.98402727e-02   2.99784250e-02   3.88560567e-13   3.95630108e-13   3.93560002e-13   3.87331805e-13   4.10616432e-13   4.08227145e-13   3.95630108e-13   4.10616432e-13 
      0.83000000  1.93518554e-02  -2.98383719e-02  -2.97848199e-02  -1.98315463e-02   2.99784484e-02   2.99843577e-02  -2.98383719e-02   2.99784484e-02   4.11943547e-13   4.19345590e-13   4.17131710e-13   4.10616757e-13   4.35278001e-13   4.32731233e-13   4.19345590e-13   4.35278001e-13 
      0.84000000  1.94210901e-02  -2.98364735e-02  -2.97819316e-02  -1.99075540e-02   2.99784724e-02   2.99843976e-02  -2.98364735e-02   2.99784724e-02   4.36398086e-13   4.44116651e-13   4.41782884e-13   4.34955642e-13   4.61071887e-13   4.58353760e-13   4.44116651e-13   4.61071887e-13 
      0.85000000  1.94892206e-02  -2.98345776e-02  -2.97790435e-02  -1.99824532e-02   2.99784970e-02   2.99844374e-02  -2.98345776e-02   2.99784970e-02   4.61941057e-13   4.70008699e-13   4.67529152e-13   4.60376814e-13   4.88010107e-13   4.85107932e-13   4.70008699e-13   4.88010107e-13 
      0.86000000  1.95562721e-02  -2.98326845e-02  -2.97761559e-02  -2.00562686e-02   2.99785221e-02   2.99844772e-02  -2.98326845e-02   2.99785221e-02   4.88603098e-13   4.97024127e-13   4.94403116e-13   4.86911061e-13   5.16130497e-13   5.13066454e-13   4.97024127e-13   5.16130497e-13 
      0.87000000  1.96222689e-02  -2.98307941e-02  -2.97732691e-02  -2.01290240e-02   2.99785477e-02   2.99845169e-02  -2.98307941e-02   2.99785477e-02   5.16415789e-13   5.25209748e-13   5.22420761e-13   5.14589124e-13   5.45466915e-13   5.42232561e-13   5.25209748e-13   5.45466915e-13 
      0.88000000  1.96872351e-02  -2.98289067e-02  -2.97703833e-02  -2.02007426e-02   2.99785738e-02   2.99845566e-02  -2.98289067e-02   2.99785738e-02   5.45422935e-13   5.54583853e-13   5.51640551e-13   5.43453692e-13   5.76040959e-13   5.72632706e-13   5.54583853e-13   5.76040959e-13 
      0.89000000  1.97511936e-02  -2.98270224e-02  -2.97674990e-02  -2.02714470e-02   2.99786005e-02   2.99845963e-02  -2.98270224e-02   2.99786005e-02   5.75652852e-13   5.85187191e-13   5.82063221e-13   5.73522936e-13   6.07909428e-13   6.04257766e-13   5.85187191e-13   6.07909428e-13 
      0.90000000  1.98141670e-02  -2.98251413e-02  -2.97646164e-02  -2.03411591e-02   2.99786276e-02   2.99846359e-02  -2.98251413e-02   2.99786276e-02   6.07101261e-13   6.17031656e-13   6.13740116e-13   6.04823800e-13   6.41086591e-13   6.37225380e-13   6.17031656e-13   6.41086591e-13 
      0.91000000  1.98761772e-02  -2.98232636e-02  -2.97617357e-02  -2.04099002e-02   2.99786552e-02   2.99846755e-02  -2.98232636e-02   2.99786552e-02   6.39838286e-13   6.50164370e-13   6.46696510e-13   6.37370076e-13   6.75587415e-13   6.71551527e-13   6.50164370e-13   6.75587415e-13 
      0.92000000  1.99372453e-02  -2.98213893e-02  -2.97588573e-02  -2.04776909e-02   2.99786832e-02   2.99847150e-02  -2.98213893e-02   2.99786832e-02   6.73880233e-13   6.84606658e-13   6.80949622e-13   6.71236446e-13   7.11475819e-13   7.07196991e-13   6.84606658e-13   7.11475819e-13 
      0.93000000  1.99973920e-02  -2.98195186e-02  -2.97559814e-02  -2.05445514e-02   2.99787118e-02   2.99847544e-02  -2.98195186e-02   2.99787118e-02   7.09252360e-13   7.20407702e-13   7.16507104e-13   7.06422687e-13   7.48750749e-13   7.44285253e-13   7.20407702e-13   7.48750749e-13 
      0.94000000  2.00566375e-02  -2.98176516e-02  -2.97531083e-02  -2.06105013e-02   2.99787407e-02   2.99847939e-02  -2.98176516e-02   2.99787407e-02   7.45987313e-13   7.57563103e-13   7.53470352e-13   7.42939735e-13   7.87499696e-13   7.82730759e-13   7.57563103e-13   7.87499696e-13 
      0.95000000  2.01150013e-02  -2.98157884e-02  -2.97502383e-02  -2.06755597e-02   2.99787702e-02   2.99848332e-02  -2.98157884e-02   2.99787702e-02   7.84141441e-13   7.96100051e-13   7.91822484e-13   7.80885436e-13   8.27680561e-13   8.22692025e-13   7.96100051e-13   8.27680561e-13 
      0.96000000  2.01725024e-02  -2.98139292e-02  -2.97473716e-02  -2.07397450e-02   2.99788000e-02   2.99848725e-02  -2.98139292e-02   2.99788000e-02   8.23684583e-13   8.36106581e-13   8.31613929e-13   8.20183348e-13   8.69381761e-13   8.64096998e-13   8.36106581e-13   8.69381761e-13 
      0.97000000  2.02291594e-02  -2.98120740e-02  -2.97445085e-02  -2.08030753e-02   2.99788303e-02   2.99849118e-02  -2.98120740e-02   2.99788303e-02   8.64686344e-13   8.77555227e-13   8.72844753e-13   8.60931262e-13   9.12607592e-13   9.07068570e-13   8.77555227e-13   9.12607592e-13 
      0.98000000  2.02849903e-02  -2.98102229e-02  -2.97416493e-02  -2.08655682e-02   2.99788609e-02   2.99849510e-02  -2.98102229e-02   2.99788609e-02   9.07173682e-13   9.20512764e-13   9.15516036e-13   9.03189133e-13   9.57404373e-13   9.51553048e-13   9.20512764e-13   9.57404373e-13 
      0.99000000  2.03400127e-02  -2.98083761e-02  -2.97387941e-02  -2.09272408e-02   2.99788920e-02   2.99849901e-02  -2.98083761e-02   2.99788920e-02   9.51178601e-13   9.64978148e-13   9.59724120e-13   9.46927256e-13   1.00380708e-12   9.97601636e-13   9.64978148e-13   1.00380708e-12 
      1.00000000  2.03942437e-02  -2.98065336e-02  -2.97359432e-02  -2.09881096e-02   2.99789235e-02   2.99850292e-02  -2.98065336e-02   2.99789235e-02   9.96729579e-13   1.01099955e-12   1.00549091e-12   9.92176004e-13   1.05180770e-12   1.04531242e-12   1.01099955e-12   1.05180770e-12 
      1.01000000  2.04476998e-02  -2.98046955e-02  -2.97330969e-02  -2.10481909e-02   2.99789554e-02   2.99850683e-02  -2.98046955e-02   2.99789554e-02   1.04386294e-12   1.05858583e-12   1.05281801e-12   1.03900910e-12   1.10146933e-12   1.09466088e-12   1.05858583e-12   1.10146933e-12 
      1.02000000  2.05003975e-02  -2.98028620e-02  -2.97302554e-02  -2.11075006e-02   2.99789876e-02   2.99851072e-02  -2.98028620e-02   2.99789876e-02   1.09257502e-12   1.10778706e-12   1.10172902e-12   1.08741794e-12   1.15282688e-12   1.14568945e-12   1.10778706e-12   1.15282688e-12 
      1.03000000  2.05523523e-02  -2.98010331e-02  -2.97274189e-02  -2.11660539e-02   2.99790203e-02   2.99851462e-02  -2.98010331e-02   2.99790203e-02   1.14294788e-12   1.15861225e-12   1.15230130e-12   1.13744383e-12   1.20591131e-12   1.19839330e-12   1.15861225e-12   1.20591131e-12 
      1.04000000  2.06035798e-02  -2.97992090e-02  -2.97245877e-02  -2.12238659e-02   2.99790533e-02   2.99851850e-02  -2.97992090e-02   2.99790533e-02   1.19496038e-12   1.21113832e-12   1.20448250e-12   1.18911528e-12   1.26075269e-12   1.25283428e-12   1.21113832e-12   1.26075269e-12 
      1.05000000  2.06540950e-02  -2.97973896e-02  -2.97217619e-02  -2.12809511e-02   2.99790866e-02   2.99852238e-02  -2.97973896e-02   2.99790866e-02   1.24867263e-12   1.26534179e-12   1.25840439e-12   1.24246018e-12   1.31734152e-12   1.30908743e-12   1.26534179e-12   1.31734152e-12 
      1.06000000  2.07039125e-02  -2.97955751e-02  -2.97189418e-02  -2.13373238e-02   2.99791203e-02   2.99852626e-02  -2.97955751e-02   2.99791203e-02   1.30410399e-12   1.32127867e-12   1.31400164e-12   1.29750337e-12   1.37575500e-12   1.36713186e-12   1.32127867e-12   1.37575500e-12 
      1.07000000  2.07530466e-02  -2.97937656e-02  -2.97161276e-02  -2.13929979e-02   2.99791544e-02   2.99853013e-02  -2.97937656e-02   2.99791544e-02   1.36132270e-12   1.37894829e-12   1.37136022e-12   1.35428932e-12   1.43605001e-12   1.42695778e-12   1.37894829e-12   1.43605001e-12 
      1.08000000  2.08015111e-02  -2.97919611e-02  -2.97133195e-02  -2.14479869e-02   2.99791888e-02   2.99853399e-02  -2.97919611e-02   2.99791888e-02   1.42025012e-12   1.43842889e-12   1.43049203e-12   1.41282813e-12   1.49819099e-12   1.48870672e-12   1.43842889e-12   1.49819099e-12 
      1.09000000  2.08493197e-02  -2.97901618e-02  -2.97105177e-02  -2.15023040e-02   2.99792236e-02   2.99853785e-02  -2.97901618e-02   2.99792236e-02   1.48103677e-12   1.49972145e-12   1.49140558e-12   1.47316108e-12   1.56225506e-12   1.55229171e-12   1.49972145e-12   1.56225506e-12 
      1.10000000  2.08964855e-02  -2.97883677e-02  -2.97077224e-02  -2.15559621e-02   2.99792586e-02   2.99854170e-02  -2.97883677e-02   2.99792586e-02   1.54364164e-12   1.56285193e-12   1.55416018e-12   1.53530386e-12   1.62826445e-12   1.61782423e-12   1.56285193e-12   1.62826445e-12 
      1.11000000  2.09430215e-02  -2.97865788e-02  -2.97049338e-02  -2.16089737e-02   2.99792941e-02   2.99854555e-02  -2.97865788e-02   2.99792941e-02   1.60813642e-12   1.62784715e-12   1.61877072e-12   1.59931165e-12   1.69623307e-12   1.68529700e-12   1.62784715e-12   1.69623307e-12 
      1.12000000  2.09889403e-02  -2.97847953e-02  -2.97021521e-02  -2.16613512e-02   2.99793298e-02   2.99854939e-02  -2.97847953e-02   2.99793298e-02   1.67451354e-12   1.69473463e-12   1.68528186e-12   1.66521047e-12   1.76618994e-12   1.75481838e-12   1.69473463e-12   1.76618994e-12 
      1.13000000  2.10342541e-02  -2.97830173e-02  -2.96993774e-02  -2.17131063e-02   2.99793658e-02   2.99855323e-02  -2.97830173e-02   2.99793658e-02   1.74281275e-12   1.76357866e-12   1.75370801e-12   1.73294491e-12   1.83817601e-12   1.82637098e-12   1.76357866e-12   1.83817601e-12 
      1.14000000  2.10789750e-02  -2.97812447e-02  -2.96966100e-02  -2.17642509e-02   2.99794022e-02   2.99855706e-02  -2.97812447e-02   2.99794022e-02   1.81307588e-12   1.83435517e-12   1.82409170e-12   1.80265836e-12   1.91224789e-12   1.89992166e-12   1.83435517e-12   1.91224789e-12 
      1.15000000  2.11231147e-02  -2.97794776e-02  -2.96938501e-02  -2.18147963e-02   2.99794389e-02   2.99856089e-02  -2.97794776e-02   2.99794389e-02   1.88534200e-12   1.90714260e-12   1.89642151e-12   1.87433139e-12   1.98843100e-12   1.97553130e-12   1.90714260e-12   1.98843100e-12 
      1.16000000  2.11666846e-02  -2.97777162e-02  -2.96910977e-02  -2.18647536e-02   2.99794759e-02   2.99856471e-02  -2.97777162e-02   2.99794759e-02   1.95960851e-12   1.98194964e-12   1.97077764e-12   1.94798871e-12   2.06672163e-12   2.05328405e-12   1.98194964e-12   2.06672163e-12 
      1.17000000  2.12096959e-02  -2.97759604e-02  -2.96883531e-02  -2.19141337e-02   2.99795132e-02   2.99856853e-02  -2.97759604e-02   2.99795132e-02   2.03594718e-12   2.05879716e-12   2.04718314e-12   2.02366404e-12   2.14718611e-12   2.13315825e-12   2.05879716e-12   2.14718611e-12 
      1.18000000  2.12521594e-02  -2.97742104e-02  -2.96856165e-02  -2.19629472e-02   2.99795508e-02   2.99857234e-02  -2.97742104e-02   2.99795508e-02   2.11431174e-12   2.13772335e-12   2.12561636e-12   2.10141010e-12   2.22986174e-12   2.21525473e-12   2.13772335e-12   2.22986174e-12 
      1.19000000  2.12940858e-02  -2.97724662e-02  -2.96828879e-02  -2.20112045e-02   2.99795887e-02   2.99857614e-02  -2.97724662e-02   2.99795887e-02   2.19486983e-12   2.21876104e-12   2.20616155e-12   2.18120374e-12   2.31473279e-12   2.29954068e-12   2.21876104e-12   2.31473279e-12 
      1.20000000  2.13354856e-02  -2.97707278e-02  -2.96801677e-02  -2.20589156e-02   2.99796268e-02   2.99857995e-02  -2.97707278e-02   2.99796268e-02   2.27752063e-12   2.30192222e-12   2.28884346e-12   2.26314686e-12   2.40192098e-12   2.38599685e-12   2.30192222e-12   2.40192098e-12 
      1.21000000  2.13763689e-02  -2.97689953e-02  -2.96774559e-02  -2.21060906e-02   2.99796653e-02   2.99858374e-02  -2.97689953e-02   2.99796653e-02   2.36231829e-12   2.38728049e-12   2.37365282e-12   2.34721887e-12   2.49135276e-12   2.47485196e-12   2.38728049e-12   2.49135276e-12 
      1.22000000  2.14167455e-02  -2.97672688e-02  -2.96747526e-02  -2.21527390e-02   2.99797040e-02   2.99858754e-02  -2.97672688e-02   2.99797040e-02   2.44936399e-12   2.47483165e-12   2.46066228e-12   2.43345239e-12   2.58314430e-12   2.56591568e-12   2.47483165e-12   2.58314430e-12 
      1.23000000  2.14566254e-02  -2.97655483e-02  -2.96720581e-02  -2.21988703e-02   2.99797431e-02   2.99859132e-02  -2.97655483e-02   2.99797431e-02   2.53863221e-12   2.56462260e-12   2.54985005e-12   2.52192715e-12   2.67726117e-12   2.65940363e-12   2.56462260e-12   2.67726117e-12 
      1.24000000  2.14960178e-02  -2.97638338e-02  -2.96693725e-02  -2.22444938e-02   2.99797824e-02   2.99859511e-02  -2.97638338e-02   2.99797824e-02   2.63015548e-12   2.65663474e-12   2.64138365e-12   2.61258394e-12   2.77379070e-12   2.75528216e-12   2.65663474e-12   2.77379070e-12 
      1.25000000  2.15349321e-02  -2.97621254e-02  -2.96666960e-02  -2.22896184e-02   2.99798220e-02   2.99859889e-02  -2.97621254e-02   2.99798220e-02   2.72401762e-12   2.75096979e-12   2.73513502e-12   2.70554541e-12   2.87278119e-12   2.85349155e-12   2.75096979e-12   2.87278119e-12 
      1.26000000  2.15733775e-02  -2.97604232e-02  -2.96640286e-02  -2.23342531e-02   2.99798618e-02   2.99860267e-02  -2.97604232e-02   2.99798618e-02   2.82016500e-12   2.84764566e-12   2.83121345e-12   2.80076426e-12   2.97422343e-12   2.95422594e-12   2.84764566e-12   2.97422343e-12 
      1.27000000  2.16113626e-02  -2.97587272e-02  -2.96613705e-02  -2.23784064e-02   2.99799020e-02   2.99860644e-02  -2.97587272e-02   2.99799020e-02   2.91874063e-12   2.94667508e-12   2.92964426e-12   2.89832428e-12   3.07819382e-12   3.05734048e-12   2.94667508e-12   3.07819382e-12 
      1.28000000  2.16488963e-02  -2.97570374e-02  -2.96587219e-02  -2.24220868e-02   2.99799424e-02   2.99861021e-02  -2.97570374e-02   2.99799424e-02   3.01965075e-12   3.04813719e-12   3.03034920e-12   2.99830549e-12   3.18470348e-12   3.16304232e-12   3.04813719e-12   3.18470348e-12 
      1.29000000  2.16859870e-02  -2.97553539e-02  -2.96560829e-02  -2.24653026e-02   2.99799831e-02   2.99861397e-02  -2.97553539e-02   2.99799831e-02   3.12305644e-12   3.15198371e-12   3.13363397e-12   3.10060468e-12   3.29377902e-12   3.27130918e-12   3.15198371e-12   3.29377902e-12 
      1.30000000  2.17226431e-02  -2.97536767e-02  -2.96534535e-02  -2.25080619e-02   2.99800240e-02   2.99861773e-02  -2.97536767e-02   2.99800240e-02   3.22890239e-12   3.25831742e-12   3.23927760e-12   3.20537471e-12   3.40547592e-12   3.38218817e-12   3.25831742e-12   3.40547592e-12 
      1.31000000  2.17588726e-02  -2.97520058e-02  -2.96508341e-02  -2.25503725e-02   2.99800652e-02   2.99862149e-02  -2.97520058e-02   2.99800652e-02   3.33728848e-12   3.36713363e-12   3.34744240e-12   3.31260022e-12   3.51985820e-12   3.49567221e-12   3.36713363e-12   3.51985820e-12 
      1.32000000  2.17946835e-02  -2.97503413e-02  -2.96482246e-02  -2.25922424e-02   2.99801067e-02   2.99862525e-02  -2.97503413e-02   2.99801067e-02   3.44820481e-12   3.47850271e-12   3.45811334e-12   3.42234319e-12   3.63691069e-12   3.61187840e-12   3.47850271e-12   3.63691069e-12 
      1.33000000  2.18300836e-02  -2.97486833e-02  -2.96456252e-02  -2.26336789e-02   2.99801484e-02   2.99862900e-02  -2.97486833e-02   2.99801484e-02   3.56170991e-12   3.59245165e-12   3.57132451e-12   3.53462259e-12   3.75673300e-12   3.73077258e-12   3.59245165e-12   3.75673300e-12 
      1.34000000  2.18650806e-02  -2.97470317e-02  -2.96430361e-02  -2.26746897e-02   2.99801904e-02   2.99863275e-02  -2.97470317e-02   2.99801904e-02   3.67784601e-12   3.70903166e-12   3.68712756e-12   3.64948078e-12   3.87934864e-12   3.85238686e-12   3.70903166e-12   3.87934864e-12 
      1.35000000  2.18996818e-02  -2.97453867e-02  -2.96404573e-02  -2.27152819e-02   2.99802327e-02   2.99863650e-02  -2.97453867e-02   2.99802327e-02   3.79665267e-12   3.82825417e-12   3.80556345e-12   3.76694903e-12   4.00479050e-12   3.97683678e-12   3.82825417e-12   4.00479050e-12 
      1.36000000  2.19338947e-02  -2.97437481e-02  -2.96378889e-02  -2.27554627e-02   2.99802752e-02   2.99864024e-02  -2.97437481e-02   2.99802752e-02   3.91817534e-12   3.95015297e-12   3.92669464e-12   3.88709149e-12   4.13310390e-12   4.10414966e-12   3.95015297e-12   4.13310390e-12 
      1.37000000  2.19677263e-02  -2.97421161e-02  -2.96353311e-02  -2.27952391e-02   2.99803180e-02   2.99864399e-02  -2.97421161e-02   2.99803180e-02   4.04244312e-12   4.07481560e-12   4.05053816e-12   4.00992424e-12   4.26433860e-12   4.23434343e-12   4.07481560e-12   4.26433860e-12 
      1.38000000  2.20011837e-02  -2.97404907e-02  -2.96327840e-02  -2.28346179e-02   2.99803610e-02   2.99864773e-02  -2.97404907e-02   2.99803610e-02   4.16950723e-12   4.20224530e-12   4.17714207e-12   4.13549456e-12   4.39854023e-12   4.36747958e-12   4.20224530e-12   4.39854023e-12 
      1.39000000  2.20342738e-02  -2.97388719e-02  -2.96302477e-02  -2.28736058e-02   2.99804043e-02   2.99865147e-02  -2.97388719e-02   2.99804043e-02   4.29941224e-12   4.33249685e-12   4.30653586e-12   4.26384872e-12   4.53575660e-12   4.50368472e-12   4.33249685e-12   4.53575660e-12 
      1.40000000  2.20670033e-02  -2.97372598e-02  -2.96277223e-02  -2.29122095e-02   2.99804478e-02   2.99865520e-02  -2.97372598e-02   2.99804478e-02   4.43216337e-12   4.46564734e-12   4.43876817e-12   4.39505959e-12   4.67600192e-12   4.64294521e-12   4.46564734e-12   4.67600192e-12 
      1.41000000  2.20993788e-02  -2.97356543e-02  -2.96252079e-02  -2.29504353e-02   2.99804916e-02   2.99865894e-02  -2.97356543e-02   2.99804916e-02   4.56790916e-12   4.60170442e-12   4.57385695e-12   4.52910995e-12   4.81948901e-12   4.78508570e-12   4.60170442e-12   4.81948901e-12 
      1.42000000  2.21314068e-02  -2.97340555e-02  -2.96227047e-02  -2.29882896e-02   2.99805357e-02   2.99866267e-02  -2.97340555e-02   2.99805357e-02   4.70666919e-12   4.74074798e-12   4.71184551e-12   4.66612348e-12   4.96609186e-12   4.93047595e-12   4.74074798e-12   4.96609186e-12 
      1.43000000  2.21630937e-02  -2.97324634e-02  -2.96202126e-02  -2.30257786e-02   2.99805800e-02   2.99866641e-02  -2.97324634e-02   2.99805800e-02   4.84840561e-12   4.88273677e-12   4.85295374e-12   4.80613886e-12   5.11590734e-12   5.07913285e-12   4.88273677e-12   5.11590734e-12 
      1.44000000  2.21944457e-02  -2.97308781e-02  -2.96177319e-02  -2.30629084e-02   2.99806245e-02   2.99867014e-02  -2.97308781e-02   2.99806245e-02   4.99327034e-12   5.02784017e-12   4.99716957e-12   4.94901052e-12   5.26905433e-12   5.23095141e-12   5.02784017e-12   5.26905433e-12 
      1.45000000  2.22254688e-02  -2.97292996e-02  -2.96152626e-02  -2.30996850e-02   2.99806693e-02   2.99867387e-02  -2.97292996e-02   2.99806693e-02   5.14125545e-12   5.17608260e-12   5.14437552e-12   5.09506127e-12   5.42550532e-12   5.38618757e-12   5.17608260e-12   5.42550532e-12 
      1.46000000  2.22561691e-02  -2.97277278e-02  -2.96128048e-02  -2.31361141e-02   2.99807144e-02   2.99867760e-02  -2.97277278e-02   2.99807144e-02   5.29246058e-12   5.32747739e-12   5.29473274e-12   5.24423986e-12   5.58541407e-12   5.54472707e-12   5.32747739e-12   5.58541407e-12 
      1.47000000  2.22865525e-02  -2.97261628e-02  -2.96103586e-02  -2.31722016e-02   2.99807597e-02   2.99868134e-02  -2.97261628e-02   2.99807597e-02   5.44690413e-12   5.48212357e-12   5.44828035e-12   5.39663069e-12   5.74876734e-12   5.70679012e-12   5.48212357e-12   5.74876734e-12 
      1.48000000  2.23166248e-02  -2.97246047e-02  -2.96079241e-02  -2.32079530e-02   2.99808053e-02   2.99868507e-02  -2.97246047e-02   2.99808053e-02   5.60470075e-12   5.64007792e-12   5.60513096e-12   5.55222009e-12   5.91571221e-12   5.87226453e-12   5.64007792e-12   5.91571221e-12 
      1.49000000  2.23463915e-02  -2.97230534e-02  -2.96055015e-02  -2.32433741e-02   2.99808512e-02   2.99868880e-02  -2.97230534e-02   2.99808512e-02   5.76588659e-12   5.80137605e-12   5.76530283e-12   5.71114214e-12   6.08627535e-12   6.04132775e-12   5.80137605e-12   6.08627535e-12 
      1.50000000  2.23758584e-02  -2.97215090e-02  -2.96030907e-02  -2.32784701e-02   2.99808973e-02   2.99869253e-02  -2.97215090e-02   2.99808973e-02   5.93049753e-12   5.96611790e-12   5.92885081e-12   5.87347132e-12   6.26047927e-12   6.21409722e-12   5.96611790e-12   6.26047927e-12 
      1.51000000  2.24050308e-02  -2.97199714e-02  -2.96006919e-02  -2.33132464e-02   2.99809436e-02   2.99869627e-02  -2.97199714e-02   2.99809436e-02   6.09866543e-12   6.13434129e-12   6.09586732e-12   6.03915641e-12   6.43851732e-12   6.39054217e-12   6.13434129e-12   6.43851732e-12 
      1.52000000  2.24339141e-02  -2.97184408e-02  -2.95983052e-02  -2.33477083e-02   2.99809903e-02   2.99870000e-02  -2.97184408e-02   2.99809903e-02   6.27048533e-12   6.30612746e-12   6.26643830e-12   6.20839251e-12   6.62049147e-12   6.57051028e-12   6.30612746e-12   6.62049147e-12 
      1.53000000  2.24625136e-02  -2.97169171e-02  -2.95959307e-02  -2.33818609e-02   2.99810371e-02   2.99870374e-02  -2.97169171e-02   2.99810371e-02   6.44589133e-12   6.48154268e-12   6.44058389e-12   6.38122560e-12   6.80610657e-12   6.75501449e-12   6.48154268e-12   6.80610657e-12 
      1.54000000  2.24908346e-02  -2.97154003e-02  -2.95935684e-02  -2.34157094e-02   2.99810843e-02   2.99870747e-02  -2.97154003e-02   2.99810843e-02   6.62505495e-12   6.66069296e-12   6.61844016e-12   6.55765880e-12   6.99591327e-12   6.94313882e-12   6.66069296e-12   6.99591327e-12 
      1.55000000  2.25188820e-02  -2.97138905e-02  -2.95912185e-02  -2.34492586e-02   2.99811317e-02   2.99871121e-02  -2.97138905e-02   2.99811317e-02   6.80807503e-12   6.84363095e-12   6.80001983e-12   6.73786610e-12   7.18979921e-12   7.13533861e-12   6.84363095e-12   7.18979921e-12 
      1.56000000  2.25466609e-02  -2.97123876e-02  -2.95888810e-02  -2.34825136e-02   2.99811794e-02   2.99871495e-02  -2.97123876e-02   2.99811794e-02   6.99504736e-12   7.03043557e-12   6.98543630e-12   6.92188456e-12   7.38791246e-12   7.33163422e-12   7.03043557e-12   7.38791246e-12 
      1.57000000  2.25741763e-02  -2.97108917e-02  -2.95865560e-02  -2.35154791e-02   2.99812273e-02   2.99871870e-02  -2.97108917e-02   2.99812273e-02   7.18596331e-12   7.22121975e-12   7.17482294e-12   7.10975693e-12   7.59031461e-12   7.53221855e-12   7.22121975e-12   7.59031461e-12 
      1.58000000  2.26014329e-02  -2.97094027e-02  -2.95842435e-02  -2.35481599e-02   2.99812755e-02   2.99872244e-02  -2.97094027e-02   2.99812755e-02   7.38102032e-12   7.41605902e-12   7.36813502e-12   7.30167058e-12   7.79709524e-12   7.73717734e-12   7.41605902e-12   7.79709524e-12 
      1.59000000  2.26284356e-02  -2.97079208e-02  -2.95819438e-02  -2.35805607e-02   2.99813240e-02   2.99872619e-02  -2.97079208e-02   2.99813240e-02   7.58026909e-12   7.61507365e-12   7.56554842e-12   7.49766952e-12   8.00839270e-12   7.94654270e-12   7.61507365e-12   8.00839270e-12 
      1.60000000  2.26551891e-02  -2.97064459e-02  -2.95796569e-02  -2.36126860e-02   2.99813727e-02   2.99872995e-02  -2.97064459e-02   2.99813727e-02   7.78382851e-12   7.81829853e-12   7.76732693e-12   7.69778185e-12   8.22428986e-12   8.16049276e-12   7.81829853e-12   8.22428986e-12 
      1.61000000  2.26816980e-02  -2.97049780e-02  -2.95773827e-02  -2.36445404e-02   2.99814218e-02   2.99873370e-02  -2.97049780e-02   2.99814218e-02   7.99177337e-12   8.02590648e-12   7.97331887e-12   7.90219699e-12   8.44493735e-12   8.37910862e-12   8.02590648e-12   8.44493735e-12 
      1.62000000  2.27079669e-02  -2.97035172e-02  -2.95751216e-02  -2.36761284e-02   2.99814711e-02   2.99873746e-02  -2.97035172e-02   2.99814711e-02   8.20426913e-12   8.23797647e-12   8.18368948e-12   8.11101069e-12   8.67044611e-12   8.60254659e-12   8.23797647e-12   8.67044611e-12 
      1.63000000  2.27340002e-02  -2.97020634e-02  -2.95728734e-02  -2.37074543e-02   2.99815207e-02   2.99874123e-02  -2.97020634e-02   2.99815207e-02   8.42139143e-12   8.45460556e-12   8.39870353e-12   8.32425410e-12   8.90092432e-12   8.83090605e-12   8.45460556e-12   8.90092432e-12 
      1.64000000  2.27598024e-02  -2.97006166e-02  -2.95706383e-02  -2.37385225e-02   2.99815705e-02   2.99874499e-02  -2.97006166e-02   2.99815705e-02   8.64326241e-12   8.67595636e-12   8.61825727e-12   8.54220172e-12   9.13655287e-12   9.06428498e-12   8.67595636e-12   9.13655287e-12 
      1.65000000  2.27853778e-02  -2.96991770e-02  -2.95684164e-02  -2.37693373e-02   2.99816207e-02   2.99874877e-02  -2.96991770e-02   2.99816207e-02   8.87002643e-12   8.90212465e-12   8.84262852e-12   8.76482845e-12   9.37745092e-12   9.30282755e-12   8.90212465e-12   9.37745092e-12 
      1.66000000  2.28107308e-02  -2.96977444e-02  -2.95662078e-02  -2.37999029e-02   2.99816712e-02   2.99875254e-02  -2.96977444e-02   2.99816712e-02   9.10182224e-12   9.13324569e-12   9.07189861e-12   8.99234151e-12   9.62371883e-12   9.54680526e-12   9.13324569e-12   9.62371883e-12 
      1.67000000  2.28358656e-02  -2.96963188e-02  -2.95640125e-02  -2.38302233e-02   2.99817219e-02   2.99875633e-02  -2.96963188e-02   2.99817219e-02   9.33877375e-12   9.36949020e-12   9.30618134e-12   9.22483619e-12   9.87556230e-12   9.79622676e-12   9.36949020e-12   9.87556230e-12 
      1.68000000  2.28607864e-02  -2.96949004e-02  -2.95618306e-02  -2.38603028e-02   2.99817729e-02   2.99876012e-02  -2.96949004e-02   2.99817729e-02   9.58104463e-12   9.61092704e-12   9.54568133e-12   9.46244787e-12   1.01331468e-11   1.00513764e-11   9.61092704e-12   1.01331468e-11 
      1.69000000  2.28854974e-02  -2.96934891e-02  -2.95596622e-02  -2.38901454e-02   2.99818243e-02   2.99876391e-02  -2.96934891e-02   2.99818243e-02   9.82876960e-12   9.85781382e-12   9.79044007e-12   9.70538807e-12   1.03967454e-11   1.03120696e-11   9.85781382e-12   1.03967454e-11 
      1.70000000  2.29100025e-02  -2.96920849e-02  -2.95575075e-02  -2.39197551e-02   2.99818759e-02   2.99876771e-02  -2.96920849e-02   2.99818759e-02   1.00821596e-11   1.01102084e-11   1.00407836e-11   9.95375831e-12   1.06662134e-11   1.05791937e-11   1.01102084e-11   1.06662134e-11 
      1.71000000  2.29343060e-02  -2.96906878e-02  -2.95553664e-02  -2.39491358e-02   2.99819279e-02   2.99877152e-02  -2.96906878e-02   2.99819279e-02   1.03413807e-11   1.03683402e-11   1.02968122e-11   1.02076115e-11   1.09420817e-11   1.08522740e-11   1.03683402e-11   1.09420817e-11 
      1.72000000  2.29584117e-02  -2.96892979e-02  -2.95532390e-02  -2.39782914e-02   2.99819802e-02   2.99877534e-02  -2.96892979e-02   2.99819802e-02   1.06065536e-11   1.06324365e-11   1.05582023e-11   1.04676603e-11   1.12244112e-11   1.11317680e-11   1.06324365e-11   1.12244112e-11 
      1.73000000  2.29823237e-02  -2.96879151e-02  -2.95511255e-02  -2.40072259e-02   2.99820327e-02   2.99877916e-02  -2.96879151e-02   2.99820327e-02   1.08779001e-11   1.09025228e-11   1.08263111e-11   1.07331485e-11   1.15134208e-11   1.14178761e-11   1.09025228e-11   1.15134208e-11 
      1.74000000  2.30060457e-02  -2.96865395e-02  -2.95490260e-02  -2.40359430e-02   2.99820857e-02   2.99878300e-02  -2.96865395e-02   2.99820857e-02   1.11556555e-11   1.11789356e-11   1.11003114e-11   1.10050139e-11   1.18093657e-11   1.17107421e-11   1.11789356e-11   1.18093657e-11 
      1.75000000  2.30295819e-02  -2.96851710e-02  -2.95469405e-02  -2.40644465e-02   2.99821389e-02   2.99878684e-02  -2.96851710e-02   2.99821389e-02   1.14400125e-11   1.14618358e-11   1.13807255e-11   1.12832362e-11   1.21124500e-11   1.20106937e-11   1.14618358e-11   1.21124500e-11 
      1.76000000  2.30529358e-02  -2.96838097e-02  -2.95448690e-02  -2.40927402e-02   2.99821925e-02   2.99879069e-02  -2.96838097e-02   2.99821925e-02   1.17311538e-11   1.17514795e-11   1.16677843e-11   1.15679935e-11   1.24229033e-11   1.23180109e-11   1.17514795e-11   1.24229033e-11 
      1.77000000  2.30761115e-02  -2.96824555e-02  -2.95428118e-02  -2.41208278e-02   2.99822464e-02   2.99879454e-02  -2.96824555e-02   2.99822464e-02   1.20293957e-11   1.20480365e-11   1.19616701e-11   1.18595730e-11   1.27410597e-11   1.26327584e-11   1.20480365e-11   1.27410597e-11 
      1.78000000  2.30991126e-02  -2.96811086e-02  -2.95407689e-02  -2.41487129e-02   2.99823006e-02   2.99879841e-02  -2.96811086e-02   2.99823006e-02   1.23349675e-11   1.23517790e-11   1.22627034e-11   1.21581721e-11   1.30670954e-11   1.29554318e-11   1.23517790e-11   1.30670954e-11 
      1.79000000  2.31219429e-02  -2.96797688e-02  -2.95387404e-02  -2.41763993e-02   2.99823552e-02   2.99880229e-02  -2.96797688e-02   2.99823552e-02   1.26480799e-11   1.26629845e-11   1.25710535e-11   1.24640368e-11   1.34013849e-11   1.32862012e-11   1.26629845e-11   1.34013849e-11 
      1.80000000  2.31446061e-02  -2.96784363e-02  -2.95367263e-02  -2.42038905e-02   2.99824102e-02   2.99880618e-02  -2.96784363e-02   2.99824102e-02   1.29690726e-11   1.29819086e-11   1.28869897e-11   1.27774855e-11   1.37442696e-11   1.36252685e-11   1.29819086e-11   1.37442696e-11 
      1.81000000  2.31671059e-02  -2.96771109e-02  -2.95347268e-02  -2.42311901e-02   2.99824655e-02   2.99881008e-02  -2.96771109e-02   2.99824655e-02   1.32981997e-11   1.33088533e-11   1.32108696e-11   1.30987213e-11   1.40959518e-11   1.39732101e-11   1.33088533e-11   1.40959518e-11 
      1.82000000  2.31894460e-02  -2.96757928e-02  -2.95327421e-02  -2.42583018e-02   2.99825212e-02   2.99881400e-02  -2.96757928e-02   2.99825212e-02   1.36358124e-11   1.36441058e-11   1.35429275e-11   1.34280914e-11   1.44569177e-11   1.43301171e-11   1.36441058e-11   1.44569177e-11 
      1.83000000  2.32116301e-02  -2.96744819e-02  -2.95307721e-02  -2.42852290e-02   2.99825772e-02   2.99881792e-02  -2.96744819e-02   2.99825772e-02   1.39822412e-11   1.39879824e-11   1.38835248e-11   1.37659309e-11   1.48274107e-11   1.46965785e-11   1.39879824e-11   1.48274107e-11 
      1.84000000  2.32336619e-02  -2.96731783e-02  -2.95288170e-02  -2.43119754e-02   2.99826337e-02   2.99882186e-02  -2.96731783e-02   2.99826337e-02   1.43378062e-11   1.43408880e-11   1.42329528e-11   1.41125169e-11   1.52079222e-11   1.50728163e-11   1.43408880e-11   1.52079222e-11 
      1.85000000  2.32555448e-02  -2.96718819e-02  -2.95268768e-02  -2.43385444e-02   2.99826905e-02   2.99882581e-02  -2.96718819e-02   2.99826905e-02   1.47029177e-11   1.47031040e-11   1.45916888e-11   1.44681991e-11   1.55988143e-11   1.54593358e-11   1.47031040e-11   1.55988143e-11 
      1.86000000  2.32772827e-02  -2.96705928e-02  -2.95249519e-02  -2.43649397e-02   2.99827477e-02   2.99882978e-02  -2.96705928e-02   2.99827477e-02   1.50779848e-11   1.50750836e-11   1.49599111e-11   1.48334375e-11   1.60005526e-11   1.58565044e-11   1.50750836e-11   1.60005526e-11 
      1.87000000  2.32988791e-02  -2.96693110e-02  -2.95230421e-02  -2.43911646e-02   2.99828054e-02   2.99883376e-02  -2.96693110e-02   2.99828054e-02   1.54633838e-11   1.54572309e-11   1.53381656e-11   1.52085663e-11   1.64136212e-11   1.62647831e-11   1.54572309e-11   1.64136212e-11 
      1.88000000  2.33203376e-02  -2.96680365e-02  -2.95211477e-02  -2.44172227e-02   2.99828634e-02   2.99883776e-02  -2.96680365e-02   2.99828634e-02   1.58596444e-11   1.58499512e-11   1.57268892e-11   1.55939964e-11   1.68384843e-11   1.66847546e-11   1.58499512e-11   1.68384843e-11 
      1.89000000  2.33416619e-02  -2.96667693e-02  -2.95192687e-02  -2.44431175e-02   2.99829219e-02   2.99884177e-02  -2.96667693e-02   2.99829219e-02   1.62671110e-11   1.62537518e-11   1.61265455e-11   1.59901800e-11   1.72757289e-11   1.71169021e-11   1.62537518e-11   1.72757289e-11 
      1.90000000  2.33628557e-02  -2.96655094e-02  -2.95174053e-02  -2.44688525e-02   2.99829808e-02   2.99884580e-02  -2.96655094e-02   2.99829808e-02   1.66864853e-11   1.66691235e-11   1.65374937e-11   1.63977063e-11   1.77258700e-11   1.75617533e-11   1.66691235e-11   1.77258700e-11 
      1.91000000  2.33839224e-02  -2.96642569e-02  -2.95155577e-02  -2.44944312e-02   2.99830402e-02   2.99884984e-02  -2.96642569e-02   2.99830402e-02   1.71181853e-11   1.70965328e-11   1.69604535e-11   1.68170178e-11   1.81895990e-11   1.80198716e-11   1.70965328e-11   1.81895990e-11 
      1.92000000  2.34048660e-02  -2.96630117e-02  -2.95137259e-02  -2.45198572e-02   2.99831000e-02   2.99885391e-02  -2.96630117e-02   2.99831000e-02   1.75628326e-11   1.75366650e-11   1.73958217e-11   1.72486046e-11   1.86675199e-11   1.84919825e-11   1.75366650e-11   1.86675199e-11 
      1.93000000  2.34256899e-02  -2.96617739e-02  -2.95119102e-02  -2.45451339e-02   2.99831603e-02   2.99885799e-02  -2.96617739e-02   2.99831603e-02   1.80210662e-11   1.79900436e-11   1.78442936e-11   1.76931449e-11   1.91603377e-11   1.89787355e-11   1.79900436e-11   1.91603377e-11 
      1.94000000  2.34463979e-02  -2.96605435e-02  -2.95101106e-02  -2.45702650e-02   2.99832211e-02   2.99886210e-02  -2.96605435e-02   2.99832211e-02   1.84935330e-11   1.84573535e-11   1.83064534e-11   1.81512357e-11   1.96687956e-11   1.94809248e-11   1.84573535e-11   1.96687956e-11 
      1.95000000  2.34669938e-02  -2.96593205e-02  -2.95083273e-02  -2.45952540e-02   2.99832824e-02   2.99886622e-02  -2.96593205e-02   2.99832824e-02   1.89809871e-11   1.89393064e-11   1.87830269e-11   1.86235104e-11   2.01937213e-11   1.99992961e-11   1.89393064e-11   2.01937213e-11 
      1.96000000  2.34874813e-02  -2.96581050e-02  -2.95065605e-02  -2.46201045e-02   2.99833442e-02   2.99887037e-02  -2.96581050e-02   2.99833442e-02   1.94841827e-11   1.94366488e-11   1.92746699e-11   1.91107914e-11   2.07359772e-11   2.05346996e-11   1.94366488e-11   2.07359772e-11 
      1.97000000  2.35078642e-02  -2.96568969e-02  -2.95048103e-02  -2.46448201e-02   2.99834065e-02   2.99887453e-02  -2.96568969e-02   2.99834065e-02   2.00039808e-11   1.99501736e-11   1.97821855e-11   1.96138243e-11   2.12965103e-11   2.10880278e-11   1.99501736e-11   2.12965103e-11 
      1.98000000  2.35281465e-02  -2.96556963e-02  -2.95030769e-02  -2.46694045e-02   2.99834693e-02   2.99887873e-02  -2.96556963e-02   2.99834693e-02   2.05412130e-11   2.04807383e-11   2.03066514e-11   2.01333897e-11   2.18762420e-11   2.16603638e-11   2.04807383e-11   2.18762420e-11 
      1.99000000  2.35483319e-02  -2.96545032e-02  -2.95013605e-02  -2.46938615e-02   2.99835327e-02   2.99888294e-02  -2.96545032e-02   2.99835327e-02   2.10968910e-11   2.10292787e-11   2.08487116e-11   2.06704243e-11   2.24763769e-11   2.22527682e-11   2.10292787e-11   2.24763769e-11 
      2.00000000  2.35684245e-02  -2.96533177e-02  -2.94996614e-02  -2.47181947e-02   2.99835967e-02   2.99888718e-02  -2.96533177e-02   2.99835967e-02   2.16721058e-11   2.15968459e-11   2.14094337e-11   2.12258824e-11   2.30979585e-11   2.28664514e-11   2.15968459e-11   2.30979585e-11 
      2.01000000  2.35884284e-02  -2.96521398e-02  -2.94979796e-02  -2.47424081e-02   2.99836612e-02   2.99889145e-02  -2.96521398e-02   2.99836612e-02   2.22680451e-11   2.21845094e-11   2.19899364e-11   2.18008596e-11   2.37425984e-11   2.35018916e-11   2.21845094e-11   2.37425984e-11 
      2.02000000  2.36083476e-02  -2.96509694e-02  -2.94963154e-02  -2.47665055e-02   2.99837264e-02   2.99889575e-02  -2.96509694e-02   2.99837264e-02   2.28857425e-11   2.27935050e-11   2.25913453e-11   2.23963798e-11   2.44112665e-11   2.41614886e-11   2.27935050e-11   2.44112665e-11 
      2.03000000  2.36281864e-02  -2.96498067e-02  -2.94946691e-02  -2.47904909e-02   2.99837922e-02   2.99890007e-02  -2.96498067e-02   2.99837922e-02   2.35266626e-11   2.34249284e-11   2.32149085e-11   2.30139459e-11   2.51056588e-11   2.48462380e-11   2.34249284e-11   2.51056588e-11 
      2.04000000  2.36479491e-02  -2.96486517e-02  -2.94930409e-02  -2.48143683e-02   2.99838586e-02   2.99890443e-02  -2.96486517e-02   2.99838586e-02   2.41921999e-11   2.40804001e-11   2.38618663e-11   2.36547080e-11   2.58273375e-11   2.55578677e-11   2.40804001e-11   2.58273375e-11 
      2.05000000  2.36676401e-02  -2.96475044e-02  -2.94914309e-02  -2.48381418e-02   2.99839257e-02   2.99890881e-02  -2.96475044e-02   2.99839257e-02   2.48839379e-11   2.47613348e-11   2.45339262e-11   2.43200915e-11   2.65780920e-11   2.62980593e-11   2.47613348e-11   2.65780920e-11 
      2.06000000  2.36872639e-02  -2.96463649e-02  -2.94898396e-02  -2.48618158e-02   2.99839935e-02   2.99891323e-02  -2.96463649e-02   2.99839935e-02   2.56036267e-11   2.54693629e-11   2.52326173e-11   2.50117175e-11   2.73599281e-11   2.70686361e-11   2.54693629e-11   2.73599281e-11 
      2.07000000  2.37068252e-02  -2.96452332e-02  -2.94882672e-02  -2.48853945e-02   2.99840619e-02   2.99891769e-02  -2.96452332e-02   2.99840619e-02   2.63530627e-11   2.62063641e-11   2.59596296e-11   2.57313664e-11   2.81748861e-11   2.78718338e-11   2.62063641e-11   2.81748861e-11 
      2.08000000  2.37263289e-02  -2.96441094e-02  -2.94867140e-02  -2.49088825e-02   2.99841312e-02   2.99892218e-02  -2.96441094e-02   2.99841312e-02   2.71344017e-11   2.69742697e-11   2.67169800e-11   2.64808990e-11   2.90253836e-11   2.87097448e-11   2.69742697e-11   2.90253836e-11 
      2.09000000  2.37457800e-02  -2.96429935e-02  -2.94851802e-02  -2.49322845e-02   2.99842012e-02   2.99892671e-02  -2.96429935e-02   2.99842012e-02   2.79498537e-11   2.77752221e-11   2.75067855e-11   2.72623893e-11   2.99139180e-11   2.95850558e-11   2.77752221e-11   2.99139180e-11 
      2.10000000  2.37651835e-02  -2.96418856e-02  -2.94836663e-02  -2.49556051e-02   2.99842720e-02   2.99893128e-02  -2.96418856e-02   2.99842720e-02   2.88019280e-11   2.86116542e-11   2.83313236e-11   2.80782052e-11   3.08433415e-11   3.05004283e-11   2.86116542e-11   3.08433415e-11 
      2.11000000  2.37845450e-02  -2.96407857e-02  -2.94821727e-02  -2.49788494e-02   2.99843436e-02   2.99893589e-02  -2.96407857e-02   2.99843436e-02   2.96933203e-11   2.94862469e-11   2.91930985e-11   2.89307770e-11   3.18168184e-11   3.14588658e-11   2.94862469e-11   3.18168184e-11 
      2.12000000  2.38038701e-02  -2.96396940e-02  -2.94806996e-02  -2.50020225e-02   2.99844161e-02   2.99894054e-02  -2.96396940e-02   2.99844161e-02   3.06271302e-11   3.04017588e-11   3.00951595e-11   2.98229265e-11   3.28377772e-11   3.24638621e-11   3.04017588e-11   3.28377772e-11 
      2.13000000  2.38231645e-02  -2.96386105e-02  -2.94792475e-02  -2.50251299e-02   2.99844894e-02   2.99894524e-02  -2.96386105e-02   2.99844894e-02   3.16067462e-11   3.13615231e-11   3.10404570e-11   3.07577686e-11   3.39100422e-11   3.35191426e-11   3.13615231e-11   3.39100422e-11 
      2.14000000  2.38424346e-02  -2.96375352e-02  -2.94778169e-02  -2.50481773e-02   2.99845638e-02   2.99894999e-02  -2.96375352e-02   2.99845638e-02   3.26358187e-11   3.23691269e-11   3.20325765e-11   3.17386546e-11   3.50379148e-11   3.46289637e-11   3.23691269e-11   3.50379148e-11 
      2.15000000  2.38616868e-02  -2.96364684e-02  -2.94764083e-02  -2.50711705e-02   2.99846391e-02   2.99895479e-02  -2.96364684e-02   2.99846391e-02   3.37186347e-11   3.34285709e-11   3.30754165e-11   3.27694240e-11   3.62262988e-11   3.57976616e-11   3.34285709e-11   3.62262988e-11 
      2.16000000  2.38809279e-02  -2.96354100e-02  -2.94750221e-02  -2.50941158e-02   2.99847154e-02   2.99895964e-02  -2.96354100e-02   2.99847154e-02   3.48598197e-11   3.45442676e-11   3.41732117e-11   3.38544616e-11   3.74803811e-11   3.70310677e-11   3.45442676e-11   3.74803811e-11 
      2.17000000  2.39001653e-02  -2.96343603e-02  -2.94736589e-02  -2.51170199e-02   2.99847928e-02   2.99896456e-02  -2.96343603e-02   2.99847928e-02   3.60646411e-11   3.57213316e-11   3.53310231e-11   3.49983716e-11   3.88063822e-11   3.83346043e-11   3.57213316e-11   3.88063822e-11 
      2.18000000  2.39194066e-02  -2.96333192e-02  -2.94723194e-02  -2.51398896e-02   2.99848713e-02   2.99896953e-02  -2.96333192e-02   2.99848713e-02   3.73391371e-11   3.69653098e-11   3.65540845e-11   3.62068614e-11   4.02111381e-11   3.97150826e-11   3.69653098e-11   4.02111381e-11 
      2.19000000  2.39386600e-02  -2.96322870e-02  -2.94710042e-02  -2.51627326e-02   2.99849510e-02   2.99897456e-02  -2.96322870e-02   2.99849510e-02   3.86899081e-11   3.82827139e-11   3.78489698e-11   3.74856168e-11   4.17023761e-11   4.11801671e-11   3.82827139e-11   4.17023761e-11 
      2.20000000  2.39579344e-02  -2.96312638e-02  -2.94697140e-02  -2.51855567e-02   2.99850320e-02   2.99897966e-02  -2.96312638e-02   2.99850320e-02   4.01247079e-11   3.96807886e-11   3.92224943e-11   3.88418421e-11   4.32889703e-11   4.27384406e-11   3.96807886e-11   4.32889703e-11 
      2.21000000  2.39772393e-02  -2.96302497e-02  -2.94684495e-02  -2.52083705e-02   2.99851143e-02   2.99898483e-02  -2.96302497e-02   2.99851143e-02   4.16523084e-11   4.11677967e-11   4.06828229e-11   4.02833698e-11   4.49810890e-11   4.43997679e-11   4.11677967e-11   4.49810890e-11 
      2.22000000  2.39965849e-02  -2.96292450e-02  -2.94672118e-02  -2.52311833e-02   2.99851979e-02   2.99899008e-02  -2.96292450e-02   2.99851979e-02   4.32827204e-11   4.27532905e-11   4.22391268e-11   4.18192117e-11   4.67905050e-11   4.61755261e-11   4.27532905e-11   4.67905050e-11 
      2.23000000  2.40159822e-02  -2.96282498e-02  -2.94660016e-02  -2.52540050e-02   2.99852831e-02   2.99899541e-02  -2.96282498e-02   2.99852831e-02   4.50275579e-11   4.44483508e-11   4.39020755e-11   4.34597696e-11   4.87306623e-11   4.80788514e-11   4.44483508e-11   4.87306623e-11 
      2.24000000  2.40354434e-02  -2.96272643e-02  -2.94648201e-02  -2.52768464e-02   2.99853698e-02   2.99900083e-02  -2.96272643e-02   2.99853698e-02   4.69003321e-11   4.62655858e-11   4.56840266e-11   4.52171864e-11   5.08173525e-11   5.01251670e-11   4.62655858e-11   5.08173525e-11 
      2.25000000  2.40549817e-02  -2.96262888e-02  -2.94636683e-02  -2.52997194e-02   2.99854582e-02   2.99900634e-02  -2.96262888e-02   2.99854582e-02   4.89168146e-11   4.82198982e-11   4.75993793e-11   4.71054457e-11   5.30690730e-11   5.23324102e-11   4.82198982e-11   5.30690730e-11 
      2.26000000  2.40746116e-02  -2.96253236e-02  -2.94625476e-02  -2.53226371e-02   2.99855483e-02   2.99901195e-02  -2.96253236e-02   2.99855483e-02   5.10955184e-11   5.03288345e-11   4.96646733e-11   4.91412102e-11   5.55076608e-11   5.47217029e-11   5.03288345e-11   5.55076608e-11 
      2.27000000  2.40943493e-02  -2.96243689e-02  -2.94614595e-02  -2.53456138e-02   2.99856404e-02   2.99901766e-02  -2.96243689e-02   2.99856404e-02   5.34584621e-11   5.26129079e-11   5.19006390e-11   5.13435238e-11   5.81591113e-11   5.73180949e-11   5.26129079e-11   5.81591113e-11 
      2.28000000  2.41142127e-02  -2.96234250e-02  -2.94604054e-02  -2.53686657e-02   2.99857345e-02   2.99902349e-02  -2.96234250e-02   2.99857345e-02   5.60319128e-11   5.50968731e-11   5.43303510e-11   5.37359938e-11   6.10544485e-11   6.01519989e-11   5.50968731e-11   6.10544485e-11 
      2.29000000  2.41342219e-02  -2.96224925e-02  -2.94593872e-02  -2.53918105e-02   2.99858308e-02   2.99902945e-02  -2.96224925e-02   2.99858308e-02   5.88477635e-11   5.78103373e-11   5.69824769e-11   5.63464445e-11   6.42313492e-11   6.32597175e-11   5.78103373e-11   6.42313492e-11 
      2.30000000  2.41543996e-02  -2.96215717e-02  -2.94584071e-02  -2.54150686e-02   2.99859295e-02   2.99903554e-02  -2.96215717e-02   2.99859295e-02   6.19443891e-11   6.07893613e-11   5.98919231e-11   5.92085081e-11   6.77359571e-11   6.66857693e-11   6.07893613e-11   6.77359571e-11 
      2.31000000  2.41747717e-02  -2.96206631e-02  -2.94574672e-02  -2.54384629e-02   2.99860308e-02   2.99904178e-02  -2.96206631e-02   2.99860308e-02   6.53694074e-11   6.40781701e-11   6.31011090e-11   6.23636851e-11   7.16251105e-11   7.04855219e-11   6.40781701e-11   7.16251105e-11 
      2.32000000  2.41953677e-02  -2.96197674e-02  -2.94565704e-02  -2.54620199e-02   2.99861350e-02   2.99904818e-02  -2.96197674e-02   2.99861350e-02   6.91820760e-11   6.77318297e-11   6.66627707e-11   6.58633965e-11   7.59703667e-11   7.47273230e-11   6.77318297e-11   7.59703667e-11 
      2.33000000  2.42162220e-02  -2.96188851e-02  -2.94557198e-02  -2.54857699e-02   2.99862422e-02   2.99905476e-02  -2.96188851e-02   2.99862422e-02   7.34574810e-11   7.18196287e-11   7.06434439e-11   6.97721498e-11   8.08618056e-11   7.94996359e-11   7.18196287e-11   8.08618056e-11 
      2.34000000  2.42373747e-02  -2.96180172e-02  -2.94549191e-02  -2.55097487e-02   2.99863529e-02   2.99906154e-02  -2.96180172e-02   2.99863529e-02   7.82916166e-11   7.64303691e-11   7.51279479e-11   7.41723609e-11   8.64168892e-11   8.49143338e-11   7.64303691e-11   8.64168892e-11 
      2.35000000  2.42588732e-02  -2.96171645e-02  -2.94541727e-02  -2.55339986e-02   2.99864674e-02   2.99906854e-02  -2.96171645e-02   2.99864674e-02   8.38102890e-11   8.16795518e-11   8.02267286e-11   7.91709890e-11   9.27892158e-11   9.11199421e-11   8.16795518e-11   9.27892158e-11 
      2.36000000  2.42807747e-02  -2.96163282e-02  -2.94534858e-02  -2.55585701e-02   2.99865862e-02   2.99907579e-02  -2.96163282e-02   2.99865862e-02   9.01814320e-11   8.77206821e-11   8.60861312e-11   8.49097277e-11   1.00185430e-10   9.83150855e-11   8.77206821e-11   1.00185430e-10 
      2.37000000  2.43031485e-02  -2.96155098e-02  -2.94528649e-02  -2.55835251e-02   2.99867099e-02   2.99908333e-02  -2.96155098e-02   2.99867099e-02   9.76342500e-11   9.47628136e-11   9.29045979e-11   9.15806415e-11   1.08889968e-10   1.06773280e-10   9.47628136e-11   1.08889968e-10 
      2.38000000  2.43260809e-02  -2.96147109e-02  -2.94523180e-02  -2.56089400e-02   2.99868392e-02   2.99909119e-02  -2.96147109e-02   2.99868392e-02   1.06491536e-10   1.03098157e-10   1.00959427e-10   9.94510411e-11   1.19306241e-10   1.16881571e-10   1.03098157e-10   1.19306241e-10 
      2.39000000  2.43496810e-02  -2.96139338e-02  -2.94518551e-02  -2.56349120e-02   2.99869749e-02   2.99909944e-02  -2.96139338e-02   2.99869749e-02   1.17222820e-10   1.13149583e-10   1.10650028e-10   1.08905584e-10   1.32026990e-10   1.29207503e-10   1.13149583e-10   1.32026990e-10 
      2.40000000  2.43740909e-02  -2.96131814e-02  -2.94514893e-02  -2.56615672e-02   2.99871183e-02   2.99910813e-02  -2.96131814e-02   2.99871183e-02   1.30540596e-10   1.25553997e-10   1.22575998e-10   1.20520155e-10   1.47961167e-10   1.44620455e-10   1.25553997e-10   1.47961167e-10 
      2.41000000  2.43995011e-02  -2.96124576e-02  -2.94512381e-02  -2.56890754e-02   2.99872709e-02   2.99911737e-02  -2.96124576e-02   2.99872709e-02   1.47584114e-10   1.41320857e-10   1.37683409e-10   1.35200331e-10   1.68580805e-10   1.64524336e-10   1.41320857e-10   1.68580805e-10 
      2.42000000  2.44261783e-02  -2.96117677e-02  -2.94511261e-02  -2.57176734e-02   2.99874350e-02   2.99912728e-02  -2.96117677e-02   2.99874350e-02   1.70301078e-10   1.62158179e-10   1.57563527e-10   1.54463520e-10   1.96441660e-10   1.91350520e-10   1.62158179e-10   1.96441660e-10 
      2.43000000  2.44545149e-02  -2.96111197e-02  -2.94511892e-02  -2.57477109e-02   2.99876137e-02   2.99913807e-02  -2.96111197e-02   2.99876137e-02   2.02336224e-10   1.91218770e-10   1.85131871e-10   1.81075491e-10   2.36416562e-10   2.29719859e-10   1.91218770e-10   2.36416562e-10 
      2.44000000  2.44851340e-02  -2.96105261e-02  -2.94514841e-02  -2.57797430e-02   2.99878122e-02   2.99915003e-02  -2.96105261e-02   2.99878122e-02   2.51434100e-10   2.35081830e-10   2.26410137e-10   2.20707617e-10   2.99115819e-10   2.89652723e-10   2.35081830e-10   2.99115819e-10 
      2.45000000  2.45191380e-02  -2.96100090e-02  -2.94521110e-02  -2.58147529e-02   2.99880396e-02   2.99916372e-02  -2.96100090e-02   2.99880396e-02   3.37600221e-10   3.10297828e-10   2.96314768e-10   2.87252396e-10   4.12886616e-10   3.97770859e-10   3.10297828e-10   4.12886616e-10 
      2.46000000  2.45588715e-02  -2.96096154e-02  -2.94532821e-02  -2.58548352e-02   2.99883151e-02   2.99918028e-02  -2.96096154e-02   2.99883151e-02   5.33850113e-10   4.74608954e-10   4.45447741e-10   4.26859240e-10   6.86839622e-10   6.55680834e-10   4.74608954e-10   6.86839622e-10 
      2.47000000  2.46117721e-02  -2.96094949e-02  -2.94556699e-02  -2.59066671e-02   2.99886999e-02   2.99920337e-02  -2.96094949e-02   2.99886999e-02   1.47425589e-09   1.17140895e-09   1.02957293e-09   9.40999464e-10   2.19155703e-09   2.04247632e-09   1.17140895e-09   2.19155703e-09 
      2.48000000 -3.00000000e-02  -3.00000000e-02  -3.00000000e-02  -3.00000000e-02   3.00000000e-02   3.00000000e-02  -3.00000000e-02   3.00000000e-02   2.86952221e-02  -2.95555167e-02  -2.59114588e-02  -1.04413565e-02   2.94248002e-02   6.71955532e-03  -2.95555167e-02   2.94248002e-02 
      2.49000000 -3.00000000e-02  -3.00000000e-02  -3.00000000e-02  -3.00000000e-02   3.00000000e-02   3.00000000e-02  -3.00000000e-02   3.00000000e-02  -2.18266197e-02   1.22537633e-02  -6.07216792e-03  -2.33673558e-02   1.58297581e-02   9.55666707e-03   1.22537633e-02   1.58297581e-02 
      2.50000000 -3.00000000e-02  -3.00000000e-02  -3.00000000e-02  -3.00000000e-02   3.00000000e-02   3.00000000e-02  -3.00000000e-02   3.00000000e-02  -2.67699925e-02  -2.94170978e-02  -2.78480585e-02   1.51381883e-02   2.48510235e-02   2.99971764e-02  -2.94170978e-02   2.48510235e-02 
      2.51000000 -3.00000000e-02  -3.00000000e-02  -3.00000000e-02  -3.00000000e-02   3.00000000e-02   3.00000000e-02  -3.00000000e-02   3.00000000e-02   1.51059545e-02   1.33123180e-03  -4.51720588e-03  -1.22856095e-02   1.46128012e-03   1.39197921e-03   1.33123180e-03   1.46128012e-03 
      2.52000000 -3.00000000e-02  -3.00000000e-02  -3.00000000e-02  -3.00000000e-02   3.00000000e-02   3.00000000e-02  -3.00000000e-02   3.00000000e-02  -2.21883981e-02   1.32439850e-02  -1.06796050e-02  -2.53245599e-02   1.77603715e-02   1.26010995e-02   1.32439850e-02   1.77603715e-02 
      2.53000000 -2.99999992e-02  -3.00000000e-02  -3.00000000e-02  -3.00000000e-02   3.00000000e-02   3.00000000e-02  -3.00000000e-02   3.00000000e-02  -4.96265191e-03  -2.82278130e-02  -2.99397650e-02  -2.69725140e-02   2.96876647e-02   2.99480142e-02  -2.82278130e-02   2.96876647e-02 
      2.54000000 -3.00000000e-02  -3.00000000e-02  -3.00000000e-02  -3.00000000e-02   3.00000000e-02   3.00000000e-02  -3.00000000e-02   3.00000000e-02   2.65477497e-02  -2.44095592e-02  -2.48261730e-02  -2.11580294e-02   2.77962982e-02  -3.91804150e-03  -2.44095592e-02   2.77962982e-02 
      2.55000000 -3.00000000e-02  -3.00000000e-02  -3.00000000e-02  -3.00000000e-02   3.00000000e-02   3.00000000e-02  -3.00000000e-02   3.00000000e-02  -6.37106958e-03  -2.53950554e-02  -2.99203010e-02  -2.99228317e-02   2.99453086e-02   2.96307298e-02  -2.53950554e-02   2.99453086e-02 
      2.56000000 -3.00000000e-02  -3.00000000e-02  -3.00000000e-02  -3.00000000e-02   3.00000000e-02   3.00000000e-02  -3.00000000e-02   3.00000000e-02   1.09685448e-02  -1.74856664e-02  -2.71876198e-02  -2.98176214e-02   2.93752678e-02   2.28292331e-02  -1.74856664e-02   2.93752678e-02 
      2.57000000 -2.99916806e-02  -3.00000000e-02  -3.00000000e-02  -3.00000000e-02   3.00000000e-02   3.00000000e-02  -3.00000000e-02   3.00000000e-02   1.44437413e-03  -8.31414442e-03  -1.99515733e-02  -2.72473776e-02   2.49663218e-02   1.71420722e-02  -8.31414442e-03   2.49663218e-02 
      2.58000000  3.00000000e-02  -3.00000000e-02  -3.00000000e-02  -3.00000000e-02   3.00000000e-02   3.00000000e-02  -3.00000000e-02   3.00000000e-02  -9.89363092e-03  -1.18175201e-02  -2.82085639e-02  -2.99438130e-02   2.96275971e-02   2.60510201e-02  -1.18175201e-02   2.96275971e-02 
      2.59000000 -3.00000000e-02  -3.00000000e-02  -3.00000000e-02  -3.00000000e-02   3.00000000e-02   3.00000000e-02  -3.00000000e-02   3.00000000e-02   1.12186159e-03  -1.83022220e-02  -2.92525471e-02  -2.99712443e-02   2.98492605e-02   2.76701747e-02  -1.83022220e-02   2.98492605e-02 
      2.60000000 -3.00000000e-02  -3.00000000e-02  -3.00000000e-02  -3.00000000e-02   3.00000000e-02   3.00000000e-02  -3.00000000e-02   3.00000000e-02   2.80109501e-03  -2.18703044e-03  -8.70170667e-03  -1.14835675e-02   1.26017476e-02   1.76319018e-03  -2.18703044e-03   1.26017476e-02 
      2.61000000 -3.00000000e-02  -3.00000000e-02  -3.00000000e-02  -3.00000000e-02   3.00000000e-02   3.00000000e-02  -3.00000000e-02   3.00000000e-02   1.55276752e-02   3.14688753e-03  -6.19612326e-03  -1.22315834e-02  -9.02242796e-04   3.55277532e-03   3.14688753e-03  -9.02242796e-04 
      2.62000000 -3.00000000e-02  -3.00000000e-02  -3.00000000e-02  -3.00000000e-02   3.00000000e-02   3.00000000e-02  -3.00000000e-02   3.00000000e-02   2.01164379e-03  -2.61683638e-02  -2.99372229e-02  -2.99025673e-02   2.99194865e-02   2.97986958e-02  -2.61683638e-02   2.99194865e-02 
      2.63000000 -3.00000000e-02  -3.00000000e-02  -3.00000000e-02  -3.00000000e-02   3.00000000e-02   3.00000000e-02  -3.00000000e-02   3.00000000e-02   1.42073713e-02  -2.88459864e-02  -2.99504939e-02  -1.72844344e-02   2.90457983e-02   2.99632061e-02  -2.88459864e-02   2.90457983e-02 
      2.64000000 -3.00000000e-02  -3.00000000e-02  -3.00000000e-02  -3.00000000e-02   3.00000000e-02   3.00000000e-02  -3.00000000e-02   3.00000000e-02   6.42408725e-04  -1.53524856e-02  -2.62776139e-02  -1.71658003e-02   2.68766679e-02   1.17949038e-02  -1.53524856e-02   2.68766679e-02 
      2.65000000 -2.99945735e-02  -3.00000000e-02  -3.00000000e-02  -3.00000000e-02   3.00000000e-02   3.00000000e-02  -3.00000000e-02   3.00000000e-02  -2.78554306e-02  -9.97331940e-03  -2.99990923e-02  -2.99786529e-02   2.99808292e-02   2.99802812e-02  -9.97331940e-03   2.99808292e-02 
      2.66000000 -3.00000000e-02  -3.00000000e-02  -3.00000000e-02  -3.00000000e-02   3.00000000e-02   3.00000000e-02  -3.00000000e-02   3.00000000e-02  -3.19399212e-03  -2.53207085e-03  -3.45326276e-03  -6.31668968e-03   7.41074018e-03   8.76600371e-03  -2.53207085e-03   7.41074018e-03 
      2.67000000 -3.00000000e-02  -3.00000000e-02  -3.00000000e-02  -3.00000000e-02   3.00000000e-02   3.00000000e-02  -3.00000000e-02   3.00000000e-02  -2.19680587e-02  -2.97329591e-02  -2.24291913e-02   1.99239822e-02   2.92740872e-02   2.94131505e-02  -2.97329591e-02   2.92740872e-02 
      2.68000000 -2.99999987e-02  -3.00000000e-02  -3.00000000e-02  -3.00000000e-02   3.00000000e-02   3.00000000e-02  -3.00000000e-02   3.00000000e-02  -1.82374033e-02  -2.79775011e-02  -2.99974697e-02  -2.95677896e-02   2.99474247e-02   2.99952525e-02  -2.79775011e-02   2.99474247e-02 
      2.69000000 -3.00000000e-02  -3.00000000e-02  -3.00000000e-02  -3.00000000e-02   3.00000000e-02   3.00000000e-02  -3.00000000e-02   3.00000000e-02   1.70780092e-02  -5.62767710e-03  -1.06593965e-02  -1.82873375e-02   8.89913108e-03   1.14328544e-02  -5.62767710e-03   8.89913108e-03 
      2.70000000 -3.00000000e-02  -3.00000000e-02  -3.00000000e-02  -3.00000000e-02   3.00000000e-02   3.00000000e-02  -3.00000000e-02   3.00000000e-02   1.16497818e-02   3.14209703e-04  -2.27021976e-03  -8.84306941e-03   5.94130293e-03  -7.41987621e-03   3.14209703e-04   5.94130293e-03 
      2.71000000 -3.00000000e-02  -3.00000000e-02  -3.00000000e-02  -3.00000000e-02   3.00000000e-02   3.00000000e-02  -3.00000000e-02   3.00000000e-02  -3.15995186e-03  -4.14785981e-03  -7.44027964e-03  -1.20438084e-02   1.24828757e-02   1.07974275e-02  -4.14785981e-03   1.24828757e-02 
      2.72000000 -3.00000000e-02  -3.00000000e-02  -3.00000000e-02  -3.00000000e-02   3.00000000e-02   3.00000000e-02  -3.00000000e-02   3.00000000e-02  -2.22703131e-02   8.48916379e-04  -2.99711252e-02  -2.99999068e-02   2.99923065e-02   2.96986870e-02   8.48916379e-04   2.99923065e-02 
      2.73000000 -3.00000000e-02  -3.00000000e-02  -3.00000000e-02  -3.00000000e-02   3.00000000e-02   3.00000000e-02  -3.00000000e-02   3.00000000e-02   6.78865705e-03  -1.73711385e-02  -2.96861829e-02  -2.99961329e-02   2.99276946e-02   2.89635273e-02  -1.73711385e-02   2.99276946e-02 
      2.74000000 -3.00000000e-02  -3.00000000e-02  -3.00000000e-02  -3.00000000e-02   3.00000000e-02   3.00000000e-02  -3.00000000e-02   3.00000000e-02  -2.29889757e-02  -1.37221844e-02  -5.09436958e-04   4.98995991e-03   2.78978617e-02  -2.55917779e-02  -1.37221844e-02   2.78978617e-02 
      2.75000000 -3.00000000e-02  -3.00000000e-02  -3.00000000e-02  -3.00000000e-02   3.00000000e-02   3.00000000e-02  -3.00000000e-02   3.00000000e-02   2.98159785e-02  -2.85275874e-02  -2.86805262e-02  -2.99693868e-02   2.96368363e-02   2.75437223e-02  -2.85275874e-02   2.96368363e-02 
      2.76000000  3.00000000e-02  -3.00000000e-02  -3.00000000e-02  -3.00000000e-02   3.00000000e-02   3.00000000e-02  -3.00000000e-02   3.00000000e-02  -2.99889770e-02  -2.95044971e-02   2.28123603e-02   1.40156012e-02   2.76247414e-02   2.99908975e-02  -2.95044971e-02   2.76247414e-02 
      2.77000000 -3.00000000e-02  -3.00000000e-02  -3.00000000e-02  -3.00000000e-02   3.00000000e-02   3.00000000e-02  -3.00000000e-02   3.00000000e-02  -2.37474467e-02   1.22861184e-02  -6.85653012e-03  -2.35354084e-02   2.04647840e-02   8.67382376e-04   1.22861184e-02   2.04647840e-02 
      2.78000000 -3.00000000e-02  -3.00000000e-02  -3.00000000e-02  -3.00000000e-02   3.00000000e-02   3.00000000e-02  -3.00000000e-02   3.00000000e-02   9.16330562e-03  -1.84879240e-02  -2.81030780e-02  -2.98817848e-02   2.95906274e-02   2.46951971e-02  -1.84879240e-02   2.95906274e-02 
      2.79000000 -3.00000000e-02  -3.00000000e-02  -3.00000000e-02  -3.00000000e-02   3.00000000e-02   3.00000000e-02  -3.00000000e-02   3.00000000e-02  -5.53392747e-05  -1.09713800e-02  -2.56337709e-02  -2.37674472e-02   2.68534692e-02   1.20210363e-02  -1.09713800e-02   2.68534692e-02 
      2.80000000 -3.00000000e-02  -3.00000000e-02  -3.00000000e-02  -3.00000000e-02   3.00000000e-02   3.00000000e-02  -3.00000000e-02   3.00000000e-02   1.77758956e-02  -2.96905904e-02   1.17263519e-02  -1.48291914e-02   2.71976253e-02   2.86705067e-02  -2.96905904e-02   2.71976253e-02 
      2.81000000 -3.00000000e-02  -3.00000000e-02  -3.00000000e-02  -3.00000000e-02   3.00000000e-02   3.00000000e-02  -3.00000000e-02   3.00000000e-02   2.99579178e-02  -2.99633589e-02  -2.75062106e-02  -1.87288076e-02   2.95279212e-02   2.67710393e-02  -2.99633589e-02   2.95279212e-02 
      2.82000000  2.99998297e-02  -3.00000000e-02  -3.00000000e-02  -3.00000000e-02   3.00000000e-02   3.00000000e-02  -3.00000000e-02   3.00000000e-02   7.68537844e-03  -1.34447725e-03  -7.14855181e-03  -1.03444996e-02   9.46040098e-03  -6.57442292e-03  -1.34447725e-03   9.46040098e-03 
      2.83000000 -3.00000000e-02  -3.00000000e-02  -3.00000000e-02  -3.00000000e-02   3.00000000e-02   3.00000000e-02  -3.00000000e-02   3.00000000e-02  -1.52796752e-02  -2.86326026e-02  -2.86025823e-02  -2.08289747e-02   2.93163641e-02   2.97705384e-02  -2.86326026e-02   2.93163641e-02 
      2.84000000 -3.00000000e-02  -3.00000000e-02  -3.00000000e-02  -3.00000000e-02   3.00000000e-02   3.00000000e-02  -3.00000000e-02   3.00000000e-02  -7.86129476e-04  -1.85954690e-02  -2.91363370e-02  -2.99570080e-02   2.98338121e-02   2.72761371e-02  -1.85954690e-02   2.98338121e-02 
      2.85000000 -3.00000000e-02  -3.00000000e-02  -3.00000000e-02  -3.00000000e-02   3.00000000e-02   3.00000000e-02  -3.00000000e-02   3.00000000e-02  -2.11557220e-03  -1.53581827e-02  -2.86735650e-02  -2.99489034e-02   2.97405132e-02   2.65003866e-02  -1.53581827e-02   2.97405132e-02 
      2.86000000 -3.00000000e-02  -3.00000000e-02  -3.00000000e-02  -3.00000000e-02   3.00000000e-02   3.00000000e-02  -3.00000000e-02   3.00000000e-02   1.28775366e-02  -4.15851958e-04  -5.13904598e-03  -1.12397821e-02   6.83148574e-03  -3.81834981e-03  -4.15851958e-04   6.83148574e-03 
      2.87000000 -3.00000000e-02  -3.00000000e-02  -3.00000000e-02  -3.00000000e-02   3.00000000e-02   3.00000000e-02  -3.00000000e-02   3.00000000e-02  -2.90058218e-02  -2.31203946e-02  -1.82902628e-02   1.17039311e-02   2.94545515e-02  -3.26220799e-03  -2.31203946e-02   2.94545515e-02 
      2.88000000 -3.00000000e-02  -3.00000000e-02  -3.00000000e-02  -3.00000000e-02   3.00000000e-02   3.00000000e-02  -3.00000000e-02   3.00000000e-02  -2.63523763e-02  -1.36685577e-02  -2.80181388e-03   5.81951625e-03   2.86926174e-02  -2.62553269e-02  -1.36685577e-02   2.86926174e-02 
      2.89000000 -3.00000000e-02  -3.00000000e-02  -3.00000000e-02  -3.00000000e-02   3.00000000e-02   3.00000000e-02  -3.00000000e-02   3.00000000e-02  -4.53515610e-03  -2.75023627e-02  -2.99494449e-02  -2.94196894e-02   2.98741899e-02   2.98958153e-02  -2.75023627e-02   2.98741899e-02 
      2.90000000 -3.00000000e-02  -3.00000000e-02  -3.00000000e-02  -3.00000000e-02   3.00000000e-02   3.00000000e-02  -3.00000000e-02   3.00000000e-02  -2.31339873e-02  -2.92250795e-02  -2.96349946e-02  -3.24226487e-03   2.87717298e-02   2.99899654e-02  -2.92250795e-02   2.87717298e-02 
      2.91000000 -3.00000000e-02  -3.00000000e-02  -3.00000000e-02  -3.00000000e-02   3.00000000e-02   3.00000000e-02  -3.00000000e-02   3.00000000e-02  -3.02037784e-03  -7.62050058e-03  -1.69234273e-02  -2.42572253e-02   2.23021055e-02   1.74718572e-02  -7.62050058e-03   2.23021055e-02 
      2.92000000 -3.00000000e-02  -3.00000000e-02  -3.00000000e-02  -3.00000000e-02   3.00000000e-02   3.00000000e-02  -3.00000000e-02   3.00000000e-02  -1.39540517e-03  -2.45171519e-02  -2.98644327e-02  -2.99705602e-02   2.99561014e-02   2.92411272e-02  -2.45171519e-02   2.99561014e-02 
      2.93000000 -3.00000000e-02  -3.00000000e-02  -3.00000000e-02  -3.00000000e-02   3.00000000e-02   3.00000000e-02  -3.00000000e-02   3.00000000e-02  -1.42624235e-03  -1.29383245e-02  -2.56844234e-02  -2.93951124e-02   2.86355428e-02   2.26194652e-02  -1.29383245e-02   2.86355428e-02 
      2.94000000 -3.00000000e-02  -3.00000000e-02  -3.00000000e-02  -3.00000000e-02   3.00000000e-02   3.00000000e-02  -3.00000000e-02   3.00000000e-02  -2.99615371e-02  -2.77641370e-02   1.01158403e-03   2.49362190e-02   2.91794830e-02   2.77537587e-02  -2.77641370e-02   2.91794830e-02 
      2.95000000 -3.00000000e-02  -3.00000000e-02  -3.00000000e-02  -3.00000000e-02   3.00000000e-02   3.00000000e-02  -3.00000000e-02   3.00000000e-02  -2.54520977e-02  -6.73359646e-03  -6.73305525e-03  -1.82166071e-02   2.86881368e-02  -2.23397162e-02  -6.73359646e-03   2.86881368e-02 
      2.96000000 -3.00000000e-02  -3.00000000e-02  -3.00000000e-02  -3.00000000e-02   3.00000000e-02   3.00000000e-02  -3.00000000e-02   3.00000000e-02  -6.32559010e-04  -2.16521475e-02  -2.96900361e-02  -2.99793660e-02   2.99313783e-02   2.86583322e-02  -2.16521475e-02   2.99313783e-02 
      2.97000000 -3.00000000e-02  -3.00000000e-02  -3.00000000e-02  -3.00000000e-02   3.00000000e-02   3.00000000e-02  -3.00000000e-02   3.00000000e-02   2.35282100e-02  -2.99457022e-02  -2.58437472e-02   1.49037045e-02   2.92906036e-02   2.95808894e-02  -2.99457022e-02   2.92906036e-02 
