      deltaCapacity      control[0]     control[1]     control[2]     control[3]     control[4]     control[5]     control[6]     control[7]
      0.00000000    7.20827940e-03    -3.35398345e-02    -3.47103180e-02     6.54299393e-02     9.71520130e-03     9.72136568e-03    -3.35398345e-02     9.71520130e-03 
      0.01000000    7.20397417e-03    -3.33463287e-02    -3.44182946e-02     6.47670656e-02     9.71104266e-03     9.71782683e-03    -3.33463287e-02     9.71104266e-03 
      0.02000000    7.20002880e-03    -3.31575757e-02    -3.41338815e-02     6.41204881e-02     9.70704011e-03     9.71443579e-03    -3.31575757e-02     9.70704011e-03 
      0.03000000    7.19641559e-03    -3.29732734e-02    -3.38566177e-02     6.34891975e-02     9.70318419e-03     9.71118294e-03    -3.29732734e-02     9.70318419e-03 
      0.04000000    7.19311005e-03    -3.27931551e-02    -3.35860954e-02     6.28723026e-02     9.69946653e-03     9.70805980e-03    -3.27931551e-02     9.69946653e-03 
      0.05000000    7.19009032e-03    -3.26169837e-02    -3.33219508e-02     6.22690097e-02     9.69587968e-03     9.70505881e-03    -3.26169837e-02     9.69587968e-03 
      0.06000000    7.18733689e-03    -3.24445472e-02    -3.30638574e-02     6.16786077e-02     9.69241695e-03     9.70217319e-03    -3.24445472e-02     9.69241695e-03 
      0.07000000    7.18483217e-03    -3.22756542e-02    -3.28115204e-02     6.11004553e-02     9.68907232e-03     9.69939684e-03    -3.22756542e-02     9.68907232e-03 
      0.08000000    7.18256032e-03    -3.21101318e-02    -3.25646723e-02     6.05339708e-02     9.68584033e-03     9.69672424e-03    -3.21101318e-02     9.68584033e-03 
      0.09000000    7.18050699e-03    -3.19478222e-02    -3.23230691e-02     5.99786241e-02     9.68271602e-03     9.69415037e-03    -3.19478222e-02     9.68271602e-03 
      0.10000000    7.17865915e-03    -3.17885812e-02    -3.20864869e-02     5.94339299e-02     9.67969483e-03     9.69167064e-03    -3.17885812e-02     9.67969483e-03 
      0.11000000    7.17700491e-03    -3.16322762e-02    -3.18547200e-02     5.88994415e-02     9.67677259e-03     9.68928085e-03    -3.16322762e-02     9.67677259e-03 
      0.12000000    7.17553345e-03    -3.14787850e-02    -3.16275784e-02     5.83747469e-02     9.67394548e-03     9.68697714e-03    -3.14787850e-02     9.67394548e-03 
      0.13000000    7.17423481e-03    -3.13279944e-02    -3.14048860e-02     5.78594640e-02     9.67120996e-03     9.68475597e-03    -3.13279944e-02     9.67120996e-03 
      0.14000000    7.17309992e-03    -3.11797991e-02    -3.11864789e-02     5.73532376e-02     9.66856273e-03     9.68261403e-03    -3.11797991e-02     9.66856273e-03 
      0.15000000    7.17212039e-03    -3.10341010e-02    -3.09722046e-02     5.68557364e-02     9.66600076e-03     9.68054827e-03    -3.10341010e-02     9.66600076e-03 
      0.16000000    7.17128853e-03    -3.08908085e-02    -3.07619203e-02     5.63666505e-02     9.66352121e-03     9.67855588e-03    -3.08908085e-02     9.66352121e-03 
      0.17000000    7.17059723e-03    -3.07498357e-02    -3.05554923e-02     5.58856893e-02     9.66112145e-03     9.67663421e-03    -3.07498357e-02     9.66112145e-03 
      0.18000000    7.17003995e-03    -3.06111016e-02    -3.03527950e-02     5.54125795e-02     9.65879901e-03     9.67478082e-03    -3.06111016e-02     9.65879901e-03 
      0.19000000    7.16961062e-03    -3.04745303e-02    -3.01537099e-02     5.49470634e-02     9.65655159e-03     9.67299340e-03    -3.04745303e-02     9.65655159e-03 
      0.20000000    7.16930366e-03    -3.03400499e-02    -2.99581256e-02     5.44888978e-02     9.65437702e-03     9.67126983e-03    -3.03400499e-02     9.65437702e-03 
      0.21000000    7.16911387e-03    -3.02075922e-02    -2.97659367e-02     5.40378525e-02     9.65227330e-03     9.66960809e-03    -3.02075922e-02     9.65227330e-03 
      0.22000000    7.16903646e-03    -3.00770928e-02    -2.95770432e-02     5.35937089e-02     9.65023851e-03     9.66800631e-03    -3.00770928e-02     9.65023851e-03 
      0.23000000    7.16906698e-03    -2.99484903e-02    -2.93913506e-02     5.31562597e-02     9.64827087e-03     9.66646272e-03    -2.99484903e-02     9.64827087e-03 
      0.24000000    7.16920130e-03    -2.98217264e-02    -2.92087690e-02     5.27253074e-02     9.64636871e-03     9.66497567e-03    -2.98217264e-02     9.64636871e-03 
      0.25000000    7.16943563e-03    -2.96967455e-02    -2.90292130e-02     5.23006638e-02     9.64453045e-03     9.66354362e-03    -2.96967455e-02     9.64453045e-03 
      0.26000000    7.16976640e-03    -2.95734943e-02    -2.88526012e-02     5.18821490e-02     9.64275462e-03     9.66216510e-03    -2.95734943e-02     9.64275462e-03 
      0.27000000    7.17019037e-03    -2.94519220e-02    -2.86788561e-02     5.14695913e-02     9.64103981e-03     9.66083875e-03    -2.94519220e-02     9.64103981e-03 
      0.28000000    7.17070449e-03    -2.93319799e-02    -2.85079036e-02     5.10628261e-02     9.63938473e-03     9.65956328e-03    -2.93319799e-02     9.63938473e-03 
      0.29000000    7.17130598e-03    -2.92136211e-02    -2.83396731e-02     5.06616957e-02     9.63778813e-03     9.65833748e-03    -2.92136211e-02     9.63778813e-03 
      0.30000000    7.17199225e-03    -2.90968008e-02    -2.81740970e-02     5.02660484e-02     9.63624886e-03     9.65716022e-03    -2.90968008e-02     9.63624886e-03 
      0.31000000    7.17276093e-03    -2.89814755e-02    -2.80111107e-02     4.98757387e-02     9.63476584e-03     9.65603044e-03    -2.89814755e-02     9.63476584e-03 
      0.32000000    7.17360984e-03    -2.88676037e-02    -2.78506521e-02     4.94906264e-02     9.63333806e-03     9.65494715e-03    -2.88676037e-02     9.63333806e-03 
      0.33000000    7.17453699e-03    -2.87551450e-02    -2.76926618e-02     4.91105763e-02     9.63196456e-03     9.65390941e-03    -2.87551450e-02     9.63196456e-03 
      0.34000000    7.17554056e-03    -2.86440605e-02    -2.75370830e-02     4.87354581e-02     9.63064446e-03     9.65291635e-03    -2.86440605e-02     9.63064446e-03 
      0.35000000    7.17661890e-03    -2.85343124e-02    -2.73838609e-02     4.83651457e-02     9.62937693e-03     9.65196716e-03    -2.85343124e-02     9.62937693e-03 
      0.36000000    7.17777053e-03    -2.84258643e-02    -2.72329430e-02     4.79995175e-02     9.62816122e-03     9.65106110e-03    -2.84258643e-02     9.62816122e-03 
      0.37000000    7.17899413e-03    -2.83186807e-02    -2.70842789e-02     4.76384555e-02     9.62699662e-03     9.65019746e-03    -2.83186807e-02     9.62699662e-03 
      0.38000000    7.18028852e-03    -2.82127271e-02    -2.69378201e-02     4.72818452e-02     9.62588249e-03     9.64937561e-03    -2.82127271e-02     9.62588249e-03 
      0.39000000    7.18165268e-03    -2.81079699e-02    -2.67935200e-02     4.69295758e-02     9.62481823e-03     9.64859496e-03    -2.81079699e-02     9.62481823e-03 
      0.40000000    7.18308573e-03    -2.80043764e-02    -2.66513337e-02     4.65815393e-02     9.62380331e-03     9.64785497e-03    -2.80043764e-02     9.62380331e-03 
      0.41000000    7.18458696e-03    -2.79019146e-02    -2.65112181e-02     4.62376307e-02     9.62283726e-03     9.64715517e-03    -2.79019146e-02     9.62283726e-03 
      0.42000000    7.18615579e-03    -2.78005532e-02    -2.63731317e-02     4.58977479e-02     9.62191967e-03     9.64649511e-03    -2.78005532e-02     9.62191967e-03 
      0.43000000    7.18779176e-03    -2.77002615e-02    -2.62370346e-02     4.55617910e-02     9.62105017e-03     9.64587443e-03    -2.77002615e-02     9.62105017e-03 
      0.44000000    7.18949461e-03    -2.76010094e-02    -2.61028882e-02     4.52296626e-02     9.62022846e-03     9.64529281e-03    -2.76010094e-02     9.62022846e-03 
      0.45000000    7.19126419e-03    -2.75027673e-02    -2.59706556e-02     4.49012674e-02     9.61945430e-03     9.64474996e-03    -2.75027673e-02     9.61945430e-03 
      0.46000000    7.19310051e-03    -2.74055059e-02    -2.58403013e-02     4.45765119e-02     9.61872751e-03     9.64424568e-03    -2.74055059e-02     9.61872751e-03 
      0.47000000    7.19500375e-03    -2.73091965e-02    -2.57117910e-02     4.42553044e-02     9.61804798e-03     9.64377980e-03    -2.73091965e-02     9.61804798e-03 
      0.48000000    7.19697423e-03    -2.72138104e-02    -2.55850918e-02     4.39375547e-02     9.61741566e-03     9.64335223e-03    -2.72138104e-02     9.61741566e-03 
      0.49000000    7.19901246e-03    -2.71193192e-02    -2.54601722e-02     4.36231741e-02     9.61683057e-03     9.64296292e-03    -2.71193192e-02     9.61683057e-03 
      0.50000000    7.20111913e-03    -2.70256948e-02    -2.53370018e-02     4.33120747e-02     9.61629279e-03     9.64261190e-03    -2.70256948e-02     9.61629279e-03 
      0.51000000    7.20329509e-03    -2.69329088e-02    -2.52155516e-02     4.30041699e-02     9.61580251e-03     9.64229925e-03    -2.69329088e-02     9.61580251e-03 
      0.52000000    7.20554142e-03    -2.68409332e-02    -2.50957938e-02     4.26993736e-02     9.61535998e-03     9.64202514e-03    -2.68409332e-02     9.61535998e-03 
      0.53000000    7.20785940e-03    -2.67497394e-02    -2.49777018e-02     4.23976003e-02     9.61496555e-03     9.64178981e-03    -2.67497394e-02     9.61496555e-03 
      0.54000000    7.21025055e-03    -2.66592989e-02    -2.48612502e-02     4.20987646e-02     9.61461964e-03     9.64159357e-03    -2.66592989e-02     9.61461964e-03 
      0.55000000    7.21271665e-03    -2.65695826e-02    -2.47464150e-02     4.18027811e-02     9.61432282e-03     9.64143684e-03    -2.65695826e-02     9.61432282e-03 
      0.56000000    7.21525974e-03    -2.64805612e-02    -2.46331732e-02     4.15095642e-02     9.61407575e-03     9.64132011e-03    -2.64805612e-02     9.61407575e-03 
      0.57000000    7.21788220e-03    -2.63922044e-02    -2.45215032e-02     4.12190274e-02     9.61387920e-03     9.64124401e-03    -2.63922044e-02     9.61387920e-03 
      0.58000000    7.22058671e-03    -2.63044814e-02    -2.44113849e-02     4.09310834e-02     9.61373412e-03     9.64120926e-03    -2.63044814e-02     9.61373412e-03 
      0.59000000    7.22337637e-03    -2.62173601e-02    -2.43027992e-02     4.06456431e-02     9.61364160e-03     9.64121672e-03    -2.62173601e-02     9.61364160e-03 
      0.60000000    7.22625470e-03    -2.61308075e-02    -2.41957287e-02     4.03626158e-02     9.61360290e-03     9.64126742e-03    -2.61308075e-02     9.61360290e-03 
      0.61000000    7.22922571e-03    -2.60447889e-02    -2.40901574e-02     4.00819079e-02     9.61361950e-03     9.64136252e-03    -2.60447889e-02     9.61361950e-03 
      0.62000000    7.23229400e-03    -2.59592677e-02    -2.39860709e-02     3.98034227e-02     9.61369311e-03     9.64150341e-03    -2.59592677e-02     9.61369311e-03 
      0.63000000    7.23546478e-03    -2.58742053e-02    -2.38834567e-02     3.95270594e-02     9.61382569e-03     9.64169169e-03    -2.58742053e-02     9.61382569e-03 
      0.64000000    7.23874407e-03    -2.57895602e-02    -2.37823040e-02     3.92527121e-02     9.61401954e-03     9.64192920e-03    -2.57895602e-02     9.61401954e-03 
      0.65000000    7.24213876e-03    -2.57052879e-02    -2.36826043e-02     3.89802687e-02     9.61427730e-03     9.64221811e-03    -2.57052879e-02     9.61427730e-03 
      0.66000000    7.24565680e-03    -2.56213399e-02    -2.35843515e-02     3.87096093e-02     9.61460206e-03     9.64256094e-03    -2.56213399e-02     9.61460206e-03 
      0.67000000    7.24930743e-03    -2.55376626e-02    -2.34875420e-02     3.84406043e-02     9.61499743e-03     9.64296062e-03    -2.55376626e-02     9.61499743e-03 
      0.68000000    7.25310144e-03    -2.54541967e-02    -2.33921759e-02     3.81731119e-02     9.61546763e-03     9.64342063e-03    -2.54541967e-02     9.61546763e-03 
      0.69000000    7.25705150e-03    -2.53708753e-02    -2.32982567e-02     3.79069753e-02     9.61601768e-03     9.64394506e-03    -2.53708753e-02     9.61601768e-03 
