     deltacapacity     delta45/pi       delta48/pi       delta16/pi       delta34/pi      delta32/pi      delta37/pi     delta65/pi      delta68/pi     delta21/pi      delta71/pi
      0.00000000  4.25230636e-01  4.25230636e-01  3.88469381e-01  3.64441334e-01  4.21690571e-03  4.21690571e-03 -3.53243985e-03 -3.53243985e-03  4.00518123e-01  4.00518123e-01
      0.01000000  4.26551763e-01  4.26551763e-01  3.86717245e-01  3.59723791e-01  3.85476025e-03  3.85476025e-03 -3.83598780e-03 -3.83598780e-03  3.99539536e-01  3.99539536e-01
      0.02000000  4.27850043e-01  4.27850043e-01  3.85049535e-01  3.55177914e-01  3.50443400e-03  3.50443400e-03 -4.12911521e-03 -4.12911521e-03  3.98603103e-01  3.98603103e-01
      0.03000000  4.29127087e-01  4.29127087e-01  3.83459281e-01  3.50790722e-01  3.16521850e-03  3.16521850e-03 -4.41244198e-03 -4.41244198e-03  3.97705751e-01  3.97705751e-01
      0.04000000  4.30384327e-01  4.30384327e-01  3.81940406e-01  3.46550810e-01  2.83648285e-03  2.83648285e-03 -4.68652083e-03 -4.68652083e-03  3.96844769e-01  3.96844769e-01
      0.05000000  4.31623046e-01  4.31623046e-01  3.80487578e-01  3.42448091e-01  2.51766158e-03  2.51766158e-03 -4.95184777e-03 -4.95184777e-03  3.96017746e-01  3.96017746e-01
      0.06000000  4.32844405e-01  4.32844405e-01  3.79096085e-01  3.38473584e-01  2.20824494e-03  2.20824494e-03 -5.20887040e-03 -5.20887040e-03  3.95222529e-01  3.95222529e-01
      0.07000000  4.34049453e-01  4.34049453e-01  3.77761745e-01  3.34619250e-01  1.90777093e-03  1.90777093e-03 -5.45799466e-03 -5.45799466e-03  3.94457182e-01  3.94457182e-01
      0.08000000  4.35239153e-01  4.35239153e-01  3.76480819e-01  3.30877856e-01  1.61581894e-03  1.61581894e-03 -5.69959045e-03 -5.69959045e-03  3.93719962e-01  3.93719962e-01
      0.09000000  4.36414385e-01  4.36414385e-01  3.75249955e-01  3.27242864e-01  1.33200440e-03  1.33200440e-03 -5.93399612e-03 -5.93399612e-03  3.93009286e-01  3.93009286e-01
      0.10000000  4.37575962e-01  4.37575962e-01  3.74066132e-01  3.23708339e-01  1.05597435e-03  1.05597435e-03 -6.16152235e-03 -6.16152235e-03  3.92323717e-01  3.92323717e-01
      0.11000000  4.38724637e-01  4.38724637e-01  3.72926616e-01  3.20268871e-01  7.87403694e-04  7.87403694e-04 -6.38245536e-03 -6.38245536e-03  3.91661943e-01  3.91661943e-01
      0.12000000  4.39861111e-01  4.39861111e-01  3.71828927e-01  3.16919512e-01  5.25992114e-04  5.25992114e-04 -6.59705959e-03 -6.59705959e-03  3.91022764e-01  3.91022764e-01
      0.13000000  4.40986038e-01  4.40986038e-01  3.70770803e-01  3.13655722e-01  2.71461349e-04  2.71461349e-04 -6.80558008e-03 -6.80558008e-03  3.90405075e-01  3.90405075e-01
      0.14000000  4.42100033e-01  4.42100033e-01  3.69750181e-01  3.10473320e-01  2.35529228e-05  2.35529228e-05 -7.00824443e-03 -7.00824443e-03  3.89807864e-01  3.89807864e-01
      0.15000000  4.43203673e-01  4.43203673e-01  3.68765166e-01  3.07368446e-01 -2.17973835e-04 -2.17973835e-04 -7.20526449e-03 -7.20526449e-03  3.89230192e-01  3.89230192e-01
      0.16000000  4.44297504e-01  4.44297504e-01  3.67814021e-01  3.04337529e-01 -4.53343495e-04 -4.53343495e-04 -7.39683788e-03 -7.39683788e-03  3.88671194e-01  3.88671194e-01
      0.17000000  4.45382042e-01  4.45382042e-01  3.66895144e-01  3.01377253e-01 -6.82766012e-04 -6.82766012e-04 -7.58314929e-03 -7.58314929e-03  3.88130067e-01  3.88130067e-01
      0.18000000  4.46457781e-01  4.46457781e-01  3.66007057e-01  2.98484532e-01 -9.06438027e-04 -9.06438027e-04 -7.76437158e-03 -7.76437158e-03  3.87606065e-01  3.87606065e-01
      0.19000000  4.47525189e-01  4.47525189e-01  3.65148395e-01  2.95656492e-01 -1.12454401e-03 -1.12454401e-03 -7.94066680e-03 -7.94066680e-03  3.87098497e-01  3.87098497e-01
      0.20000000  4.48584715e-01  4.48584715e-01  3.64317891e-01  2.92890447e-01 -1.33725724e-03 -1.33725724e-03 -8.11218705e-03 -8.11218705e-03  3.86606716e-01  3.86606716e-01
      0.21000000  4.49636790e-01  4.49636790e-01  3.63514369e-01  2.90183882e-01 -1.54474073e-03 -1.54474073e-03 -8.27907527e-03 -8.27907527e-03  3.86130119e-01  3.86130119e-01
      0.22000000  4.50681829e-01  4.50681829e-01  3.62736738e-01  2.87534439e-01 -1.74714800e-03 -1.74714800e-03 -8.44146593e-03 -8.44146593e-03  3.85668144e-01  3.85668144e-01
      0.23000000  4.51720233e-01  4.51720233e-01  3.61983981e-01  2.84939902e-01 -1.94462374e-03 -1.94462374e-03 -8.59948562e-03 -8.59948562e-03  3.85220264e-01  3.85220264e-01
      0.24000000  4.52752390e-01  4.52752390e-01  3.61255148e-01  2.82398188e-01 -2.13730450e-03 -2.13730450e-03 -8.75325360e-03 -8.75325360e-03  3.84785988e-01  3.84785988e-01
      0.25000000  4.53778677e-01  4.53778677e-01  3.60549357e-01  2.79907331e-01 -2.32531917e-03 -2.32531917e-03 -8.90288232e-03 -8.90288232e-03  3.84364852e-01  3.84364852e-01
      0.26000000  4.54799461e-01  4.54799461e-01  3.59865781e-01  2.77465478e-01 -2.50878955e-03 -2.50878955e-03 -9.04847780e-03 -9.04847780e-03  3.83956425e-01  3.83956425e-01
      0.27000000  4.55815101e-01  4.55815101e-01  3.59203647e-01  2.75070875e-01 -2.68783076e-03 -2.68783076e-03 -9.19014006e-03 -9.19014006e-03  3.83560300e-01  3.83560300e-01
      0.28000000  4.56825947e-01  4.56825947e-01  3.58562232e-01  2.72721865e-01 -2.86255162e-03 -2.86255162e-03 -9.32796347e-03 -9.32796347e-03  3.83176095e-01  3.83176095e-01
      0.29000000  4.57832347e-01  4.57832347e-01  3.57940861e-01  2.70416873e-01 -3.03305506e-03 -3.03305506e-03 -9.46203702e-03 -9.46203702e-03  3.82803452e-01  3.82803452e-01
      0.30000000  4.58834640e-01  4.58834640e-01  3.57338898e-01  2.68154409e-01 -3.19943840e-03 -3.19943840e-03 -9.59244465e-03 -9.59244465e-03  3.82442034e-01  3.82442034e-01
      0.31000000  4.59833162e-01  4.59833162e-01  3.56755751e-01  2.65933055e-01 -3.36179366e-03 -3.36179366e-03 -9.71926546e-03 -9.71926546e-03  3.82091526e-01  3.82091526e-01
      0.32000000  4.60828248e-01  4.60828248e-01  3.56190862e-01  2.63751462e-01 -3.52020781e-03 -3.52020781e-03 -9.84257397e-03 -9.84257397e-03  3.81751630e-01  3.81751630e-01
      0.33000000  4.61820230e-01  4.61820230e-01  3.55643712e-01  2.61608346e-01 -3.67476299e-03 -3.67476299e-03 -9.96244028e-03 -9.96244028e-03  3.81422067e-01  3.81422067e-01
      0.34000000  4.62809437e-01  4.62809437e-01  3.55113811e-01  2.59502482e-01 -3.82553676e-03 -3.82553676e-03 -1.00789303e-02 -1.00789303e-02  3.81102575e-01  3.81102575e-01
      0.35000000  4.63796201e-01  4.63796201e-01  3.54600703e-01  2.57432703e-01 -3.97260222e-03 -3.97260222e-03 -1.01921057e-02 -1.01921057e-02  3.80792908e-01  3.80792908e-01
      0.36000000  4.64780854e-01  4.64780854e-01  3.54103961e-01  2.55397892e-01 -4.11602819e-03 -4.11602819e-03 -1.03020244e-02 -1.03020244e-02  3.80492837e-01  3.80492837e-01
      0.37000000  4.65763731e-01  4.65763731e-01  3.53623185e-01  2.53396981e-01 -4.25587939e-03 -4.25587939e-03 -1.04087405e-02 -1.04087405e-02  3.80202147e-01  3.80202147e-01
      0.38000000  4.66745168e-01  4.66745168e-01  3.53158003e-01  2.51428949e-01 -4.39221648e-03 -4.39221648e-03 -1.05123042e-02 -1.05123042e-02  3.79920635e-01  3.79920635e-01
      0.39000000  4.67725508e-01  4.67725508e-01  3.52708067e-01  2.49492817e-01 -4.52509623e-03 -4.52509623e-03 -1.06127620e-02 -1.06127620e-02  3.79648116e-01  3.79648116e-01
      0.40000000  4.68705098e-01  4.68705098e-01  3.52273056e-01  2.47587644e-01 -4.65457156e-03 -4.65457156e-03 -1.07101570e-02 -1.07101570e-02  3.79384415e-01  3.79384415e-01
      0.41000000  4.69684292e-01  4.69684292e-01  3.51852672e-01  2.45712530e-01 -4.78069161e-03 -4.78069161e-03 -1.08045286e-02 -1.08045286e-02  3.79129370e-01  3.79129370e-01
      0.42000000  4.70663451e-01  4.70663451e-01  3.51446639e-01  2.43866607e-01 -4.90350176e-03 -4.90350176e-03 -1.08959126e-02 -1.08959126e-02  3.78882834e-01  3.78882834e-01
      0.43000000  4.71642947e-01  4.71642947e-01  3.51054704e-01  2.42049042e-01 -5.02304371e-03 -5.02304371e-03 -1.09843413e-02 -1.09843413e-02  3.78644670e-01  3.78644670e-01
      0.44000000  4.72623161e-01  4.72623161e-01  3.50676637e-01  2.40259031e-01 -5.13935539e-03 -5.13935539e-03 -1.10698435e-02 -1.10698435e-02  3.78414754e-01  3.78414754e-01
      0.45000000  4.73604488e-01  4.73604488e-01  3.50312229e-01  2.38495801e-01 -5.25247104e-03 -5.25247104e-03 -1.11524442e-02 -1.11524442e-02  3.78192975e-01  3.78192975e-01
      0.46000000  4.74587337e-01  4.74587337e-01  3.49961294e-01  2.36758604e-01 -5.36242109e-03 -5.36242109e-03 -1.12321649e-02 -1.12321649e-02  3.77979233e-01  3.77979233e-01
      0.47000000  4.75572132e-01  4.75572132e-01  3.49623665e-01  2.35046718e-01 -5.46923213e-03 -5.46923213e-03 -1.13090232e-02 -1.13090232e-02  3.77773440e-01  3.77773440e-01
      0.48000000  4.76559315e-01  4.76559315e-01  3.49299200e-01  2.33359446e-01 -5.57292682e-03 -5.57292682e-03 -1.13830329e-02 -1.13830329e-02  3.77575521e-01  3.77575521e-01
      0.49000000  4.77549351e-01  4.77549351e-01  3.48987775e-01  2.31696112e-01 -5.67352375e-03 -5.67352375e-03 -1.14542037e-02 -1.14542037e-02  3.77385415e-01  3.77385415e-01
      0.50000000  4.78542725e-01  4.78542725e-01  3.48689294e-01  2.30056060e-01 -5.77103730e-03 -5.77103730e-03 -1.15225411e-02 -1.15225411e-02  3.77203070e-01  3.77203070e-01
      0.51000000  4.79539952e-01  4.79539952e-01  3.48403678e-01  2.28438654e-01 -5.86547745e-03 -5.86547745e-03 -1.15880463e-02 -1.15880463e-02  3.77028451e-01  3.77028451e-01
      0.52000000  4.80541574e-01  4.80541574e-01  3.48130877e-01  2.26843274e-01 -5.95684953e-03 -5.95684953e-03 -1.16507156e-02 -1.16507156e-02  3.76861536e-01  3.76861536e-01
      0.53000000  4.81548167e-01  4.81548167e-01  3.47870864e-01  2.25269319e-01 -6.04515399e-03 -6.04515399e-03 -1.17105404e-02 -1.17105404e-02  3.76702316e-01  3.76702316e-01
      0.54000000  4.82560344e-01  4.82560344e-01  3.47623637e-01  2.23716200e-01 -6.13038599e-03 -6.13038599e-03 -1.17675068e-02 -1.17675068e-02  3.76550800e-01  3.76550800e-01
      0.55000000  4.83578764e-01  4.83578764e-01  3.47389226e-01  2.22183342e-01 -6.21253507e-03 -6.21253507e-03 -1.18215949e-02 -1.18215949e-02  3.76407011e-01  3.76407011e-01
      0.56000000  4.84604132e-01  4.84604132e-01  3.47167687e-01  2.20670182e-01 -6.29158465e-03 -6.29158465e-03 -1.18727787e-02 -1.18727787e-02  3.76270992e-01  3.76270992e-01
      0.57000000  4.85637210e-01  4.85637210e-01  3.46959111e-01  2.19176168e-01 -6.36751144e-03 -6.36751144e-03 -1.19210250e-02 -1.19210250e-02  3.76142803e-01  3.76142803e-01
      0.58000000  4.86678823e-01  4.86678823e-01  3.46763625e-01  2.17700753e-01 -6.44028481e-03 -6.44028481e-03 -1.19662932e-02 -1.19662932e-02  3.76022529e-01  3.76022529e-01
      0.59000000  4.87729867e-01  4.87729867e-01  3.46581395e-01  2.16243402e-01 -6.50986593e-03 -6.50986593e-03 -1.20085338e-02 -1.20085338e-02  3.75910274e-01  3.75910274e-01
      0.60000000  4.88791327e-01  4.88791327e-01  3.46412629e-01  2.14803579e-01 -6.57620686e-03 -6.57620686e-03 -1.20476880e-02 -1.20476880e-02  3.75806172e-01  3.75806172e-01
      0.61000000  4.89864279e-01  4.89864279e-01  3.46257587e-01  2.13380756e-01 -6.63924931e-03 -6.63924931e-03 -1.20836858e-02 -1.20836858e-02  3.75710383e-01  3.75710383e-01
      0.62000000  4.90949917e-01  4.90949917e-01  3.46116583e-01  2.11974401e-01 -6.69892328e-03 -6.69892328e-03 -1.21164451e-02 -1.21164451e-02  3.75623104e-01  3.75623104e-01
      0.63000000  4.92049564e-01  4.92049564e-01  3.45989995e-01  2.10583982e-01 -6.75514530e-03 -6.75514530e-03 -1.21458693e-02 -1.21458693e-02  3.75544566e-01  3.75544566e-01
      0.64000000  4.93164701e-01  4.93164701e-01  3.45878274e-01  2.09208960e-01 -6.80781630e-03 -6.80781630e-03 -1.21718453e-02 -1.21718453e-02  3.75475048e-01  3.75475048e-01
      0.65000000  4.94296992e-01  4.94296992e-01  3.45781958e-01  2.07848786e-01 -6.85681899e-03 -6.85681899e-03 -1.21942406e-02 -1.21942406e-02  3.75414879e-01  3.75414879e-01
      0.66000000  4.95448324e-01  4.95448324e-01  3.45701686e-01  2.06502897e-01 -6.90201456e-03 -6.90201456e-03 -1.22128995e-02 -1.22128995e-02  3.75364449e-01  3.75364449e-01
      0.67000000  4.96620849e-01  4.96620849e-01  3.45638217e-01  2.05170710e-01 -6.94323846e-03 -6.94323846e-03 -1.22276391e-02 -1.22276391e-02  3.75324220e-01  3.75324220e-01
      0.68000000  4.97817046e-01  4.97817046e-01  3.45592456e-01  2.03851615e-01 -6.98029512e-03 -6.98029512e-03 -1.22382432e-02 -1.22382432e-02  3.75294744e-01  3.75294744e-01
      0.69000000  4.99039796e-01  4.99039796e-01  3.45565487e-01  2.02544964e-01 -7.01295092e-03 -7.01295092e-03 -1.22444548e-02 -1.22444548e-02  3.75276678e-01  3.75276678e-01
