     deltacapacity     delta45/pi       delta48/pi       delta16/pi       delta34/pi      delta32/pi      delta37/pi     delta65/pi       delta68/pi     delta21/pi      delta71/pi
      0.00000000  4.36604052e-01  4.36604052e-01  3.98211086e-01  3.71761614e-01  4.09627624e-03  4.09627624e-03 -3.28151956e-03 -3.28151956e-03  4.09339823e-01  4.09339823e-01
      0.01000000  4.38122954e-01  4.38122954e-01  3.96339335e-01  3.66672074e-01  3.74436879e-03  3.74436879e-03 -3.57839227e-03 -3.57839227e-03  4.08289717e-01  4.08289717e-01
      0.02000000  4.39618160e-01  4.39618160e-01  3.94570772e-01  3.61785676e-01  3.40532077e-03  3.40532077e-03 -3.86369327e-03 -3.86369327e-03  4.07291437e-01  4.07291437e-01
      0.03000000  4.41091912e-01  4.41091912e-01  3.92895966e-01  3.57085036e-01  3.07830329e-03  3.07830329e-03 -4.13815624e-03 -4.13815624e-03  4.06340835e-01  4.06340835e-01
      0.04000000  4.42546192e-01  4.42546192e-01  3.91306861e-01  3.52555151e-01  2.76259166e-03  2.76259166e-03 -4.40242353e-03 -4.40242353e-03  4.05434314e-01  4.05434314e-01
      0.05000000  4.43982771e-01  4.43982771e-01  3.89796511e-01  3.48182952e-01  2.45754723e-03  2.45754723e-03 -4.65706182e-03 -4.65706182e-03  4.04568728e-01  4.04568728e-01
      0.06000000  4.45403249e-01  4.45403249e-01  3.88358880e-01  3.43956971e-01  2.16260330e-03  2.16260330e-03 -4.90257437e-03 -4.90257437e-03  4.03741311e-01  4.03741311e-01
      0.07000000  4.46809080e-01  4.46809080e-01  3.86988690e-01  3.39867066e-01  1.87725396e-03  1.87725396e-03 -5.13941066e-03 -5.13941066e-03  4.02949614e-01  4.02949614e-01
      0.08000000  4.48201607e-01  4.48201607e-01  3.85681294e-01  3.35904217e-01  1.60104524e-03  1.60104524e-03 -5.36797406e-03 -5.36797406e-03  4.02191459e-01  4.02191459e-01
      0.09000000  4.49582069e-01  4.49582069e-01  3.84432582e-01  3.32060350e-01  1.33356798e-03  1.33356798e-03 -5.58862812e-03 -5.58862812e-03  4.01464898e-01  4.01464898e-01
      0.10000000  4.50951630e-01  4.50951630e-01  3.83238900e-01  3.28328205e-01  1.07445192e-03  1.07445192e-03 -5.80170160e-03 -5.80170160e-03  4.00768184e-01  4.00768184e-01
      0.11000000  4.52311381e-01  4.52311381e-01  3.82096985e-01  3.24701217e-01  8.23361005e-04  8.23361005e-04 -6.00749263e-03 -6.00749263e-03  4.00099745e-01  4.00099745e-01
      0.12000000  4.53662364e-01  4.53662364e-01  3.81003916e-01  3.21173429e-01  5.79989380e-04  5.79989380e-04 -6.20627220e-03 -6.20627220e-03  3.99458160e-01  3.99458160e-01
      0.13000000  4.55005572e-01  4.55005572e-01  3.79957067e-01  3.17739408e-01  3.44058105e-04  3.44058105e-04 -6.39828702e-03 -6.39828702e-03  3.98842142e-01  3.98842142e-01
      0.14000000  4.56341962e-01  4.56341962e-01  3.78954071e-01  3.14394186e-01  1.15312404e-04  1.15312404e-04 -6.58376188e-03 -6.58376188e-03  3.98250526e-01  3.98250526e-01
      0.15000000  4.57672466e-01  4.57672466e-01  3.77992793e-01  3.11133197e-01 -1.06480638e-04 -1.06480638e-04 -6.76290169e-03 -6.76290169e-03  3.97682252e-01  3.97682252e-01
      0.16000000  4.58997993e-01  4.58997993e-01  3.77071300e-01  3.07952237e-01 -3.21534019e-04 -3.21534019e-04 -6.93589319e-03 -6.93589319e-03  3.97136357e-01  3.97136357e-01
      0.17000000  4.60319440e-01  4.60319440e-01  3.76187845e-01  3.04847421e-01 -5.30042442e-04 -5.30042442e-04 -7.10290627e-03 -7.10290627e-03  3.96611965e-01  3.96611965e-01
      0.18000000  4.61637696e-01  4.61637696e-01  3.75340842e-01  3.01815146e-01 -7.32183678e-04 -7.32183678e-04 -7.26409521e-03 -7.26409521e-03  3.96108279e-01  3.96108279e-01
      0.19000000  4.62953649e-01  4.62953649e-01  3.74528859e-01  2.98852064e-01 -9.28119690e-04 -9.28119690e-04 -7.41959962e-03 -7.41959962e-03  3.95624574e-01  3.95624574e-01
      0.20000000  4.64268195e-01  4.64268195e-01  3.73750597e-01  2.95955055e-01 -1.11799757e-03 -1.11799757e-03 -7.56954517e-03 -7.56954517e-03  3.95160195e-01  3.95160195e-01
      0.21000000  4.65582237e-01  4.65582237e-01  3.73004885e-01  2.93121202e-01 -1.30195026e-03 -1.30195026e-03 -7.71404426e-03 -7.71404426e-03  3.94714548e-01  3.94714548e-01
      0.22000000  4.66896702e-01  4.66896702e-01  3.72290670e-01  2.90347773e-01 -1.48009715e-03 -1.48009715e-03 -7.85319642e-03 -7.85319642e-03  3.94287099e-01  3.94287099e-01
      0.23000000  4.68212539e-01  4.68212539e-01  3.71607005e-01  2.87632201e-01 -1.65254449e-03 -1.65254449e-03 -7.98708861e-03 -7.98708861e-03  3.93877368e-01  3.93877368e-01
      0.24000000  4.69530729e-01  4.69530729e-01  3.70953051e-01  2.84972071e-01 -1.81938564e-03 -1.81938564e-03 -8.11579541e-03 -8.11579541e-03  3.93484931e-01  3.93484931e-01
      0.25000000  4.70852298e-01  4.70852298e-01  3.70328065e-01  2.82365102e-01 -1.98070118e-03 -1.98070118e-03 -8.23937895e-03 -8.23937895e-03  3.93109415e-01  3.93109415e-01
      0.26000000  4.72178318e-01  4.72178318e-01  3.69731401e-01  2.79809135e-01 -2.13655887e-03 -2.13655887e-03 -8.35788881e-03 -8.35788881e-03  3.92750499e-01  3.92750499e-01
      0.27000000  4.73509923e-01  4.73509923e-01  3.69162507e-01  2.77302121e-01 -2.28701342e-03 -2.28701342e-03 -8.47136164e-03 -8.47136164e-03  3.92407911e-01  3.92407911e-01
      0.28000000  4.74848318e-01  4.74848318e-01  3.68620925e-01  2.74842112e-01 -2.43210609e-03 -2.43210609e-03 -8.57982069e-03 -8.57982069e-03  3.92081431e-01  3.92081431e-01
      0.29000000  4.76194797e-01  4.76194797e-01  3.68106290e-01  2.72427246e-01 -2.57186409e-03 -2.57186409e-03 -8.68327503e-03 -8.68327503e-03  3.91770892e-01  3.91770892e-01
      0.30000000  4.77550750e-01  4.77550750e-01  3.67618334e-01  2.70055744e-01 -2.70629969e-03 -2.70629969e-03 -8.78171859e-03 -8.78171859e-03  3.91476178e-01  3.91476178e-01
      0.31000000  4.78917692e-01  4.78917692e-01  3.67156889e-01  2.67725892e-01 -2.83540911e-03 -2.83540911e-03 -8.87512885e-03 -8.87512885e-03  3.91197232e-01  3.91197232e-01
      0.32000000  4.80297277e-01  4.80297277e-01  3.66721894e-01  2.65436041e-01 -2.95917104e-03 -2.95917104e-03 -8.96346519e-03 -8.96346519e-03  3.90934060e-01  3.90934060e-01
      0.33000000  4.81691333e-01  4.81691333e-01  3.66313403e-01  2.63184590e-01 -3.07754470e-03 -3.07754470e-03 -9.04666677e-03 -9.04666677e-03  3.90686730e-01  3.90686730e-01
      0.34000000  4.83101888e-01  4.83101888e-01  3.65931596e-01  2.60969979e-01 -3.19046737e-03 -3.19046737e-03 -9.12464983e-03 -9.12464983e-03  3.90455388e-01  3.90455388e-01
      0.35000000  4.84531219e-01  4.84531219e-01  3.65576796e-01  2.58790682e-01 -3.29785130e-03 -3.29785130e-03 -9.19730427e-03 -9.19730427e-03  3.90240261e-01  3.90240261e-01
      0.36000000  4.85981897e-01  4.85981897e-01  3.65249485e-01  2.56645191e-01 -3.39957958e-03 -3.39957958e-03 -9.26448924e-03 -9.26448924e-03  3.90041672e-01  3.90041672e-01
      0.37000000  4.87456862e-01  4.87456862e-01  3.64950336e-01  2.54532005e-01 -3.49550095e-03 -3.49550095e-03 -9.32602743e-03 -9.32602743e-03  3.89860059e-01  3.89860059e-01
      0.38000000  4.88959500e-01  4.88959500e-01  3.64680245e-01  2.52449614e-01 -3.58542291e-03 -3.58542291e-03 -9.38169764e-03 -9.38169764e-03  3.89695989e-01  3.89695989e-01
      0.39000000  4.90493764e-01  4.90493764e-01  3.64440379e-01  2.50396482e-01 -3.66910260e-03 -3.66910260e-03 -9.43122495e-03 -9.43122495e-03  3.89550195e-01  3.89550195e-01
      0.40000000  4.92064322e-01  4.92064322e-01  3.64232237e-01  2.48371024e-01 -3.74623459e-03 -3.74623459e-03 -9.47426747e-03 -9.47426747e-03  3.89423611e-01  3.89423611e-01
      0.41000000  4.93676764e-01  4.93676764e-01  3.64057744e-01  2.46371572e-01 -3.81643398e-03 -3.81643398e-03 -9.51039818e-03 -9.51039818e-03  3.89317424e-01  3.89317424e-01
      0.42000000  4.95337894e-01  4.95337894e-01  3.63919369e-01  2.44396335e-01 -3.87921289e-03 -3.87921289e-03 -9.53907947e-03 -9.53907947e-03  3.89233151e-01  3.89233151e-01
      0.43000000  4.97056147e-01  4.97056147e-01  3.63820307e-01  2.42443338e-01 -3.93394645e-03 -3.93394645e-03 -9.55962651e-03 -9.55962651e-03  3.89172751e-01  3.89172751e-01
      0.44000000  4.98842210e-01  4.98842210e-01  3.63764747e-01  2.40510341e-01 -3.97982230e-03 -3.97982230e-03 -9.57115274e-03 -9.57115274e-03  3.89138778e-01  3.89138778e-01
      0.45000000  5.00709981e-01  5.00709981e-01  3.63758285e-01  2.38594697e-01 -4.01576246e-03 -4.01576246e-03 -9.57248569e-03 -9.57248569e-03  3.89134641e-01  3.89134641e-01
      0.46000000  5.02678130e-01  5.02678130e-01  3.63808596e-01  2.36693142e-01 -4.04029689e-03 -4.04029689e-03 -9.56203049e-03 -9.56203049e-03  3.89165004e-01  3.89165004e-01
      0.47000000  5.04772777e-01  5.04772777e-01  3.63926596e-01  2.34801426e-01 -4.05134580e-03 -4.05134580e-03 -9.53753518e-03 -9.53753518e-03  3.89236489e-01  3.89236489e-01
      0.48000000  5.07032491e-01  5.07032491e-01  3.64128601e-01  2.32913621e-01 -4.04581502e-03 -4.04581502e-03 -9.49565425e-03 -9.49565425e-03  3.89358980e-01  3.89358980e-01
      0.49000000  5.09518629e-01  5.09518629e-01  3.64440802e-01  2.31020692e-01 -4.01875982e-03 -4.01875982e-03 -9.43104678e-03 -9.43104678e-03  3.89548325e-01  3.89548325e-01
      0.50000000  5.12340281e-01  5.12340281e-01  3.64910064e-01  2.29107050e-01 -3.96137160e-03 -3.96137160e-03 -9.33420457e-03 -9.33420457e-03  3.89832843e-01  3.89832843e-01
      0.51000000  5.15731428e-01  5.15731428e-01  3.65637333e-01  2.27139855e-01 -3.85476248e-03 -3.85476248e-03 -9.18474716e-03 -9.18474716e-03  3.90273460e-01  3.90273460e-01
      0.52000000  5.20452972e-01  5.20452972e-01  3.66951742e-01  2.25013119e-01 -3.63765819e-03 -3.63765819e-03 -8.91656574e-03 -8.91656574e-03  3.91068572e-01  3.91068572e-01
      0.53000000
