  2.00000000e-01  -9.59227581e-02   9.36822578e-01   9.67140014e-01   9.59227581e-02  -9.36822578e-01  -9.67140014e-01   9.36822578e-01  -9.36822578e-01 
  1.90000000e-01  -9.35356072e-02   9.49007634e-01   9.78208774e-01   9.35356072e-02  -9.49007634e-01  -9.78208774e-01   9.49007634e-01  -9.49007634e-01 
  1.80000000e-01  -9.10441561e-02   9.61587176e-01   9.89637941e-01   9.10441561e-02  -9.61587176e-01  -9.89637941e-01   9.61587176e-01  -9.61587176e-01 
  1.70000000e-01  -8.84406130e-02   9.74587429e-01   1.00145281e+00   8.84406130e-02  -9.74587429e-01  -1.00145281e+00   9.74587429e-01  -9.74587429e-01 
  1.60000000e-01  -8.57160949e-02   9.88037799e-01   1.01368183e+00   8.57160949e-02  -9.88037799e-01  -1.01368183e+00   9.88037799e-01  -9.88037799e-01 
  1.50000000e-01  -8.28603928e-02   1.00197147e+00   1.02635716e+00   8.28603928e-02  -1.00197147e+00  -1.02635716e+00   1.00197147e+00  -1.00197147e+00 
  1.40000000e-01  -7.98616679e-02   1.01642613e+00   1.03951543e+00   7.98616679e-02  -1.01642613e+00  -1.03951543e+00   1.01642613e+00  -1.01642613e+00 
  1.30000000e-01  -7.67060544e-02   1.03144498e+00   1.05319871e+00   7.67060544e-02  -1.03144498e+00  -1.05319871e+00   1.03144498e+00  -1.03144498e+00 
  1.20000000e-01  -7.33771293e-02   1.04707788e+00   1.06745567e+00   7.33771293e-02  -1.04707788e+00  -1.06745567e+00   1.04707788e+00  -1.04707788e+00 
  1.10000000e-01  -6.98551955e-02   1.06338303e+00   1.08234320e+00   6.98551955e-02  -1.06338303e+00  -1.08234320e+00   1.06338303e+00  -1.06338303e+00 
  1.00000000e-01  -6.61162881e-02   1.08042909e+00   1.09792858e+00   6.61162881e-02  -1.08042909e+00  -1.09792858e+00   1.08042909e+00  -1.08042909e+00 
  9.00000000e-02  -6.21307691e-02   1.09829811e+00   1.11429232e+00   6.21307691e-02  -1.09829811e+00  -1.11429232e+00   1.09829811e+00  -1.09829811e+00 
  8.00000000e-02  -5.78612819e-02   1.11708962e+00   1.13153223e+00   5.78612819e-02  -1.11708962e+00  -1.13153223e+00   1.11708962e+00  -1.11708962e+00 
  7.00000000e-02  -5.32596805e-02   1.13692652e+00   1.14976926e+00   5.32596805e-02  -1.13692652e+00  -1.14976926e+00   1.13692652e+00  -1.13692652e+00 
  6.00000000e-02  -4.82622451e-02   1.15796374e+00   1.16915607e+00   4.82622451e-02  -1.15796374e+00  -1.16915607e+00   1.15796374e+00  -1.15796374e+00 
  5.00000000e-02  -4.27818847e-02   1.18040172e+00   1.18989040e+00   4.27818847e-02  -1.18040172e+00  -1.18989040e+00   1.18040172e+00  -1.18040172e+00 
  4.00000000e-02  -3.66947091e-02   1.20450820e+00   1.21223664e+00   3.66947091e-02  -1.20450820e+00  -1.21223664e+00   1.20450820e+00  -1.20450820e+00 
  3.00000000e-02  -2.98152385e-02   1.23065596e+00   1.23656322e+00   2.98152385e-02  -1.23065596e+00  -1.23656322e+00   1.23065596e+00  -1.23065596e+00 
  2.00000000e-02  -2.18462714e-02   1.25939385e+00   1.26341303e+00   2.18462714e-02  -1.25939385e+00  -1.26341303e+00   1.25939385e+00  -1.25939385e+00 
  1.00000000e-02  -1.22639531e-02   1.29159738e+00   1.29365259e+00   1.22639531e-02  -1.29159738e+00  -1.29365259e+00   1.29159738e+00  -1.29159738e+00 
