     delta      Pmax      control[0]      control[1]       control[2]      control[3]       control[4]      control[5]       control[6]      control[7]
      4.00000000       0.70000000   3.56281992e-01 -5.85574581e-01 -6.05644590e-01 -3.99725858e-01  5.93498141e-01  6.33241337e-01 -5.85574581e-01  5.93498141e-01
      3.90000000       0.70000000   3.50972535e-01 -5.81766349e-01 -6.02022772e-01 -3.94828105e-01  5.89651710e-01  6.30107621e-01 -5.81766349e-01  5.89651710e-01
      3.80000000       0.70000000   3.45533389e-01 -5.77817119e-01 -5.98241944e-01 -3.89799456e-01  5.85661478e-01  6.26819292e-01 -5.77817119e-01  5.85661478e-01
      3.70000000       0.70000000   3.39959984e-01 -5.73719472e-01 -5.94292987e-01 -3.84635013e-01  5.81519978e-01  6.23367002e-01 -5.73719472e-01  5.81519978e-01
      3.60000000       0.70000000   3.34247551e-01 -5.69465396e-01 -5.90166066e-01 -3.79329620e-01  5.77219147e-01  6.19740634e-01 -5.69465396e-01  5.77219147e-01
      3.50000000       0.70000000   3.28391119e-01 -5.65046231e-01 -5.85850561e-01 -3.73877840e-01  5.72750261e-01  6.15929223e-01 -5.65046231e-01  5.72750261e-01
      3.40000000       0.70000000   3.22385505e-01 -5.60452595e-01 -5.81334980e-01 -3.68273937e-01  5.68103869e-01  6.11920863e-01 -5.60452595e-01  5.68103869e-01
      3.30000000       0.70000000   3.16225309e-01 -5.55674300e-01 -5.76606869e-01 -3.62511860e-01  5.63269708e-01  6.07702604e-01 -5.55674300e-01  5.63269708e-01
      3.20000000       0.70000000   3.09904908e-01 -5.50700268e-01 -5.71652709e-01 -3.56585217e-01  5.58236612e-01  6.03260328e-01 -5.50700268e-01  5.58236612e-01
      3.10000000       0.70000000   3.03418452e-01 -5.45518418e-01 -5.66457796e-01 -3.50487252e-01  5.52992408e-01  5.98578617e-01 -5.45518418e-01  5.52992408e-01
      3.00000000       0.70000000   2.96759858e-01 -5.40115552e-01 -5.61006109e-01 -3.44210825e-01  5.47523792e-01  5.93640597e-01 -5.40115552e-01  5.47523792e-01
      2.90000000       0.70000000   2.89922813e-01 -5.34477212e-01 -5.55280155e-01 -3.37748378e-01  5.41816193e-01  5.88427758e-01 -5.34477212e-01  5.41816193e-01
      2.80000000       0.70000000   2.82900770e-01 -5.28587518e-01 -5.49260798e-01 -3.31091912e-01  5.35853614e-01  5.82919749e-01 -5.28587518e-01  5.35853614e-01
      2.70000000       0.70000000   2.75686959e-01 -5.22428986e-01 -5.42927054e-01 -3.24232953e-01  5.29618439e-01  5.77094142e-01 -5.22428986e-01  5.29618439e-01
      2.60000000       0.70000000   2.68274389e-01 -5.15982305e-01 -5.36255864e-01 -3.17162518e-01  5.23091223e-01  5.70926157e-01 -5.15982305e-01  5.23091223e-01
      2.50000000       0.70000000   2.60655867e-01 -5.09226085e-01 -5.29221826e-01 -3.09871080e-01  5.16250434e-01  5.64388342e-01 -5.09226085e-01  5.16250434e-01
      2.40000000       0.70000000   2.52824017e-01 -5.02136552e-01 -5.21796889e-01 -3.02348528e-01  5.09072152e-01  5.57450201e-01 -5.02136552e-01  5.09072152e-01
      2.30000000       0.70000000   2.44771312e-01 -4.94687195e-01 -5.13949990e-01 -2.94584127e-01  5.01529720e-01  5.50077756e-01 -4.94687195e-01  5.01529720e-01
      2.20000000       0.70000000   2.36490115e-01 -4.86848337e-01 -5.05646641e-01 -2.86566469e-01  4.93593320e-01  5.42233030e-01 -4.86848337e-01  4.93593320e-01
      2.10000000       0.70000000   2.27972740e-01 -4.78586632e-01 -4.96848431e-01 -2.78283427e-01  4.85229470e-01  5.33873443e-01 -4.78586632e-01  4.85229470e-01
      2.00000000       0.70000000   2.19211522e-01 -4.69864450e-01 -4.87512447e-01 -2.69722098e-01  4.76400421e-01  5.24951079e-01 -4.69864450e-01  4.76400421e-01
      1.90000000       0.70000000   2.10198928e-01 -4.60639132e-01 -4.77590587e-01 -2.60868748e-01  4.67063424e-01  5.15411825e-01 -4.60639132e-01  4.67063424e-01
      1.80000000       0.70000000   2.00927684e-01 -4.50862092e-01 -4.67028740e-01 -2.51708748e-01  4.57169832e-01  5.05194325e-01 -4.50862092e-01  4.57169832e-01
      1.70000000       0.70000000   1.91390956e-01 -4.40477697e-01 -4.55765799e-01 -2.42226503e-01  4.46664010e-01  4.94228720e-01 -4.40477697e-01  4.46664010e-01
      1.60000000       0.70000000   1.81582578e-01 -4.29421888e-01 -4.43732472e-01 -2.32405371e-01  4.35481966e-01  4.82435108e-01 -4.29421888e-01  4.35481966e-01
      1.50000000       0.70000000   1.71497359e-01 -4.17620457e-01 -4.30849838e-01 -2.22227577e-01  4.23549656e-01  4.69721656e-01 -4.17620457e-01  4.23549656e-01
      1.40000000       0.70000000   1.61131477e-01 -4.04986871e-01 -4.17027571e-01 -2.11674102e-01  4.10780834e-01  4.55982269e-01 -4.04986871e-01  4.10780834e-01
      1.30000000       0.70000000   1.50483007e-01 -3.91419499e-01 -4.02161745e-01 -2.00724555e-01  3.97074311e-01  4.41093670e-01 -3.91419499e-01  3.97074311e-01
      1.20000000       0.70000000   1.39552610e-01 -3.76798046e-01 -3.86132088e-01 -1.89357000e-01  3.82310422e-01  4.24911727e-01 -3.76798046e-01  3.82310422e-01
      1.10000000       0.70000000   1.28344463e-01 -3.60978897e-01 -3.68798506e-01 -1.77547723e-01  3.66346397e-01  4.07266766e-01 -3.60978897e-01  3.66346397e-01
      1.00000000       0.70000000   1.16867499e-01 -3.43788977e-01 -3.49996619e-01 -1.65270887e-01  3.49010219e-01  3.87957522e-01 -3.43788977e-01  3.49010219e-01
      0.90000000       0.70000000   1.05137094e-01 -3.25017523e-01 -3.29531931e-01 -1.52497996e-01  3.30092341e-01  3.66743197e-01 -3.25017523e-01  3.30092341e-01
      0.80000000       0.70000000   9.31773846e-02 -3.04404860e-01 -3.07172069e-01 -1.39196989e-01  3.09334267e-01  3.43332858e-01 -3.04404860e-01  3.09334267e-01
      0.70000000       0.70000000   8.10245099e-02 -2.81626813e-01 -2.82636143e-01 -1.25330659e-01  2.86412485e-01  3.17370947e-01 -2.81626813e-01  2.86412485e-01
      0.60000000       0.70000000   6.87312259e-02 -2.56272513e-01 -2.55579701e-01 -1.10853683e-01  2.60915151e-01  2.88416882e-01 -2.56272513e-01  2.60915151e-01
      0.50000000       0.70000000   5.63736393e-02 -2.27811835e-01 -2.25572418e-01 -9.57067336e-02  2.32307010e-01  2.55915162e-01 -2.27811835e-01  2.32307010e-01
      0.40000000       0.70000000   4.40613487e-02 -1.95545609e-01 -1.92062863e-01 -7.98039164e-02  1.99873830e-01  2.19148991e-01 -1.95545609e-01  1.99873830e-01
      0.30000000       0.70000000   3.19533782e-02 -1.58524544e-01 -1.54317326e-01 -6.30033536e-02  1.62627321e-01  1.77161748e-01 -1.58524544e-01  1.62627321e-01
      0.20000000       0.70000000   2.02848932e-02 -1.15401990e-01 -1.11296706e-01 -4.50280013e-02  1.19120081e-01  1.28603632e-01 -1.15401990e-01  1.19120081e-01
      0.10000000       0.70000000   9.41786591e-03 -6.40991071e-02 -6.13335456e-02 -2.51931811e-02  6.69826547e-02  7.13417657e-02 -6.40991071e-02  6.69826547e-02
      0.00000000       0.70000000  -0.00000000e+00 -0.00000000e+00 -0.00000000e+00 -0.00000000e+00  0.00000000e+00  0.00000000e+00 -0.00000000e+00  0.00000000e+00
      4.00000000       0.90000000   2.36950886e-01 -7.16201824e-01 -7.79153244e-01 -7.25393995e-01  9.00000000e-01  9.00000000e-01 -7.16201824e-01  9.00000000e-01
      3.90000000       0.90000000   2.27430072e-01 -7.13532316e-01 -7.76844819e-01 -7.23520620e-01  9.00000000e-01  9.00000000e-01 -7.13532316e-01  9.00000000e-01
      3.80000000       0.90000000   2.17643404e-01 -7.10797745e-01 -7.74460129e-01 -7.21587785e-01  9.00000000e-01  9.00000000e-01 -7.10797745e-01  9.00000000e-01
      3.70000000       0.90000000   2.07579345e-01 -7.07995754e-01 -7.71995297e-01 -7.19592540e-01  9.00000000e-01  9.00000000e-01 -7.07995754e-01  9.00000000e-01
      3.60000000       0.90000000   1.97225702e-01 -7.05123890e-01 -7.69446185e-01 -7.17531736e-01  9.00000000e-01  9.00000000e-01 -7.05123890e-01  9.00000000e-01
      3.50000000       0.90000000   1.86569575e-01 -7.02179596e-01 -7.66808367e-01 -7.15402016e-01  9.00000000e-01  9.00000000e-01 -7.02179596e-01  9.00000000e-01
      3.40000000       0.90000000   1.75597317e-01 -6.99160210e-01 -7.64077107e-01 -7.13199789e-01  9.00000000e-01  9.00000000e-01 -6.99160210e-01  9.00000000e-01
      3.30000000       0.90000000   1.64294480e-01 -6.96062965e-01 -7.61247331e-01 -7.10921219e-01  9.00000000e-01  9.00000000e-01 -6.96062965e-01  9.00000000e-01
      3.20000000       0.90000000   1.52645765e-01 -6.92884985e-01 -7.58313598e-01 -7.08562197e-01  9.00000000e-01  9.00000000e-01 -6.92884985e-01  9.00000000e-01
      3.10000000       0.90000000   1.40634966e-01 -6.89623287e-01 -7.55270069e-01 -7.06118322e-01  9.00000000e-01  9.00000000e-01 -6.89623287e-01  9.00000000e-01
      3.00000000       0.90000000   1.28244912e-01 -6.86274782e-01 -7.52110472e-01 -7.03584875e-01  9.00000000e-01  9.00000000e-01 -6.86274782e-01  9.00000000e-01
      2.90000000       0.90000000   1.15457408e-01 -6.82836279e-01 -7.48828059e-01 -7.00956792e-01  9.00000000e-01  9.00000000e-01 -6.82836279e-01  9.00000000e-01
      2.80000000       0.90000000   1.02253175e-01 -6.79304486e-01 -7.45415571e-01 -6.98228632e-01  9.00000000e-01  9.00000000e-01 -6.79304486e-01  9.00000000e-01
      2.70000000       0.90000000   8.86117799e-02 -6.75676025e-01 -7.41865183e-01 -6.95394547e-01  9.00000000e-01  9.00000000e-01 -6.75676025e-01  9.00000000e-01
      2.60000000       0.90000000   7.45115815e-02 -6.71947438e-01 -7.38168461e-01 -6.92448244e-01  9.00000000e-01  9.00000000e-01 -6.71947438e-01  9.00000000e-01
      2.50000000       0.90000000   5.99296627e-02 -6.68115206e-01 -7.34316301e-01 -6.89382949e-01  9.00000000e-01  9.00000000e-01 -6.68115206e-01  9.00000000e-01
      2.40000000       0.90000000   4.48417741e-02 -6.64175771e-01 -7.30298869e-01 -6.86191363e-01  9.00000000e-01  9.00000000e-01 -6.64175771e-01  9.00000000e-01
      2.30000000       0.90000000   2.92222816e-02 -6.60125564e-01 -7.26105537e-01 -6.82865618e-01  9.00000000e-01  9.00000000e-01 -6.60125564e-01  9.00000000e-01
      2.20000000       0.90000000   1.30441240e-02 -6.55961043e-01 -7.21724811e-01 -6.79397226e-01  9.00000000e-01  9.00000000e-01 -6.55961043e-01  9.00000000e-01
      2.10000000       0.90000000  -3.72121503e-03 -6.51678749e-01 -7.17144253e-01 -6.75777034e-01  9.00000000e-01  9.00000000e-01 -6.51678749e-01  9.00000000e-01
      2.00000000       0.90000000  -2.11037131e-02 -6.47275362e-01 -7.12350402e-01 -6.71995162e-01  9.00000000e-01  9.00000000e-01 -6.47275362e-01  9.00000000e-01
      1.90000000       0.90000000  -3.91347852e-02 -6.42747790e-01 -7.07328683e-01 -6.68040953e-01  9.00000000e-01  9.00000000e-01 -6.42747790e-01  9.00000000e-01
      1.80000000       0.90000000  -5.78472174e-02 -6.38093273e-01 -7.02063323e-01 -6.63902913e-01  9.00000000e-01  9.00000000e-01 -6.38093273e-01  9.00000000e-01
      1.70000000       0.90000000  -7.72750444e-02 -6.33309521e-01 -6.96537257e-01 -6.59568656e-01  9.00000000e-01  9.00000000e-01 -6.33309521e-01  9.00000000e-01
      1.60000000       0.90000000  -9.74533485e-02 -6.28394880e-01 -6.90732038e-01 -6.55024853e-01  9.00000000e-01  9.00000000e-01 -6.28394880e-01  9.00000000e-01
      1.50000000       0.90000000  -1.18417955e-01 -6.23348553e-01 -6.84627756e-01 -6.50257183e-01  9.00000000e-01  9.00000000e-01 -6.23348553e-01  9.00000000e-01
      1.40000000       0.90000000  -1.40204992e-01 -6.18170872e-01 -6.78202964e-01 -6.45250300e-01  9.00000000e-01  9.00000000e-01 -6.18170872e-01  9.00000000e-01
      1.30000000       0.90000000  -1.62850265e-01 -6.12863642e-01 -6.71434629e-01 -6.39987821e-01  9.00000000e-01  9.00000000e-01 -6.12863642e-01  9.00000000e-01
      1.20000000       0.90000000  -1.86388396e-01 -6.07430574e-01 -6.64298117e-01 -6.34452338e-01  9.00000000e-01  9.00000000e-01 -6.07430574e-01  9.00000000e-01
      1.10000000       0.90000000  -2.10851659e-01 -6.01877821e-01 -6.56767226e-01 -6.28625473e-01  9.00000000e-01  9.00000000e-01 -6.01877821e-01  9.00000000e-01
      1.00000000       0.90000000  -2.36268414e-01 -5.96214648e-01 -6.48814297e-01 -6.22487993e-01  9.00000000e-01  9.00000000e-01 -5.96214648e-01  9.00000000e-01
      0.90000000       0.90000000  -2.62661050e-01 -5.90454256e-01 -6.40410432e-01 -6.16020007e-01  9.00000000e-01  9.00000000e-01 -5.90454256e-01  9.00000000e-01
      0.80000000       0.90000000  -2.90043307e-01 -5.84614789e-01 -6.31525851e-01 -6.09201263e-01  9.00000000e-01  9.00000000e-01 -5.84614789e-01  9.00000000e-01
      0.70000000       0.90000000  -3.18416856e-01 -5.78720547e-01 -6.22130455e-01 -6.02011594e-01  9.00000000e-01  9.00000000e-01 -5.78720547e-01  9.00000000e-01
      0.60000000       0.90000000  -3.47766999e-01 -5.72803418e-01 -6.12194636e-01 -5.94431529e-01  9.00000000e-01  9.00000000e-01 -5.72803418e-01  9.00000000e-01
      0.50000000       0.90000000  -3.78057424e-01 -5.66904529e-01 -6.01690405e-01 -5.86443112e-01  9.00000000e-01  9.00000000e-01 -5.66904529e-01  9.00000000e-01
      0.40000000       0.90000000  -4.09223991e-01 -5.61076079e-01 -5.90592900e-01 -5.78030950e-01  9.00000000e-01  9.00000000e-01 -5.61076079e-01  9.00000000e-01
      0.30000000       0.90000000  -4.41167726e-01 -5.55383249e-01 -5.78882310e-01 -5.69183467e-01  9.00000000e-01  9.00000000e-01 -5.55383249e-01  9.00000000e-01
      0.20000000       0.90000000  -4.73747456e-01 -5.49906016e-01 -5.66546186e-01 -5.59894326e-01  9.00000000e-01  9.00000000e-01 -5.49906016e-01  9.00000000e-01
      0.10000000       0.90000000  -5.06772961e-01 -5.44740585e-01 -5.53582048e-01 -5.50163821e-01  9.00000000e-01  9.00000000e-01 -5.44740585e-01  9.00000000e-01
      0.00000000       0.90000000  -0.00000000e+00 -0.00000000e+00 -0.00000000e+00 -0.00000000e+00  0.00000000e+00  0.00000000e+00 -0.00000000e+00  0.00000000e+00
      4.00000000       0.80000000  -8.00000000e-01 -8.00000000e-01 -8.00000000e-01 -8.00000000e-01  8.00000000e-01  8.00000000e-01 -8.00000000e-01  8.00000000e-01
      3.90000000       0.80000000   2.48339664e-01 -6.63557015e-01 -7.05235506e-01 -6.15990128e-01  8.00000000e-01  8.00000000e-01 -6.63557015e-01  8.00000000e-01
      3.80000000       0.80000000   2.38850067e-01 -6.60769297e-01 -7.02899823e-01 -6.14411651e-01  8.00000000e-01  8.00000000e-01 -6.60769297e-01  8.00000000e-01
      3.70000000       0.80000000   2.29089752e-01 -6.57909834e-01 -7.00484930e-01 -6.12785153e-01  8.00000000e-01  8.00000000e-01 -6.57909834e-01  8.00000000e-01
      3.60000000       0.80000000   2.19047181e-01 -6.54976028e-01 -6.97986870e-01 -6.11108255e-01  8.00000000e-01  8.00000000e-01 -6.54976028e-01  8.00000000e-01
      3.50000000       0.80000000   2.08710179e-01 -6.51965167e-01 -6.95401419e-01 -6.09378425e-01  8.00000000e-01  8.00000000e-01 -6.51965167e-01  8.00000000e-01
      3.40000000       0.80000000   1.98065890e-01 -6.48874425e-01 -6.92724065e-01 -6.07592975e-01  8.00000000e-01  8.00000000e-01 -6.48874425e-01  8.00000000e-01
      3.30000000       0.80000000   1.87100745e-01 -6.45700859e-01 -6.89949987e-01 -6.05749041e-01  8.00000000e-01  8.00000000e-01 -6.45700859e-01  8.00000000e-01
      3.20000000       0.80000000   1.75800413e-01 -6.42441405e-01 -6.87074029e-01 -6.03843575e-01  8.00000000e-01  8.00000000e-01 -6.42441405e-01  8.00000000e-01
      3.10000000       0.80000000   1.64149756e-01 -6.39092878e-01 -6.84090669e-01 -6.01873331e-01  8.00000000e-01  8.00000000e-01 -6.39092878e-01  8.00000000e-01
      3.00000000       0.80000000   1.52132792e-01 -6.35651974e-01 -6.80993993e-01 -5.99834850e-01  8.00000000e-01  8.00000000e-01 -6.35651974e-01  8.00000000e-01
      2.90000000       0.80000000   1.39732640e-01 -6.32115268e-01 -6.77777658e-01 -5.97724446e-01  8.00000000e-01  8.00000000e-01 -6.32115268e-01  8.00000000e-01
      2.80000000       0.80000000   1.26931481e-01 -6.28479218e-01 -6.74434857e-01 -5.95538187e-01  8.00000000e-01  8.00000000e-01 -6.28479218e-01  8.00000000e-01
      2.70000000       0.80000000   1.13710511e-01 -6.24740173e-01 -6.70958284e-01 -5.93271881e-01  8.00000000e-01  8.00000000e-01 -6.24740173e-01  8.00000000e-01
      2.60000000       0.80000000   1.00049903e-01 -6.20894379e-01 -6.67340087e-01 -5.90921059e-01  8.00000000e-01  8.00000000e-01 -6.20894379e-01  8.00000000e-01
      2.50000000       0.80000000   8.59287643e-02 -6.16937994e-01 -6.63571824e-01 -5.88480953e-01  8.00000000e-01  8.00000000e-01 -6.16937994e-01  8.00000000e-01
      2.40000000       0.80000000   7.13251128e-02 -6.12867106e-01 -6.59644417e-01 -5.85946483e-01  8.00000000e-01  8.00000000e-01 -6.12867106e-01  8.00000000e-01
      2.30000000       0.80000000   5.62158530e-02 -6.08677759e-01 -6.55548098e-01 -5.83312238e-01  8.00000000e-01  8.00000000e-01 -6.08677759e-01  8.00000000e-01
      2.20000000       0.80000000   4.05767726e-02 -6.04365981e-01 -6.51272355e-01 -5.80572456e-01  8.00000000e-01  8.00000000e-01 -6.04365981e-01  8.00000000e-01
      2.10000000       0.80000000   2.43825570e-02 -5.99927833e-01 -6.46805875e-01 -5.77721017e-01  8.00000000e-01  8.00000000e-01 -5.99927833e-01  8.00000000e-01
      2.00000000       0.80000000   7.60683162e-03 -5.95359462e-01 -6.42136487e-01 -5.74751421e-01  8.00000000e-01  8.00000000e-01 -5.95359462e-01  8.00000000e-01
      1.90000000       0.80000000  -9.77775834e-03 -5.90657173e-01 -6.37251104e-01 -5.71656792e-01  8.00000000e-01  8.00000000e-01 -5.90657173e-01  8.00000000e-01
      1.80000000       0.80000000  -2.77994197e-02 -5.85817524e-01 -6.32135661e-01 -5.68429870e-01  8.00000000e-01  8.00000000e-01 -5.85817524e-01  8.00000000e-01
      1.70000000       0.80000000  -4.64870175e-02 -5.80837441e-01 -6.26775072e-01 -5.65063028e-01  8.00000000e-01  8.00000000e-01 -5.80837441e-01  8.00000000e-01
      1.60000000       0.80000000  -6.58697958e-02 -5.75714369e-01 -6.21153176e-01 -5.61548291e-01  8.00000000e-01  8.00000000e-01 -5.75714369e-01  8.00000000e-01
      1.50000000       0.80000000  -8.59769869e-02 -5.70446461e-01 -6.15252712e-01 -5.57877380e-01  8.00000000e-01  8.00000000e-01 -5.70446461e-01  8.00000000e-01
      1.40000000       0.80000000  -1.06837277e-01 -5.65032813e-01 -6.09055313e-01 -5.54041784e-01  8.00000000e-01  8.00000000e-01 -5.65032813e-01  8.00000000e-01
      1.30000000       0.80000000  -1.28478088e-01 -5.59473764e-01 -6.02541521e-01 -5.50032863e-01  8.00000000e-01  8.00000000e-01 -5.59473764e-01  8.00000000e-01
      1.20000000       0.80000000  -1.50924617e-01 -5.53771263e-01 -5.95690861e-01 -5.45841996e-01  8.00000000e-01  8.00000000e-01 -5.53771263e-01  8.00000000e-01
      1.10000000       0.80000000  -1.74198587e-01 -5.47929327e-01 -5.88481969e-01 -5.41460791e-01  8.00000000e-01  8.00000000e-01 -5.47929327e-01  8.00000000e-01
      1.00000000       0.80000000  -1.98316620e-01 -5.41954601e-01 -5.80892810e-01 -5.36881368e-01  8.00000000e-01  8.00000000e-01 -5.41954601e-01  8.00000000e-01
      0.90000000       0.80000000  -2.23288158e-01 -5.35857042e-01 -5.72901007e-01 -5.32096750e-01  8.00000000e-01  8.00000000e-01 -5.35857042e-01  8.00000000e-01
      0.80000000       0.80000000  -2.49112843e-01 -5.29650740e-01 -5.64484323e-01 -5.27101355e-01  8.00000000e-01  8.00000000e-01 -5.29650740e-01  8.00000000e-01
      0.70000000       0.80000000  -2.75777264e-01 -5.23354878e-01 -5.55621331e-01 -5.21891649e-01  8.00000000e-01  8.00000000e-01 -5.23354878e-01  8.00000000e-01
      0.60000000       0.80000000  -3.03251028e-01 -5.16994848e-01 -5.46292322e-01 -5.16466954e-01  8.00000000e-01  8.00000000e-01 -5.16994848e-01  8.00000000e-01
      0.50000000       0.80000000  -3.31482123e-01 -5.10603483e-01 -5.36480480e-01 -5.10830430e-01  8.00000000e-01  8.00000000e-01 -5.10603483e-01  8.00000000e-01
      0.40000000       0.80000000  -3.60391695e-01 -5.04222357e-01 -5.26173363e-01 -5.04990228e-01  8.00000000e-01  8.00000000e-01 -5.04222357e-01  8.00000000e-01
      0.30000000       0.80000000  -3.89868488e-01 -4.97903046e-01 -5.15364665e-01 -4.98960754e-01  8.00000000e-01  8.00000000e-01 -4.97903046e-01  8.00000000e-01
      0.20000000       0.80000000  -4.19763498e-01 -4.91708168e-01 -5.04056212e-01 -4.92763953e-01  8.00000000e-01  8.00000000e-01 -4.91708168e-01  8.00000000e-01
      0.10000000       0.80000000  -4.49885683e-01 -4.85711954e-01 -4.92259999e-01 -4.86430410e-01  8.00000000e-01  8.00000000e-01 -4.85711954e-01  8.00000000e-01
      0.00000000       0.80000000  -0.00000000e+00 -0.00000000e+00 -0.00000000e+00 -0.00000000e+00  0.00000000e+00  0.00000000e+00 -0.00000000e+00  0.00000000e+00
      0.00000000       0.80000000  -0.00000000e+00 -0.00000000e+00 -0.00000000e+00 -0.00000000e+00  0.00000000e+00  0.00000000e+00 -0.00000000e+00  0.00000000e+00
      3.90000000       0.80000000  -8.00000000e-01 -8.00000000e-01 -8.00000000e-01 -8.00000000e-01  8.00000000e-01  8.00000000e-01 -8.00000000e-01  8.00000000e-01
      3.80000000       0.80000000   2.38850067e-01 -6.60769297e-01 -7.02899823e-01 -6.14411651e-01  8.00000000e-01  8.00000000e-01 -6.60769297e-01  8.00000000e-01
      3.70000000       0.80000000   2.29089752e-01 -6.57909834e-01 -7.00484930e-01 -6.12785153e-01  8.00000000e-01  8.00000000e-01 -6.57909834e-01  8.00000000e-01
      3.60000000       0.80000000   2.19047181e-01 -6.54976028e-01 -6.97986870e-01 -6.11108255e-01  8.00000000e-01  8.00000000e-01 -6.54976028e-01  8.00000000e-01
      3.50000000       0.80000000   2.08710178e-01 -6.51965167e-01 -6.95401419e-01 -6.09378425e-01  8.00000000e-01  8.00000000e-01 -6.51965167e-01  8.00000000e-01
      3.40000000       0.80000000   1.98065890e-01 -6.48874425e-01 -6.92724065e-01 -6.07592975e-01  8.00000000e-01  8.00000000e-01 -6.48874425e-01  8.00000000e-01
      3.30000000       0.80000000   1.87100745e-01 -6.45700859e-01 -6.89949987e-01 -6.05749041e-01  8.00000000e-01  8.00000000e-01 -6.45700859e-01  8.00000000e-01
      3.20000000       0.80000000   1.75800413e-01 -6.42441405e-01 -6.87074029e-01 -6.03843575e-01  8.00000000e-01  8.00000000e-01 -6.42441405e-01  8.00000000e-01
      3.10000000       0.80000000   1.64149756e-01 -6.39092878e-01 -6.84090669e-01 -6.01873331e-01  8.00000000e-01  8.00000000e-01 -6.39092878e-01  8.00000000e-01
      3.00000000       0.80000000   1.52132792e-01 -6.35651974e-01 -6.80993993e-01 -5.99834850e-01  8.00000000e-01  8.00000000e-01 -6.35651974e-01  8.00000000e-01
      2.90000000       0.80000000   1.39732640e-01 -6.32115268e-01 -6.77777658e-01 -5.97724446e-01  8.00000000e-01  8.00000000e-01 -6.32115268e-01  8.00000000e-01
      2.80000000       0.80000000   1.26931481e-01 -6.28479218e-01 -6.74434857e-01 -5.95538187e-01  8.00000000e-01  8.00000000e-01 -6.28479218e-01  8.00000000e-01
      2.70000000       0.80000000   1.13710511e-01 -6.24740173e-01 -6.70958284e-01 -5.93271881e-01  8.00000000e-01  8.00000000e-01 -6.24740173e-01  8.00000000e-01
      2.60000000       0.80000000   1.00049903e-01 -6.20894379e-01 -6.67340087e-01 -5.90921059e-01  8.00000000e-01  8.00000000e-01 -6.20894379e-01  8.00000000e-01
      2.50000000       0.80000000   8.59287643e-02 -6.16937994e-01 -6.63571824e-01 -5.88480953e-01  8.00000000e-01  8.00000000e-01 -6.16937994e-01  8.00000000e-01
      2.40000000       0.80000000   7.13251128e-02 -6.12867106e-01 -6.59644417e-01 -5.85946483e-01  8.00000000e-01  8.00000000e-01 -6.12867106e-01  8.00000000e-01
      2.30000000       0.80000000   5.62158531e-02 -6.08677759e-01 -6.55548098e-01 -5.83312238e-01  8.00000000e-01  8.00000000e-01 -6.08677759e-01  8.00000000e-01
      2.20000000       0.80000000   4.05767727e-02 -6.04365981e-01 -6.51272355e-01 -5.80572456e-01  8.00000000e-01  8.00000000e-01 -6.04365981e-01  8.00000000e-01
      2.10000000       0.80000000   2.43825571e-02 -5.99927833e-01 -6.46805875e-01 -5.77721017e-01  8.00000000e-01  8.00000000e-01 -5.99927833e-01  8.00000000e-01
      2.00000000       0.80000000   7.60683173e-03 -5.95359462e-01 -6.42136487e-01 -5.74751421e-01  8.00000000e-01  8.00000000e-01 -5.95359462e-01  8.00000000e-01
      1.90000000       0.80000000  -9.77775825e-03 -5.90657173e-01 -6.37251103e-01 -5.71656792e-01  8.00000000e-01  8.00000000e-01 -5.90657173e-01  8.00000000e-01
      1.80000000       0.80000000  -2.77994197e-02 -5.85817524e-01 -6.32135661e-01 -5.68429870e-01  8.00000000e-01  8.00000000e-01 -5.85817524e-01  8.00000000e-01
      1.70000000       0.80000000  -4.64870176e-02 -5.80837441e-01 -6.26775072e-01 -5.65063028e-01  8.00000000e-01  8.00000000e-01 -5.80837441e-01  8.00000000e-01
      1.60000000       0.80000000  -6.58697958e-02 -5.75714369e-01 -6.21153176e-01 -5.61548291e-01  8.00000000e-01  8.00000000e-01 -5.75714369e-01  8.00000000e-01
      1.50000000       0.80000000  -8.59769870e-02 -5.70446461e-01 -6.15252712e-01 -5.57877380e-01  8.00000000e-01  8.00000000e-01 -5.70446461e-01  8.00000000e-01
      1.40000000       0.80000000  -1.06837278e-01 -5.65032813e-01 -6.09055313e-01 -5.54041784e-01  8.00000000e-01  8.00000000e-01 -5.65032813e-01  8.00000000e-01
      1.30000000       0.80000000  -1.28478088e-01 -5.59473764e-01 -6.02541521e-01 -5.50032863e-01  8.00000000e-01  8.00000000e-01 -5.59473764e-01  8.00000000e-01
      1.20000000       0.80000000  -1.50924617e-01 -5.53771263e-01 -5.95690861e-01 -5.45841996e-01  8.00000000e-01  8.00000000e-01 -5.53771263e-01  8.00000000e-01
      1.10000000       0.80000000  -1.74198587e-01 -5.47929327e-01 -5.88481969e-01 -5.41460791e-01  8.00000000e-01  8.00000000e-01 -5.47929327e-01  8.00000000e-01
      1.00000000       0.80000000  -1.98316620e-01 -5.41954601e-01 -5.80892810e-01 -5.36881368e-01  8.00000000e-01  8.00000000e-01 -5.41954601e-01  8.00000000e-01
      0.90000000       0.80000000  -2.23288158e-01 -5.35857042e-01 -5.72901007e-01 -5.32096750e-01  8.00000000e-01  8.00000000e-01 -5.35857042e-01  8.00000000e-01
      0.80000000       0.80000000  -2.49112843e-01 -5.29650740e-01 -5.64484322e-01 -5.27101355e-01  8.00000000e-01  8.00000000e-01 -5.29650740e-01  8.00000000e-01
      0.70000000       0.80000000  -2.75777264e-01 -5.23354878e-01 -5.55621331e-01 -5.21891649e-01  8.00000000e-01  8.00000000e-01 -5.23354878e-01  8.00000000e-01
      0.60000000       0.80000000  -3.03251028e-01 -5.16994848e-01 -5.46292322e-01 -5.16466954e-01  8.00000000e-01  8.00000000e-01 -5.16994848e-01  8.00000000e-01
      0.50000000       0.80000000  -3.31482123e-01 -5.10603483e-01 -5.36480480e-01 -5.10830430e-01  8.00000000e-01  8.00000000e-01 -5.10603483e-01  8.00000000e-01
      0.40000000       0.80000000  -3.60391694e-01 -5.04222357e-01 -5.26173362e-01 -5.04990228e-01  8.00000000e-01  8.00000000e-01 -5.04222357e-01  8.00000000e-01
      0.30000000       0.80000000  -3.89868488e-01 -4.97903046e-01 -5.15364665e-01 -4.98960754e-01  8.00000000e-01  8.00000000e-01 -4.97903046e-01  8.00000000e-01
      0.20000000       0.80000000  -4.19763498e-01 -4.91708168e-01 -5.04056212e-01 -4.92763953e-01  8.00000000e-01  8.00000000e-01 -4.91708168e-01  8.00000000e-01
      0.10000000       0.80000000  -4.49885683e-01 -4.85711954e-01 -4.92259999e-01 -4.86430410e-01  8.00000000e-01  8.00000000e-01 -4.85711954e-01  8.00000000e-01
      0.00000000       0.80000000  -0.00000000e+00 -0.00000000e+00 -0.00000000e+00 -0.00000000e+00  0.00000000e+00  0.00000000e+00 -0.00000000e+00  0.00000000e+00
      4.00000000       0.60000000  -6.00000000e-01 -6.00000000e-01 -6.00000000e-01 -6.00000000e-01  6.00000000e-01  6.00000000e-01 -6.00000000e-01  6.00000000e-01
      3.90000000       0.60000000   2.54520218e-01 -5.41012008e-01 -5.52906048e-01 -4.19590153e-01  6.00000000e-01  6.00000000e-01 -5.41012008e-01  6.00000000e-01
      3.80000000       0.60000000   2.46611065e-01 -5.38630773e-01 -5.50931202e-01 -4.18418317e-01  6.00000000e-01  6.00000000e-01 -5.38630773e-01  6.00000000e-01
      3.70000000       0.60000000   2.38444872e-01 -5.36166565e-01 -5.48877085e-01 -4.17234657e-01  6.00000000e-01  6.00000000e-01 -5.36166565e-01  6.00000000e-01
      3.60000000       0.60000000   2.30011502e-01 -5.33616603e-01 -5.46740140e-01 -4.16038155e-01  6.00000000e-01  6.00000000e-01 -5.33616603e-01  6.00000000e-01
      3.50000000       0.60000000   2.21300327e-01 -5.30977994e-01 -5.44516596e-01 -4.14827743e-01  6.00000000e-01  6.00000000e-01 -5.30977994e-01  6.00000000e-01
      3.40000000       0.60000000   2.12300196e-01 -5.28247724e-01 -5.42202453e-01 -4.13602296e-01  6.00000000e-01  6.00000000e-01 -5.28247724e-01  6.00000000e-01
      3.30000000       0.60000000   2.02999417e-01 -5.25422655e-01 -5.39793467e-01 -4.12360639e-01  6.00000000e-01  6.00000000e-01 -5.25422655e-01  6.00000000e-01
      3.20000000       0.60000000   1.93385728e-01 -5.22499527e-01 -5.37285131e-01 -4.11101543e-01  6.00000000e-01  6.00000000e-01 -5.22499527e-01  6.00000000e-01
      3.10000000       0.60000000   1.83446279e-01 -5.19474949e-01 -5.34672656e-01 -4.09823725e-01  6.00000000e-01  6.00000000e-01 -5.19474949e-01  6.00000000e-01
      3.00000000       0.60000000   1.73167605e-01 -5.16345401e-01 -5.31950950e-01 -4.08525853e-01  6.00000000e-01  6.00000000e-01 -5.16345401e-01  6.00000000e-01
      2.90000000       0.60000000   1.62535613e-01 -5.13107233e-01 -5.29114599e-01 -4.07206547e-01  6.00000000e-01  6.00000000e-01 -5.13107233e-01  6.00000000e-01
      2.80000000       0.60000000   1.51535560e-01 -5.09756668e-01 -5.26157844e-01 -4.05864381e-01  6.00000000e-01  6.00000000e-01 -5.09756668e-01  6.00000000e-01
      2.70000000       0.60000000   1.40152048e-01 -5.06289801e-01 -5.23074555e-01 -4.04497892e-01  6.00000000e-01  6.00000000e-01 -5.06289801e-01  6.00000000e-01
      2.60000000       0.60000000   1.28369020e-01 -5.02702611e-01 -5.19858210e-01 -4.03105587e-01  6.00000000e-01  6.00000000e-01 -5.02702611e-01  6.00000000e-01
      2.50000000       0.60000000   1.16169762e-01 -4.98990968e-01 -5.16501873e-01 -4.01685954e-01  6.00000000e-01  6.00000000e-01 -4.98990968e-01  6.00000000e-01
      2.40000000       0.60000000   1.03536928e-01 -4.95150647e-01 -5.12998162e-01 -4.00237473e-01  6.00000000e-01  6.00000000e-01 -4.95150647e-01  6.00000000e-01
      2.30000000       0.60000000   9.04525700e-02 -4.91177348e-01 -5.09339233e-01 -3.98758642e-01  6.00000000e-01  6.00000000e-01 -4.91177348e-01  6.00000000e-01
      2.20000000       0.60000000   7.68981956e-02 -4.87066725e-01 -5.05516755e-01 -3.97247992e-01  6.00000000e-01  6.00000000e-01 -4.87066725e-01  6.00000000e-01
      2.10000000       0.60000000   6.28548517e-02 -4.82814417e-01 -5.01521889e-01 -3.95704129e-01  6.00000000e-01  6.00000000e-01 -4.82814417e-01  6.00000000e-01
      2.00000000       0.60000000   4.83032418e-02 -4.78416101e-01 -4.97345276e-01 -3.94125764e-01  6.00000000e-01  6.00000000e-01 -4.78416101e-01  6.00000000e-01
      1.90000000       0.60000000   3.32238901e-02 -4.73867543e-01 -4.92977029e-01 -3.92511774e-01  6.00000000e-01  6.00000000e-01 -4.73867543e-01  6.00000000e-01
      1.80000000       0.60000000   1.75973603e-02 -4.69164684e-01 -4.88406733e-01 -3.90861260e-01  6.00000000e-01  6.00000000e-01 -4.69164684e-01  6.00000000e-01
      1.70000000       0.60000000   1.40454718e-03 -4.64303728e-01 -4.83623457e-01 -3.89173634e-01  6.00000000e-01  6.00000000e-01 -4.64303728e-01  6.00000000e-01
      1.60000000       0.60000000  -1.53729423e-02 -4.59281272e-01 -4.78615795e-01 -3.87448719e-01  6.00000000e-01  6.00000000e-01 -4.59281272e-01  6.00000000e-01
      1.50000000       0.60000000  -3.27522943e-02 -4.54094454e-01 -4.73371913e-01 -3.85686885e-01  6.00000000e-01  6.00000000e-01 -4.54094454e-01  6.00000000e-01
      1.40000000       0.60000000  -5.07488564e-02 -4.48741144e-01 -4.67879650e-01 -3.83889206e-01  6.00000000e-01  6.00000000e-01 -4.48741144e-01  6.00000000e-01
      1.30000000       0.60000000  -6.93753331e-02 -4.43220181e-01 -4.62126641e-01 -3.82057663e-01  6.00000000e-01  6.00000000e-01 -4.43220181e-01  6.00000000e-01
      1.20000000       0.60000000  -8.86407726e-02 -4.37531659e-01 -4.56100515e-01 -3.80195394e-01  6.00000000e-01  6.00000000e-01 -4.37531659e-01  6.00000000e-01
      1.10000000       0.60000000  -1.08549307e-01 -4.31677275e-01 -4.49789148e-01 -3.78306995e-01  6.00000000e-01  6.00000000e-01 -4.31677275e-01  6.00000000e-01
      1.00000000       0.60000000  -1.29098597e-01 -4.25660750e-01 -4.43181012e-01 -3.76398891e-01  6.00000000e-01  6.00000000e-01 -4.25660750e-01  6.00000000e-01
      0.90000000       0.60000000  -1.50277955e-01 -4.19488320e-01 -4.36265635e-01 -3.74479769e-01  6.00000000e-01  6.00000000e-01 -4.19488320e-01  6.00000000e-01
      0.80000000       0.60000000  -1.72066091e-01 -4.13169315e-01 -4.29034185e-01 -3.72561094e-01  6.00000000e-01  6.00000000e-01 -4.13169315e-01  6.00000000e-01
      0.70000000       0.60000000  -1.94428508e-01 -4.06716796e-01 -4.21480204e-01 -3.70657695e-01  6.00000000e-01  6.00000000e-01 -4.06716796e-01  6.00000000e-01
      0.60000000       0.60000000  -2.17314548e-01 -4.00148268e-01 -4.13600507e-01 -3.68788410e-01  6.00000000e-01  6.00000000e-01 -4.00148268e-01  6.00000000e-01
      0.50000000       0.60000000  -2.40654224e-01 -3.93486393e-01 -4.05396234e-01 -3.66976755e-01  6.00000000e-01  6.00000000e-01 -3.93486393e-01  6.00000000e-01
      0.40000000       0.60000000  -2.64355025e-01 -3.86759677e-01 -3.96874044e-01 -3.65251576e-01  6.00000000e-01  6.00000000e-01 -3.86759677e-01  6.00000000e-01
      0.30000000       0.60000000  -2.88299046e-01 -3.80003006e-01 -3.88047372e-01 -3.63647569e-01  6.00000000e-01  6.00000000e-01 -3.80003006e-01  6.00000000e-01
      0.20000000       0.60000000  -3.12340987e-01 -3.73257908e-01 -3.78937636e-01 -3.62205560e-01  6.00000000e-01  6.00000000e-01 -3.73257908e-01  6.00000000e-01
      0.10000000       0.60000000  -3.36307681e-01 -3.66572368e-01 -3.69575225e-01 -3.60972358e-01  6.00000000e-01  6.00000000e-01 -3.66572368e-01  6.00000000e-01
      0.00000000       0.60000000  -0.00000000e+00 -0.00000000e+00 -0.00000000e+00 -0.00000000e+00  0.00000000e+00  0.00000000e+00 -0.00000000e+00  0.00000000e+00
      4.00000000       0.50000000  -5.00000000e-01 -5.00000000e-01 -5.00000000e-01 -5.00000000e-01  5.00000000e-01  5.00000000e-01 -5.00000000e-01  5.00000000e-01
      3.90000000       0.50000000   2.37936467e-01 -4.66676336e-01 -4.70733051e-01 -3.33850744e-01  5.00000000e-01  5.00000000e-01 -4.66676336e-01  5.00000000e-01
      3.80000000       0.50000000   2.31324773e-01 -4.64790997e-01 -4.69106326e-01 -3.32636453e-01  5.00000000e-01  5.00000000e-01 -4.64790997e-01  5.00000000e-01
      3.70000000       0.50000000   2.24468418e-01 -4.62818257e-01 -4.67400327e-01 -3.31431578e-01  5.00000000e-01  5.00000000e-01 -4.62818257e-01  5.00000000e-01
      3.60000000       0.50000000   2.17357602e-01 -4.60755028e-01 -4.65611581e-01 -3.30235965e-01  5.00000000e-01  5.00000000e-01 -4.60755028e-01  5.00000000e-01
      3.50000000       0.50000000   2.09982119e-01 -4.58598133e-01 -4.63736439e-01 -3.29049415e-01  5.00000000e-01  5.00000000e-01 -4.58598133e-01  5.00000000e-01
      3.40000000       0.50000000   2.02331346e-01 -4.56344295e-01 -4.61771064e-01 -3.27871690e-01  5.00000000e-01  5.00000000e-01 -4.56344295e-01  5.00000000e-01
      3.30000000       0.50000000   1.94394216e-01 -4.53990138e-01 -4.59711426e-01 -3.26702514e-01  5.00000000e-01  5.00000000e-01 -4.53990138e-01  5.00000000e-01
      3.20000000       0.50000000   1.86159215e-01 -4.51532179e-01 -4.57553278e-01 -3.25541578e-01  5.00000000e-01  5.00000000e-01 -4.51532179e-01  5.00000000e-01
      3.10000000       0.50000000   1.77614359e-01 -4.48966831e-01 -4.55292150e-01 -3.24388546e-01  5.00000000e-01  5.00000000e-01 -4.48966831e-01  5.00000000e-01
      3.00000000       0.50000000   1.68747186e-01 -4.46290397e-01 -4.52923330e-01 -3.23243062e-01  5.00000000e-01  5.00000000e-01 -4.46290397e-01  5.00000000e-01
      2.90000000       0.50000000   1.59544753e-01 -4.43499071e-01 -4.50441848e-01 -3.22104762e-01  5.00000000e-01  5.00000000e-01 -4.43499071e-01  5.00000000e-01
      2.80000000       0.50000000   1.49993627e-01 -4.40588941e-01 -4.47842467e-01 -3.20973278e-01  5.00000000e-01  5.00000000e-01 -4.40588941e-01  5.00000000e-01
      2.70000000       0.50000000   1.40079893e-01 -4.37555990e-01 -4.45119657e-01 -3.19848257e-01  5.00000000e-01  5.00000000e-01 -4.37555990e-01  5.00000000e-01
      2.60000000       0.50000000   1.29789167e-01 -4.34396102e-01 -4.42267590e-01 -3.18729373e-01  5.00000000e-01  5.00000000e-01 -4.34396102e-01  5.00000000e-01
      2.50000000       0.50000000   1.19106618e-01 -4.31105073e-01 -4.39280121e-01 -3.17616351e-01  5.00000000e-01  5.00000000e-01 -4.31105073e-01  5.00000000e-01
      2.40000000       0.50000000   1.08017006e-01 -4.27678625e-01 -4.36150773e-01 -3.16508982e-01  5.00000000e-01  5.00000000e-01 -4.27678625e-01  5.00000000e-01
      2.30000000       0.50000000   9.65047396e-02 -4.24112423e-01 -4.32872733e-01 -3.15407160e-01  5.00000000e-01  5.00000000e-01 -4.24112423e-01  5.00000000e-01
      2.20000000       0.50000000   8.45539544e-02 -4.20402103e-01 -4.29438838e-01 -3.14310910e-01  5.00000000e-01  5.00000000e-01 -4.20402103e-01  5.00000000e-01
      2.10000000       0.50000000   7.21486203e-02 -4.16543304e-01 -4.25841576e-01 -3.13220436e-01  5.00000000e-01  5.00000000e-01 -4.16543304e-01  5.00000000e-01
      2.00000000       0.50000000   5.92726867e-02 -4.12531714e-01 -4.22073092e-01 -3.12136167e-01  5.00000000e-01  5.00000000e-01 -4.12531714e-01  5.00000000e-01
      1.90000000       0.50000000   4.59102727e-02 -4.08363127e-01 -4.18125196e-01 -3.11058823e-01  5.00000000e-01  5.00000000e-01 -4.08363127e-01  5.00000000e-01
      1.80000000       0.50000000   3.20459139e-02 -4.04033515e-01 -4.13989394e-01 -3.09989489e-01  5.00000000e-01  5.00000000e-01 -4.04033515e-01  5.00000000e-01
      1.70000000       0.50000000   1.76648809e-02 -3.99539120e-01 -4.09656929e-01 -3.08929711e-01  5.00000000e-01  5.00000000e-01 -3.99539120e-01  5.00000000e-01
      1.60000000       0.50000000   2.75358371e-03 -3.94876571e-01 -4.05118838e-01 -3.07881604e-01  5.00000000e-01  5.00000000e-01 -3.94876571e-01  5.00000000e-01
      1.50000000       0.50000000  -1.26999167e-02 -3.90043023e-01 -4.00366049e-01 -3.06847989e-01  5.00000000e-01  5.00000000e-01 -3.90043023e-01  5.00000000e-01
      1.40000000       0.50000000  -2.87052676e-02 -3.85036336e-01 -3.95389500e-01 -3.05832560e-01  5.00000000e-01  5.00000000e-01 -3.85036336e-01  5.00000000e-01
      1.30000000       0.50000000  -4.52690287e-02 -3.79855293e-01 -3.90180311e-01 -3.04840075e-01  5.00000000e-01  5.00000000e-01 -3.79855293e-01  5.00000000e-01
      1.20000000       0.50000000  -6.23936919e-02 -3.74499855e-01 -3.84730005e-01 -3.03876593e-01  5.00000000e-01  5.00000000e-01 -3.74499855e-01  5.00000000e-01
      1.10000000       0.50000000  -8.00764894e-02 -3.68971482e-01 -3.79030801e-01 -3.02949746e-01  5.00000000e-01  5.00000000e-01 -3.68971482e-01  5.00000000e-01
      1.00000000       0.50000000  -9.83079599e-02 -3.63273500e-01 -3.73075981e-01 -3.02069058e-01  5.00000000e-01  5.00000000e-01 -3.63273500e-01  5.00000000e-01
      0.90000000       0.50000000  -1.17070256e-01 -3.57411537e-01 -3.66860364e-01 -3.01246306e-01  5.00000000e-01  5.00000000e-01 -3.57411537e-01  5.00000000e-01
      0.80000000       0.50000000  -1.36335183e-01 -3.51394009e-01 -3.60380876e-01 -3.00495922e-01  5.00000000e-01  5.00000000e-01 -3.51394009e-01  5.00000000e-01
      0.70000000       0.50000000  -1.56062000e-01 -3.45232667e-01 -3.53637247e-01 -2.99835419e-01  5.00000000e-01  5.00000000e-01 -3.45232667e-01  5.00000000e-01
      0.60000000       0.50000000  -1.76195040e-01 -3.38943165e-01 -3.46632814e-01 -2.99285816e-01  5.00000000e-01  5.00000000e-01 -3.38943165e-01  5.00000000e-01
      0.50000000       0.50000000  -1.96661286e-01 -3.32545627e-01 -3.39375427e-01 -2.98872031e-01  5.00000000e-01  5.00000000e-01 -3.32545627e-01  5.00000000e-01
      0.40000000       0.50000000  -2.17368141e-01 -3.26065143e-01 -3.31878417e-01 -2.98623156e-01  5.00000000e-01  5.00000000e-01 -3.26065143e-01  5.00000000e-01
      0.30000000       0.50000000  -2.38201701e-01 -3.19532110e-01 -3.24161532e-01 -2.98572547e-01  5.00000000e-01  5.00000000e-01 -3.19532110e-01  5.00000000e-01
      0.20000000       0.50000000  -2.59026030e-01 -3.12982311e-01 -3.16251744e-01 -2.98757604e-01  5.00000000e-01  5.00000000e-01 -3.12982311e-01  5.00000000e-01
      0.10000000       0.50000000  -2.79683954e-01 -3.06456592e-01 -3.08183755e-01 -2.99219106e-01  5.00000000e-01  5.00000000e-01 -3.06456592e-01  5.00000000e-01
      0.00000000       0.50000000  -0.00000000e+00 -0.00000000e+00 -0.00000000e+00 -0.00000000e+00  0.00000000e+00  0.00000000e+00 -0.00000000e+00  0.00000000e+00
      0.00000000       0.50000000  -0.00000000e+00 -0.00000000e+00 -0.00000000e+00 -0.00000000e+00  0.00000000e+00  0.00000000e+00 -0.00000000e+00  0.00000000e+00
      3.90000000       0.50000000  -5.00000000e-01 -5.00000000e-01 -5.00000000e-01 -5.00000000e-01  5.00000000e-01  5.00000000e-01 -5.00000000e-01  5.00000000e-01
      3.80000000       0.50000000   2.31324774e-01 -4.64790997e-01 -4.69106325e-01 -3.32636453e-01  5.00000000e-01  5.00000000e-01 -4.64790997e-01  5.00000000e-01
      3.70000000       0.50000000   2.24468418e-01 -4.62818256e-01 -4.67400327e-01 -3.31431578e-01  5.00000000e-01  5.00000000e-01 -4.62818256e-01  5.00000000e-01
      3.60000000       0.50000000   2.17357602e-01 -4.60755028e-01 -4.65611581e-01 -3.30235964e-01  5.00000000e-01  5.00000000e-01 -4.60755028e-01  5.00000000e-01
      3.50000000       0.50000000   2.09982119e-01 -4.58598133e-01 -4.63736439e-01 -3.29049415e-01  5.00000000e-01  5.00000000e-01 -4.58598133e-01  5.00000000e-01
      3.40000000       0.50000000   2.02331346e-01 -4.56344295e-01 -4.61771064e-01 -3.27871690e-01  5.00000000e-01  5.00000000e-01 -4.56344295e-01  5.00000000e-01
      3.30000000       0.50000000   1.94394216e-01 -4.53990138e-01 -4.59711426e-01 -3.26702514e-01  5.00000000e-01  5.00000000e-01 -4.53990138e-01  5.00000000e-01
      3.20000000       0.50000000   1.86159215e-01 -4.51532179e-01 -4.57553278e-01 -3.25541578e-01  5.00000000e-01  5.00000000e-01 -4.51532179e-01  5.00000000e-01
      3.10000000       0.50000000   1.77614359e-01 -4.48966831e-01 -4.55292150e-01 -3.24388546e-01  5.00000000e-01  5.00000000e-01 -4.48966831e-01  5.00000000e-01
      3.00000000       0.50000000   1.68747186e-01 -4.46290397e-01 -4.52923330e-01 -3.23243062e-01  5.00000000e-01  5.00000000e-01 -4.46290397e-01  5.00000000e-01
      2.90000000       0.50000000   1.59544753e-01 -4.43499071e-01 -4.50441848e-01 -3.22104761e-01  5.00000000e-01  5.00000000e-01 -4.43499071e-01  5.00000000e-01
      2.80000000       0.50000000   1.49993627e-01 -4.40588941e-01 -4.47842467e-01 -3.20973277e-01  5.00000000e-01  5.00000000e-01 -4.40588941e-01  5.00000000e-01
      2.70000000       0.50000000   1.40079893e-01 -4.37555990e-01 -4.45119657e-01 -3.19848256e-01  5.00000000e-01  5.00000000e-01 -4.37555990e-01  5.00000000e-01
      2.60000000       0.50000000   1.29789167e-01 -4.34396101e-01 -4.42267590e-01 -3.18729373e-01  5.00000000e-01  5.00000000e-01 -4.34396101e-01  5.00000000e-01
      2.50000000       0.50000000   1.19106618e-01 -4.31105073e-01 -4.39280121e-01 -3.17616351e-01  5.00000000e-01  5.00000000e-01 -4.31105073e-01  5.00000000e-01
      2.40000000       0.50000000   1.08017006e-01 -4.27678625e-01 -4.36150773e-01 -3.16508982e-01  5.00000000e-01  5.00000000e-01 -4.27678625e-01  5.00000000e-01
      2.30000000       0.50000000   9.65047396e-02 -4.24112423e-01 -4.32872733e-01 -3.15407160e-01  5.00000000e-01  5.00000000e-01 -4.24112423e-01  5.00000000e-01
      2.20000000       0.50000000   8.45539544e-02 -4.20402103e-01 -4.29438838e-01 -3.14310910e-01  5.00000000e-01  5.00000000e-01 -4.20402103e-01  5.00000000e-01
      2.10000000       0.50000000   7.21486202e-02 -4.16543304e-01 -4.25841576e-01 -3.13220436e-01  5.00000000e-01  5.00000000e-01 -4.16543304e-01  5.00000000e-01
      2.00000000       0.50000000   5.92726865e-02 -4.12531714e-01 -4.22073092e-01 -3.12136167e-01  5.00000000e-01  5.00000000e-01 -4.12531714e-01  5.00000000e-01
      1.90000000       0.50000000   4.59102728e-02 -4.08363127e-01 -4.18125196e-01 -3.11058823e-01  5.00000000e-01  5.00000000e-01 -4.08363127e-01  5.00000000e-01
      1.80000000       0.50000000   3.20459141e-02 -4.04033515e-01 -4.13989394e-01 -3.09989489e-01  5.00000000e-01  5.00000000e-01 -4.04033515e-01  5.00000000e-01
      1.70000000       0.50000000   1.76648811e-02 -3.99539120e-01 -4.09656929e-01 -3.08929711e-01  5.00000000e-01  5.00000000e-01 -3.99539120e-01  5.00000000e-01
      1.60000000       0.50000000   2.75358388e-03 -3.94876571e-01 -4.05118838e-01 -3.07881604e-01  5.00000000e-01  5.00000000e-01 -3.94876571e-01  5.00000000e-01
      1.50000000       0.50000000  -1.26999165e-02 -3.90043023e-01 -4.00366049e-01 -3.06847989e-01  5.00000000e-01  5.00000000e-01 -3.90043023e-01  5.00000000e-01
      1.40000000       0.50000000  -2.87052675e-02 -3.85036336e-01 -3.95389500e-01 -3.05832559e-01  5.00000000e-01  5.00000000e-01 -3.85036336e-01  5.00000000e-01
      1.30000000       0.50000000  -4.52690285e-02 -3.79855293e-01 -3.90180311e-01 -3.04840074e-01  5.00000000e-01  5.00000000e-01 -3.79855293e-01  5.00000000e-01
      1.20000000       0.50000000  -6.23936918e-02 -3.74499855e-01 -3.84730005e-01 -3.03876593e-01  5.00000000e-01  5.00000000e-01 -3.74499855e-01  5.00000000e-01
      1.10000000       0.50000000  -8.00764892e-02 -3.68971482e-01 -3.79030801e-01 -3.02949746e-01  5.00000000e-01  5.00000000e-01 -3.68971482e-01  5.00000000e-01
      1.00000000       0.50000000  -9.83079598e-02 -3.63273500e-01 -3.73075981e-01 -3.02069058e-01  5.00000000e-01  5.00000000e-01 -3.63273500e-01  5.00000000e-01
      0.90000000       0.50000000  -1.17070256e-01 -3.57411537e-01 -3.66860363e-01 -3.01246306e-01  5.00000000e-01  5.00000000e-01 -3.57411537e-01  5.00000000e-01
      0.80000000       0.50000000  -1.36335183e-01 -3.51394009e-01 -3.60380876e-01 -3.00495922e-01  5.00000000e-01  5.00000000e-01 -3.51394009e-01  5.00000000e-01
      0.70000000       0.50000000  -1.56062000e-01 -3.45232667e-01 -3.53637247e-01 -2.99835418e-01  5.00000000e-01  5.00000000e-01 -3.45232667e-01  5.00000000e-01
      0.60000000       0.50000000  -1.76195040e-01 -3.38943165e-01 -3.46632813e-01 -2.99285816e-01  5.00000000e-01  5.00000000e-01 -3.38943165e-01  5.00000000e-01
      0.50000000       0.50000000  -1.96661286e-01 -3.32545627e-01 -3.39375427e-01 -2.98872031e-01  5.00000000e-01  5.00000000e-01 -3.32545627e-01  5.00000000e-01
      0.40000000       0.50000000  -2.17368141e-01 -3.26065143e-01 -3.31878417e-01 -2.98623156e-01  5.00000000e-01  5.00000000e-01 -3.26065143e-01  5.00000000e-01
      0.30000000       0.50000000  -2.38201701e-01 -3.19532109e-01 -3.24161532e-01 -2.98572547e-01  5.00000000e-01  5.00000000e-01 -3.19532109e-01  5.00000000e-01
      0.20000000       0.50000000  -2.59026029e-01 -3.12982311e-01 -3.16251744e-01 -2.98757603e-01  5.00000000e-01  5.00000000e-01 -3.12982311e-01  5.00000000e-01
      0.10000000       0.50000000  -2.79683954e-01 -3.06456592e-01 -3.08183755e-01 -2.99219106e-01  5.00000000e-01  5.00000000e-01 -3.06456592e-01  5.00000000e-01
      0.00000000       0.50000000  -0.00000000e+00 -0.00000000e+00 -0.00000000e+00 -0.00000000e+00  0.00000000e+00  0.00000000e+00 -0.00000000e+00  0.00000000e+00
      4.00000000       0.30000000  -3.00000000e-01 -3.00000000e-01 -3.00000000e-01 -3.00000000e-01  3.00000000e-01  3.00000000e-01 -3.00000000e-01  3.00000000e-01
      3.90000000       0.30000000  -3.00000000e-01 -3.00000000e-01 -3.00000000e-01 -3.00000000e-01  3.00000000e-01  3.00000000e-01 -3.00000000e-01  3.00000000e-01
      3.80000000       0.30000000   1.65382165e-01 -2.92494136e-01 -2.91659253e-01 -1.88734641e-01  3.00000000e-01  3.00000000e-01 -2.92494136e-01  3.00000000e-01
      3.70000000       0.30000000   1.61574583e-01 -2.91729700e-01 -2.90875085e-01 -1.87240097e-01  3.00000000e-01  3.00000000e-01 -2.91729700e-01  3.00000000e-01
      3.60000000       0.30000000   1.57590331e-01 -2.90896988e-01 -2.90025640e-01 -1.85770714e-01  3.00000000e-01  3.00000000e-01 -2.90896988e-01  3.00000000e-01
      3.50000000       0.30000000   1.53419140e-01 -2.89991323e-01 -2.89106679e-01 -1.84329813e-01  3.00000000e-01  3.00000000e-01 -2.89991323e-01  3.00000000e-01
      3.40000000       0.30000000   1.49050336e-01 -2.89007888e-01 -2.88113826e-01 -1.82920733e-01  3.00000000e-01  3.00000000e-01 -2.89007888e-01  3.00000000e-01
      3.30000000       0.30000000   1.44472851e-01 -2.87941736e-01 -2.87042576e-01 -1.81546802e-01  3.00000000e-01  3.00000000e-01 -2.87941736e-01  3.00000000e-01
      3.20000000       0.30000000   1.39675242e-01 -2.86787806e-01 -2.85888303e-01 -1.80211326e-01  3.00000000e-01  3.00000000e-01 -2.86787806e-01  3.00000000e-01
      3.10000000       0.30000000   1.34645714e-01 -2.85540940e-01 -2.84646265e-01 -1.78917568e-01  3.00000000e-01  3.00000000e-01 -2.85540940e-01  3.00000000e-01
      3.00000000       0.30000000   1.29372151e-01 -2.84195899e-01 -2.83311616e-01 -1.77668735e-01  3.00000000e-01  3.00000000e-01 -2.84195899e-01  3.00000000e-01
      2.90000000       0.30000000   1.23842142e-01 -2.82747382e-01 -2.81879411e-01 -1.76467966e-01  3.00000000e-01  3.00000000e-01 -2.82747382e-01  3.00000000e-01
      2.80000000       0.30000000   1.18043028e-01 -2.81190042e-01 -2.80344617e-01 -1.75318326e-01  3.00000000e-01  3.00000000e-01 -2.81190042e-01  3.00000000e-01
      2.70000000       0.30000000   1.11961943e-01 -2.79518509e-01 -2.78702119e-01 -1.74222805e-01  3.00000000e-01  3.00000000e-01 -2.79518509e-01  3.00000000e-01
      2.60000000       0.30000000   1.05585875e-01 -2.77727412e-01 -2.76946735e-01 -1.73184316e-01  3.00000000e-01  3.00000000e-01 -2.77727412e-01  3.00000000e-01
      2.50000000       0.30000000   9.89017328e-02 -2.75811399e-01 -2.75073225e-01 -1.72205708e-01  3.00000000e-01  3.00000000e-01 -2.75811399e-01  3.00000000e-01
      2.40000000       0.30000000   9.18964276e-02 -2.73765171e-01 -2.73076304e-01 -1.71289780e-01  3.00000000e-01  3.00000000e-01 -2.73765171e-01  3.00000000e-01
      2.30000000       0.30000000   8.45569757e-02 -2.71583506e-01 -2.70950663e-01 -1.70439300e-01  3.00000000e-01  3.00000000e-01 -2.71583506e-01  3.00000000e-01
      2.20000000       0.30000000   7.68706194e-02 -2.69261296e-01 -2.68690986e-01 -1.69657041e-01  3.00000000e-01  3.00000000e-01 -2.69261296e-01  3.00000000e-01
      2.10000000       0.30000000   6.88249768e-02 -2.66793592e-01 -2.66291981e-01 -1.68945810e-01  3.00000000e-01  3.00000000e-01 -2.66793592e-01  3.00000000e-01
      2.00000000       0.30000000   6.04082245e-02 -2.64175653e-01 -2.63748413e-01 -1.68308505e-01  3.00000000e-01  3.00000000e-01 -2.64175653e-01  3.00000000e-01
      1.90000000       0.30000000   5.16093198e-02 -2.61403003e-01 -2.61055151e-01 -1.67748161e-01  3.00000000e-01  3.00000000e-01 -2.61403003e-01  3.00000000e-01
      1.80000000       0.30000000   4.24182724e-02 -2.58471510e-01 -2.58207226e-01 -1.67268026e-01  3.00000000e-01  3.00000000e-01 -2.58471510e-01  3.00000000e-01
      1.70000000       0.30000000   3.28264740e-02 -2.55377467e-01 -2.55199907e-01 -1.66871632e-01  3.00000000e-01  3.00000000e-01 -2.55377467e-01  3.00000000e-01
      1.60000000       0.30000000   2.28270977e-02 -2.52117707e-01 -2.52028791e-01 -1.66562891e-01  3.00000000e-01  3.00000000e-01 -2.52117707e-01  3.00000000e-01
      1.50000000       0.30000000   1.24155783e-02 -2.48689728e-01 -2.48689928e-01 -1.66346192e-01  3.00000000e-01  3.00000000e-01 -2.48689728e-01  3.00000000e-01
      1.40000000       0.30000000   1.59018767e-03 -2.45091847e-01 -2.45179967e-01 -1.66226525e-01  3.00000000e-01  3.00000000e-01 -2.45091847e-01  3.00000000e-01
      1.30000000       0.30000000  -9.64728413e-03 -2.41323387e-01 -2.41496341e-01 -1.66209600e-01  3.00000000e-01  3.00000000e-01 -2.41323387e-01  3.00000000e-01
      1.20000000       0.30000000  -2.12907290e-02 -2.37384892e-01 -2.37637490e-01 -1.66301996e-01  3.00000000e-01  3.00000000e-01 -2.37384892e-01  3.00000000e-01
      1.10000000       0.30000000  -3.33287967e-02 -2.33278380e-01 -2.33603139e-01 -1.66511304e-01  3.00000000e-01  3.00000000e-01 -2.33278380e-01  3.00000000e-01
      1.00000000       0.30000000  -4.57438457e-02 -2.29007630e-01 -2.29394612e-01 -1.66846282e-01  3.00000000e-01  3.00000000e-01 -2.29007630e-01  3.00000000e-01
      0.90000000       0.30000000  -5.85107813e-02 -2.24578504e-01 -2.25015214e-01 -1.67316996e-01  3.00000000e-01  3.00000000e-01 -2.24578504e-01  3.00000000e-01
      0.80000000       0.30000000  -7.15958118e-02 -2.19999293e-01 -2.20470651e-01 -1.67934950e-01  3.00000000e-01  3.00000000e-01 -2.19999293e-01  3.00000000e-01
      0.70000000       0.30000000  -8.49551818e-02 -2.15281076e-01 -2.15769502e-01 -1.68713163e-01  3.00000000e-01  3.00000000e-01 -2.15281076e-01  3.00000000e-01
      0.60000000       0.30000000  -9.85339757e-02 -2.10438072e-01 -2.10923697e-01 -1.69666182e-01  3.00000000e-01  3.00000000e-01 -2.10438072e-01  3.00000000e-01
      0.50000000       0.30000000  -1.12265134e-01 -2.05487938e-01 -2.05949002e-01 -1.70809987e-01  3.00000000e-01  3.00000000e-01 -2.05487938e-01  3.00000000e-01
      0.40000000       0.30000000  -1.26068874e-01 -2.00451981e-01 -2.00865424e-01 -1.72161739e-01  3.00000000e-01  3.00000000e-01 -2.00451981e-01  3.00000000e-01
      0.30000000       0.30000000  -1.39852754e-01 -1.95355211e-01 -1.95697498e-01 -1.73739324e-01  3.00000000e-01  3.00000000e-01 -1.95355211e-01  3.00000000e-01
      0.20000000       0.30000000  -1.53512661e-01 -1.90226171e-01 -1.90474350e-01 -1.75560646e-01  3.00000000e-01  3.00000000e-01 -1.90226171e-01  3.00000000e-01
      0.10000000       0.30000000  -1.66934959e-01 -1.85096475e-01 -1.85229453e-01 -1.77642638e-01  3.00000000e-01  3.00000000e-01 -1.85096475e-01  3.00000000e-01
      0.00000000       0.30000000  -0.00000000e+00 -0.00000000e+00 -0.00000000e+00 -0.00000000e+00  0.00000000e+00  0.00000000e+00 -0.00000000e+00  0.00000000e+00
      4.00000000       0.20000000  -2.00000000e-01 -2.00000000e-01 -2.00000000e-01 -2.00000000e-01  2.00000000e-01  2.00000000e-01 -2.00000000e-01  2.00000000e-01
      3.90000000       0.20000000  -2.00000000e-01 -2.00000000e-01 -2.00000000e-01 -2.00000000e-01  2.00000000e-01  2.00000000e-01 -2.00000000e-01  2.00000000e-01
      3.80000000       0.20000000  -2.00000000e-01 -2.00000000e-01 -2.00000000e-01 -2.00000000e-01  2.00000000e-01  2.00000000e-01 -2.00000000e-01  2.00000000e-01
      3.70000000       0.20000000  -2.00000000e-01 -2.00000000e-01 -2.00000000e-01 -2.00000000e-01  2.00000000e-01  2.00000000e-01 -2.00000000e-01  2.00000000e-01
      3.60000000       0.20000000   1.14133846e-01 -1.96749252e-01 -1.95965268e-01 -1.24670076e-01  2.00000000e-01  2.00000000e-01 -1.96749252e-01  2.00000000e-01
      3.50000000       0.20000000   1.11463662e-01 -1.96335732e-01 -1.95495921e-01 -1.23296276e-01  2.00000000e-01  2.00000000e-01 -1.96335732e-01  2.00000000e-01
      3.40000000       0.20000000   1.08664114e-01 -1.95874233e-01 -1.94976787e-01 -1.21938861e-01  2.00000000e-01  2.00000000e-01 -1.95874233e-01  2.00000000e-01
      3.30000000       0.20000000   1.05726036e-01 -1.95360144e-01 -1.94403540e-01 -1.20602207e-01  2.00000000e-01  2.00000000e-01 -1.95360144e-01  2.00000000e-01
      3.20000000       0.20000000   1.02639726e-01 -1.94788592e-01 -1.93771653e-01 -1.19290888e-01  2.00000000e-01  2.00000000e-01 -1.94788592e-01  2.00000000e-01
      3.10000000       0.20000000   9.93949634e-02 -1.94154454e-01 -1.93076408e-01 -1.18009646e-01  2.00000000e-01  2.00000000e-01 -1.94154454e-01  2.00000000e-01
      3.00000000       0.20000000   9.59810411e-02 -1.93452379e-01 -1.92312920e-01 -1.16763363e-01  2.00000000e-01  2.00000000e-01 -1.93452379e-01  2.00000000e-01
      2.90000000       0.20000000   9.23867989e-02 -1.92676811e-01 -1.91476162e-01 -1.15557015e-01  2.00000000e-01  2.00000000e-01 -1.92676811e-01  2.00000000e-01
      2.80000000       0.20000000   8.86006761e-02 -1.91822022e-01 -1.90560995e-01 -1.14395636e-01  2.00000000e-01  2.00000000e-01 -1.91822022e-01  2.00000000e-01
      2.70000000       0.20000000   8.46107748e-02 -1.90882147e-01 -1.89562198e-01 -1.13284281e-01  2.00000000e-01  2.00000000e-01 -1.90882147e-01  2.00000000e-01
      2.60000000       0.20000000   8.04049387e-02 -1.89851224e-01 -1.88474507e-01 -1.12227984e-01  2.00000000e-01  2.00000000e-01 -1.89851224e-01  2.00000000e-01
      2.50000000       0.20000000   7.59708471e-02 -1.88723238e-01 -1.87292648e-01 -1.11231721e-01  2.00000000e-01  2.00000000e-01 -1.88723238e-01  2.00000000e-01
      2.40000000       0.20000000   7.12961277e-02 -1.87492177e-01 -1.86011387e-01 -1.10300385e-01  2.00000000e-01  2.00000000e-01 -1.87492177e-01  2.00000000e-01
      2.30000000       0.20000000   6.63684881e-02 -1.86152080e-01 -1.84625568e-01 -1.09438760e-01  2.00000000e-01  2.00000000e-01 -1.86152080e-01  2.00000000e-01
      2.20000000       0.20000000   6.11758701e-02 -1.84697100e-01 -1.83130167e-01 -1.08651503e-01  2.00000000e-01  2.00000000e-01 -1.84697100e-01  2.00000000e-01
      2.10000000       0.20000000   5.57066302e-02 -1.83121571e-01 -1.81520341e-01 -1.07943146e-01  2.00000000e-01  2.00000000e-01 -1.83121571e-01  2.00000000e-01
      2.00000000       0.20000000   4.99497481e-02 -1.81420079e-01 -1.79791489e-01 -1.07318099e-01  2.00000000e-01  2.00000000e-01 -1.81420079e-01  2.00000000e-01
      1.90000000       0.20000000   4.38950707e-02 -1.79587542e-01 -1.77939316e-01 -1.06780669e-01  2.00000000e-01  2.00000000e-01 -1.79587542e-01  2.00000000e-01
      1.80000000       0.20000000   3.75335955e-02 -1.77619297e-01 -1.75959907e-01 -1.06335093e-01  2.00000000e-01  2.00000000e-01 -1.77619297e-01  2.00000000e-01
      1.70000000       0.20000000   3.08577991e-02 -1.75511202e-01 -1.73849812e-01 -1.05985582e-01  2.00000000e-01  2.00000000e-01 -1.75511202e-01  2.00000000e-01
      1.60000000       0.20000000   2.38620199e-02 -1.73259750e-01 -1.71606143e-01 -1.05736376e-01  2.00000000e-01  2.00000000e-01 -1.73259750e-01  2.00000000e-01
      1.50000000       0.20000000   1.65429003e-02 -1.70862195e-01 -1.69226692e-01 -1.05591817e-01  2.00000000e-01  2.00000000e-01 -1.70862195e-01  2.00000000e-01
      1.40000000       0.20000000   8.89989507e-03 -1.68316702e-01 -1.66710068e-01 -1.05556422e-01  2.00000000e-01  2.00000000e-01 -1.68316702e-01  2.00000000e-01
      1.30000000       0.20000000   9.35852276e-04 -1.65622515e-01 -1.64055849e-01 -1.05634973e-01  2.00000000e-01  2.00000000e-01 -1.65622515e-01  2.00000000e-01
      1.20000000       0.20000000  -7.34233126e-03 -1.62780143e-01 -1.61264778e-01 -1.05832603e-01  2.00000000e-01  2.00000000e-01 -1.62780143e-01  2.00000000e-01
      1.10000000       0.20000000  -1.59229831e-02 -1.59791579e-01 -1.58338967e-01 -1.06154890e-01  2.00000000e-01  2.00000000e-01 -1.59791579e-01  2.00000000e-01
      1.00000000       0.20000000  -2.47888671e-02 -1.56660527e-01 -1.55282147e-01 -1.06607931e-01  2.00000000e-01  2.00000000e-01 -1.56660527e-01  2.00000000e-01
      0.90000000       0.20000000  -3.39163560e-02 -1.53392654e-01 -1.52099926e-01 -1.07198408e-01  2.00000000e-01  2.00000000e-01 -1.53392654e-01  2.00000000e-01
      0.80000000       0.20000000  -4.32746052e-02 -1.49995847e-01 -1.48800085e-01 -1.07933614e-01  2.00000000e-01  2.00000000e-01 -1.49995847e-01  2.00000000e-01
      0.70000000       0.20000000  -5.28247875e-02 -1.46480460e-01 -1.45392857e-01 -1.08821434e-01  2.00000000e-01  2.00000000e-01 -1.46480460e-01  2.00000000e-01
      0.60000000       0.20000000  -6.25194767e-02 -1.42859532e-01 -1.41891206e-01 -1.09870252e-01  2.00000000e-01  2.00000000e-01 -1.42859532e-01  2.00000000e-01
      0.50000000       0.20000000  -7.23022981e-02 -1.39148947e-01 -1.38311048e-01 -1.11088758e-01  2.00000000e-01  2.00000000e-01 -1.39148947e-01  2.00000000e-01
      0.40000000       0.20000000  -8.21079898e-02 -1.35367493e-01 -1.34671390e-01 -1.12485634e-01  2.00000000e-01  2.00000000e-01 -1.35367493e-01  2.00000000e-01
      0.30000000       0.20000000  -9.18630375e-02 -1.31536772e-01 -1.30994322e-01 -1.14069095e-01  2.00000000e-01  2.00000000e-01 -1.31536772e-01  2.00000000e-01
      0.20000000       0.20000000  -1.01487040e-01 -1.27680936e-01 -1.27304822e-01 -1.15846264e-01  2.00000000e-01  2.00000000e-01 -1.27680936e-01  2.00000000e-01
      0.10000000       0.20000000  -1.10894919e-01 -1.23826179e-01 -1.23630323e-01 -1.17822398e-01  2.00000000e-01  2.00000000e-01 -1.23826179e-01  2.00000000e-01
      0.00000000       0.20000000  -0.00000000e+00 -0.00000000e+00 -0.00000000e+00 -0.00000000e+00  0.00000000e+00  0.00000000e+00 -0.00000000e+00  0.00000000e+00
      0.00000000       0.20000000  -0.00000000e+00 -0.00000000e+00 -0.00000000e+00 -0.00000000e+00  0.00000000e+00  0.00000000e+00 -0.00000000e+00  0.00000000e+00
      3.90000000       0.20000000  -2.00000000e-01 -2.00000000e-01 -2.00000000e-01 -2.00000000e-01  2.00000000e-01  2.00000000e-01 -2.00000000e-01  2.00000000e-01
      3.80000000       0.20000000  -2.00000000e-01 -2.00000000e-01 -2.00000000e-01 -2.00000000e-01  2.00000000e-01  2.00000000e-01 -2.00000000e-01  2.00000000e-01
      3.70000000       0.20000000  -2.00000000e-01 -2.00000000e-01 -2.00000000e-01 -2.00000000e-01  2.00000000e-01  2.00000000e-01 -2.00000000e-01  2.00000000e-01
      3.60000000       0.20000000  -2.00000000e-01 -2.00000000e-01 -2.00000000e-01 -2.00000000e-01  2.00000000e-01  2.00000000e-01 -2.00000000e-01  2.00000000e-01
      3.50000000       0.20000000   1.11463661e-01 -1.96335732e-01 -1.95495921e-01 -1.23296277e-01  2.00000000e-01  2.00000000e-01 -1.96335732e-01  2.00000000e-01
      3.40000000       0.20000000   1.08664114e-01 -1.95874233e-01 -1.94976787e-01 -1.21938861e-01  2.00000000e-01  2.00000000e-01 -1.95874233e-01  2.00000000e-01
      3.30000000       0.20000000   1.05726036e-01 -1.95360144e-01 -1.94403540e-01 -1.20602207e-01  2.00000000e-01  2.00000000e-01 -1.95360144e-01  2.00000000e-01
      3.20000000       0.20000000   1.02639726e-01 -1.94788592e-01 -1.93771653e-01 -1.19290888e-01  2.00000000e-01  2.00000000e-01 -1.94788592e-01  2.00000000e-01
      3.10000000       0.20000000   9.93949634e-02 -1.94154454e-01 -1.93076408e-01 -1.18009646e-01  2.00000000e-01  2.00000000e-01 -1.94154454e-01  2.00000000e-01
      3.00000000       0.20000000   9.59810411e-02 -1.93452379e-01 -1.92312920e-01 -1.16763363e-01  2.00000000e-01  2.00000000e-01 -1.93452379e-01  2.00000000e-01
      2.90000000       0.20000000   9.23867989e-02 -1.92676811e-01 -1.91476162e-01 -1.15557015e-01  2.00000000e-01  2.00000000e-01 -1.92676811e-01  2.00000000e-01
      2.80000000       0.20000000   8.86006761e-02 -1.91822022e-01 -1.90560995e-01 -1.14395636e-01  2.00000000e-01  2.00000000e-01 -1.91822022e-01  2.00000000e-01
      2.70000000       0.20000000   8.46107748e-02 -1.90882147e-01 -1.89562198e-01 -1.13284281e-01  2.00000000e-01  2.00000000e-01 -1.90882147e-01  2.00000000e-01
      2.60000000       0.20000000   8.04049387e-02 -1.89851224e-01 -1.88474507e-01 -1.12227984e-01  2.00000000e-01  2.00000000e-01 -1.89851224e-01  2.00000000e-01
      2.50000000       0.20000000   7.59708471e-02 -1.88723238e-01 -1.87292648e-01 -1.11231721e-01  2.00000000e-01  2.00000000e-01 -1.88723238e-01  2.00000000e-01
      2.40000000       0.20000000   7.12961277e-02 -1.87492177e-01 -1.86011387e-01 -1.10300385e-01  2.00000000e-01  2.00000000e-01 -1.87492177e-01  2.00000000e-01
      2.30000000       0.20000000   6.63684881e-02 -1.86152080e-01 -1.84625568e-01 -1.09438760e-01  2.00000000e-01  2.00000000e-01 -1.86152080e-01  2.00000000e-01
      2.20000000       0.20000000   6.11758701e-02 -1.84697100e-01 -1.83130167e-01 -1.08651503e-01  2.00000000e-01  2.00000000e-01 -1.84697100e-01  2.00000000e-01
      2.10000000       0.20000000   5.57066302e-02 -1.83121571e-01 -1.81520341e-01 -1.07943146e-01  2.00000000e-01  2.00000000e-01 -1.83121571e-01  2.00000000e-01
      2.00000000       0.20000000   4.99497481e-02 -1.81420079e-01 -1.79791489e-01 -1.07318099e-01  2.00000000e-01  2.00000000e-01 -1.81420079e-01  2.00000000e-01
      1.90000000       0.20000000   4.38950707e-02 -1.79587542e-01 -1.77939316e-01 -1.06780669e-01  2.00000000e-01  2.00000000e-01 -1.79587542e-01  2.00000000e-01
      1.80000000       0.20000000   3.75335955e-02 -1.77619297e-01 -1.75959907e-01 -1.06335093e-01  2.00000000e-01  2.00000000e-01 -1.77619297e-01  2.00000000e-01
      1.70000000       0.20000000   3.08577991e-02 -1.75511202e-01 -1.73849812e-01 -1.05985582e-01  2.00000000e-01  2.00000000e-01 -1.75511202e-01  2.00000000e-01
      1.60000000       0.20000000   2.38620199e-02 -1.73259750e-01 -1.71606143e-01 -1.05736376e-01  2.00000000e-01  2.00000000e-01 -1.73259750e-01  2.00000000e-01
      1.50000000       0.20000000   1.65429003e-02 -1.70862195e-01 -1.69226692e-01 -1.05591817e-01  2.00000000e-01  2.00000000e-01 -1.70862195e-01  2.00000000e-01
      1.40000000       0.20000000   8.89989507e-03 -1.68316702e-01 -1.66710068e-01 -1.05556422e-01  2.00000000e-01  2.00000000e-01 -1.68316702e-01  2.00000000e-01
      1.30000000       0.20000000   9.35852276e-04 -1.65622515e-01 -1.64055849e-01 -1.05634973e-01  2.00000000e-01  2.00000000e-01 -1.65622515e-01  2.00000000e-01
      1.20000000       0.20000000  -7.34233126e-03 -1.62780143e-01 -1.61264778e-01 -1.05832603e-01  2.00000000e-01  2.00000000e-01 -1.62780143e-01  2.00000000e-01
      1.10000000       0.20000000  -1.59229831e-02 -1.59791579e-01 -1.58338967e-01 -1.06154890e-01  2.00000000e-01  2.00000000e-01 -1.59791579e-01  2.00000000e-01
      1.00000000       0.20000000  -2.47888671e-02 -1.56660527e-01 -1.55282147e-01 -1.06607931e-01  2.00000000e-01  2.00000000e-01 -1.56660527e-01  2.00000000e-01
      0.90000000       0.20000000  -3.39163560e-02 -1.53392654e-01 -1.52099926e-01 -1.07198408e-01  2.00000000e-01  2.00000000e-01 -1.53392654e-01  2.00000000e-01
      0.80000000       0.20000000  -4.32746052e-02 -1.49995847e-01 -1.48800085e-01 -1.07933614e-01  2.00000000e-01  2.00000000e-01 -1.49995847e-01  2.00000000e-01
      0.70000000       0.20000000  -5.28247875e-02 -1.46480460e-01 -1.45392857e-01 -1.08821434e-01  2.00000000e-01  2.00000000e-01 -1.46480460e-01  2.00000000e-01
      0.60000000       0.20000000  -6.25194767e-02 -1.42859532e-01 -1.41891206e-01 -1.09870252e-01  2.00000000e-01  2.00000000e-01 -1.42859532e-01  2.00000000e-01
      0.50000000       0.20000000  -7.23022981e-02 -1.39148947e-01 -1.38311048e-01 -1.11088758e-01  2.00000000e-01  2.00000000e-01 -1.39148947e-01  2.00000000e-01
      0.40000000       0.20000000  -8.21079898e-02 -1.35367493e-01 -1.34671390e-01 -1.12485634e-01  2.00000000e-01  2.00000000e-01 -1.35367493e-01  2.00000000e-01
      0.30000000       0.20000000  -9.18630375e-02 -1.31536772e-01 -1.30994322e-01 -1.14069095e-01  2.00000000e-01  2.00000000e-01 -1.31536772e-01  2.00000000e-01
      0.20000000       0.20000000  -1.01487040e-01 -1.27680936e-01 -1.27304822e-01 -1.15846264e-01  2.00000000e-01  2.00000000e-01 -1.27680936e-01  2.00000000e-01
      0.10000000       0.20000000  -1.10894919e-01 -1.23826179e-01 -1.23630323e-01 -1.17822398e-01  2.00000000e-01  2.00000000e-01 -1.23826179e-01  2.00000000e-01
      0.00000000       0.20000000  -0.00000000e+00 -0.00000000e+00 -0.00000000e+00 -0.00000000e+00  0.00000000e+00  0.00000000e+00 -0.00000000e+00  0.00000000e+00
      4.00000000       0.00000000  -0.00000000e+00 -0.00000000e+00 -0.00000000e+00 -0.00000000e+00  0.00000000e+00  0.00000000e+00 -0.00000000e+00  0.00000000e+00
      3.90000000       0.00000000  -0.00000000e+00 -0.00000000e+00 -0.00000000e+00 -0.00000000e+00  0.00000000e+00  0.00000000e+00 -0.00000000e+00  0.00000000e+00
      3.80000000       0.00000000  -0.00000000e+00 -0.00000000e+00 -0.00000000e+00 -0.00000000e+00  0.00000000e+00  0.00000000e+00 -0.00000000e+00  0.00000000e+00
      3.70000000       0.00000000  -0.00000000e+00 -0.00000000e+00 -0.00000000e+00 -0.00000000e+00  0.00000000e+00  0.00000000e+00 -0.00000000e+00  0.00000000e+00
      3.60000000       0.00000000  -0.00000000e+00 -0.00000000e+00 -0.00000000e+00 -0.00000000e+00  0.00000000e+00  0.00000000e+00 -0.00000000e+00  0.00000000e+00
      3.50000000       0.00000000  -0.00000000e+00 -0.00000000e+00 -0.00000000e+00 -0.00000000e+00  0.00000000e+00  0.00000000e+00 -0.00000000e+00  0.00000000e+00
      3.40000000       0.00000000  -0.00000000e+00 -0.00000000e+00 -0.00000000e+00 -0.00000000e+00  0.00000000e+00  0.00000000e+00 -0.00000000e+00  0.00000000e+00
      3.30000000       0.00000000  -0.00000000e+00 -0.00000000e+00 -0.00000000e+00 -0.00000000e+00  0.00000000e+00  0.00000000e+00 -0.00000000e+00  0.00000000e+00
      3.20000000       0.00000000  -0.00000000e+00 -0.00000000e+00 -0.00000000e+00 -0.00000000e+00  0.00000000e+00  0.00000000e+00 -0.00000000e+00  0.00000000e+00
      3.10000000       0.00000000  -0.00000000e+00 -0.00000000e+00 -0.00000000e+00 -0.00000000e+00  0.00000000e+00  0.00000000e+00 -0.00000000e+00  0.00000000e+00
      3.00000000       0.00000000  -0.00000000e+00 -0.00000000e+00 -0.00000000e+00 -0.00000000e+00  0.00000000e+00  0.00000000e+00 -0.00000000e+00  0.00000000e+00
      2.90000000       0.00000000  -0.00000000e+00 -0.00000000e+00 -0.00000000e+00 -0.00000000e+00  0.00000000e+00  0.00000000e+00 -0.00000000e+00  0.00000000e+00
      2.80000000       0.00000000  -0.00000000e+00 -0.00000000e+00 -0.00000000e+00 -0.00000000e+00  0.00000000e+00  0.00000000e+00 -0.00000000e+00  0.00000000e+00
      2.70000000       0.00000000  -0.00000000e+00 -0.00000000e+00 -0.00000000e+00 -0.00000000e+00  0.00000000e+00  0.00000000e+00 -0.00000000e+00  0.00000000e+00
      2.60000000       0.00000000  -0.00000000e+00 -0.00000000e+00 -0.00000000e+00 -0.00000000e+00  0.00000000e+00  0.00000000e+00 -0.00000000e+00  0.00000000e+00
      2.50000000       0.00000000  -0.00000000e+00 -0.00000000e+00 -0.00000000e+00 -0.00000000e+00  0.00000000e+00  0.00000000e+00 -0.00000000e+00  0.00000000e+00
      2.40000000       0.00000000  -0.00000000e+00 -0.00000000e+00 -0.00000000e+00 -0.00000000e+00  0.00000000e+00  0.00000000e+00 -0.00000000e+00  0.00000000e+00
      2.30000000       0.00000000  -0.00000000e+00 -0.00000000e+00 -0.00000000e+00 -0.00000000e+00  0.00000000e+00  0.00000000e+00 -0.00000000e+00  0.00000000e+00
      2.20000000       0.00000000  -0.00000000e+00 -0.00000000e+00 -0.00000000e+00 -0.00000000e+00  0.00000000e+00  0.00000000e+00 -0.00000000e+00  0.00000000e+00
      2.10000000       0.00000000  -0.00000000e+00 -0.00000000e+00 -0.00000000e+00 -0.00000000e+00  0.00000000e+00  0.00000000e+00 -0.00000000e+00  0.00000000e+00
      2.00000000       0.00000000  -0.00000000e+00 -0.00000000e+00 -0.00000000e+00 -0.00000000e+00  0.00000000e+00  0.00000000e+00 -0.00000000e+00  0.00000000e+00
      1.90000000       0.00000000  -0.00000000e+00 -0.00000000e+00 -0.00000000e+00 -0.00000000e+00  0.00000000e+00  0.00000000e+00 -0.00000000e+00  0.00000000e+00
      1.80000000       0.00000000  -0.00000000e+00 -0.00000000e+00 -0.00000000e+00 -0.00000000e+00  0.00000000e+00  0.00000000e+00 -0.00000000e+00  0.00000000e+00
      1.70000000       0.00000000  -0.00000000e+00 -0.00000000e+00 -0.00000000e+00 -0.00000000e+00  0.00000000e+00  0.00000000e+00 -0.00000000e+00  0.00000000e+00
      1.60000000       0.00000000  -0.00000000e+00 -0.00000000e+00 -0.00000000e+00 -0.00000000e+00  0.00000000e+00  0.00000000e+00 -0.00000000e+00  0.00000000e+00
      1.50000000       0.00000000  -0.00000000e+00 -0.00000000e+00 -0.00000000e+00 -0.00000000e+00  0.00000000e+00  0.00000000e+00 -0.00000000e+00  0.00000000e+00
      1.40000000       0.00000000  -0.00000000e+00 -0.00000000e+00 -0.00000000e+00 -0.00000000e+00  0.00000000e+00  0.00000000e+00 -0.00000000e+00  0.00000000e+00
      1.30000000       0.00000000  -0.00000000e+00 -0.00000000e+00 -0.00000000e+00 -0.00000000e+00  0.00000000e+00  0.00000000e+00 -0.00000000e+00  0.00000000e+00
      1.20000000       0.00000000  -0.00000000e+00 -0.00000000e+00 -0.00000000e+00 -0.00000000e+00  0.00000000e+00  0.00000000e+00 -0.00000000e+00  0.00000000e+00
      1.10000000       0.00000000  -0.00000000e+00 -0.00000000e+00 -0.00000000e+00 -0.00000000e+00  0.00000000e+00  0.00000000e+00 -0.00000000e+00  0.00000000e+00
      1.00000000       0.00000000  -0.00000000e+00 -0.00000000e+00 -0.00000000e+00 -0.00000000e+00  0.00000000e+00  0.00000000e+00 -0.00000000e+00  0.00000000e+00
      0.90000000       0.00000000  -0.00000000e+00 -0.00000000e+00 -0.00000000e+00 -0.00000000e+00  0.00000000e+00  0.00000000e+00 -0.00000000e+00  0.00000000e+00
      0.80000000       0.00000000  -0.00000000e+00 -0.00000000e+00 -0.00000000e+00 -0.00000000e+00  0.00000000e+00  0.00000000e+00 -0.00000000e+00  0.00000000e+00
      0.70000000       0.00000000  -0.00000000e+00 -0.00000000e+00 -0.00000000e+00 -0.00000000e+00  0.00000000e+00  0.00000000e+00 -0.00000000e+00  0.00000000e+00
      0.60000000       0.00000000  -0.00000000e+00 -0.00000000e+00 -0.00000000e+00 -0.00000000e+00  0.00000000e+00  0.00000000e+00 -0.00000000e+00  0.00000000e+00
      0.50000000       0.00000000  -0.00000000e+00 -0.00000000e+00 -0.00000000e+00 -0.00000000e+00  0.00000000e+00  0.00000000e+00 -0.00000000e+00  0.00000000e+00
      0.40000000       0.00000000  -0.00000000e+00 -0.00000000e+00 -0.00000000e+00 -0.00000000e+00  0.00000000e+00  0.00000000e+00 -0.00000000e+00  0.00000000e+00
      0.30000000       0.00000000  -0.00000000e+00 -0.00000000e+00 -0.00000000e+00 -0.00000000e+00  0.00000000e+00  0.00000000e+00 -0.00000000e+00  0.00000000e+00
      0.20000000       0.00000000  -0.00000000e+00 -0.00000000e+00 -0.00000000e+00 -0.00000000e+00  0.00000000e+00  0.00000000e+00 -0.00000000e+00  0.00000000e+00
      0.10000000       0.00000000  -0.00000000e+00 -0.00000000e+00 -0.00000000e+00 -0.00000000e+00  0.00000000e+00  0.00000000e+00 -0.00000000e+00  0.00000000e+00
      0.00000000       0.00000000  -0.00000000e+00 -0.00000000e+00 -0.00000000e+00 -0.00000000e+00  0.00000000e+00  0.00000000e+00 -0.00000000e+00  0.00000000e+00
