      0.01000000 -4.82094376e-03  4.82917808e-03  4.83740677e-03  4.82094657e-03 -4.82918090e-03 -4.83740677e-03  4.82918090e-03 -4.82918090e-03 -9.45105899e-02  9.48364179e-02  9.51619103e-02  9.45107577e-02 -9.48365858e-02 -9.51619103e-02  9.48365858e-02 -9.48365858e-02
      0.11000000 -1.84783957e-02  1.86044019e-02  1.87300638e-02  1.84785677e-02 -1.86045740e-02 -1.87300638e-02  1.86045741e-02 -1.86045740e-02 -1.76335014e-01  1.78797035e-01  1.81248894e-01  1.76340088e-01 -1.78802113e-01 -1.81248894e-01  1.78802118e-01 -1.78802113e-01
      0.21000000 -3.95980697e-02  4.02062707e-02  4.08107412e-02  3.95999304e-02 -4.02081344e-02 -4.08107412e-02  4.02081375e-02 -4.02081344e-02 -2.43489343e-01  2.51298972e-01  2.59035907e-01  2.43525570e-01 -2.51335279e-01 -2.59035907e-01  2.51335359e-01 -2.51335279e-01
      0.31000000 -6.66463842e-02  6.84731860e-02  7.02801062e-02  6.66562819e-02 -6.84831128e-02 -7.02801062e-02  6.84831418e-02 -6.84831128e-02 -2.94773513e-01  3.12081297e-01  3.29101650e-01  2.94916393e-01 -3.12224741e-01 -3.29101650e-01  3.12225305e-01 -3.12224741e-01
      0.41000000 -9.80090485e-02  1.02233490e-01  1.06386204e-01  9.80446726e-02 -1.02269277e-01 -1.06386204e-01  1.02269440e-01 -1.02269277e-01 -3.29771293e-01  3.61202741e-01  3.91814541e-01  3.30177460e-01 -3.61611409e-01 -3.91814541e-01  3.61613910e-01 -3.61611409e-01
      0.51000000 -1.32068286e-01  1.40336943e-01  1.48403653e-01  1.32168308e-01 -1.40437620e-01 -1.48403653e-01  1.40438275e-01 -1.40437620e-01 -3.48821494e-01  3.99029903e-01  4.47340701e-01  3.49758446e-01 -3.99975131e-01 -4.47340701e-01  3.99983407e-01 -3.99975131e-01
      0.61000000 -1.67275360e-01  1.81684332e-01  1.95614635e-01  1.67511721e-01 -1.81922783e-01 -1.95614635e-01  1.81924872e-01 -1.81922783e-01 -3.52951601e-01  4.26210892e-01  4.95671131e-01  3.54820131e-01 -4.28101711e-01 -4.95671135e-01  4.28124004e-01 -4.28101711e-01
      0.71000000 -2.02214399e-01  2.25253582e-01  2.47293392e-01  2.02706317e-01 -2.25751116e-01 -2.47293393e-01  2.25756733e-01 -2.25751116e-01 -3.43770165e-01  4.43631705e-01  5.36664275e-01  3.47115913e-01 -4.47028945e-01 -5.36664297e-01  4.47080458e-01 -4.47028945e-01
      0.81000000 -2.35653564e-01  2.70120697e-01  3.02695577e-01  2.36582070e-01 -2.71062417e-01 -3.02695583e-01  2.71075637e-01 -2.71062417e-01 -3.23322893e-01  4.52356905e-01  5.70099360e-01  3.28835234e-01 -4.57974793e-01 -5.70099463e-01  4.58080443e-01 -4.57974793e-01
      0.91000000 -2.66580539e-01  3.15474192e-01  3.61053252e-01  2.68202262e-01 -3.17123868e-01 -3.61053281e-01  3.17151850e-01 -3.17123868e-01 -2.93925675e-01  4.53560194e-01  5.95735408e-01  3.02423886e-01 -4.62254889e-01 -5.95735810e-01  4.62451775e-01 -4.62254889e-01
      1.01000000 -2.94220910e-01  3.60622419e-01  4.21575857e-01  2.96879894e-01 -3.63335593e-01 -4.21575965e-01  3.63389890e-01 -3.63335593e-01 -2.57992658e-01  4.48452993e-01  6.13370580e-01  2.70400675e-01 -4.61198810e-01 -6.13371915e-01  4.61537944e-01 -4.61198810e-01
      1.11000000 -3.18039888e-01  4.04993997e-01  4.83456912e-01  3.22176401e-01 -4.09228157e-01 -4.83457260e-01  4.09326152e-01 -4.09228157e-01 -2.17877659e-01  4.38219263e-01  6.22896743e-01  2.35189712e-01 -4.56074381e-01 -6.22900620e-01  4.56621322e-01 -4.56074381e-01
      1.21000000 -3.37729457e-01  4.48132316e-01  5.45885739e-01  3.43885029e-01 -4.54453224e-01 -5.45886741e-01  4.54619561e-01 -4.54453224e-01 -1.75743429e-01  4.23962940e-01  6.24344670e-01  1.98983375e-01 -4.48027076e-01 -6.24354708e-01  4.48861305e-01 -4.48027076e-01
      1.31000000 -3.53184226e-01  4.89685566e-01  6.08063088e-01  3.62002431e-01 -4.98769068e-01 -6.08065686e-01  4.99036963e-01 -4.98769068e-01 -1.33467248e-01  4.06671439e-01  6.17916181e-01  1.63644676e-01 -4.38038367e-01 -6.17939737e-01  4.39251422e-01 -4.38038367e-01
      1.41000000 -3.64469781e-01  5.29393954e-01  6.69219203e-01  3.76692594e-01 -5.42022910e-01 -6.69225367e-01  5.42435217e-01 -5.42022910e-01 -9.25851341e-02  3.87195661e-01  6.04000846e-01  1.30651305e-01 -4.26903626e-01 -6.04051572e-01  4.28596146e-01 -4.26903626e-01
      1.51000000 -3.71787274e-01  5.67075673e-01  7.28632758e-01  3.88247140e-01 -5.84131955e-01 -7.28646276e-01  5.84741889e-01 -5.84131955e-01 -5.42718548e-02  3.66244558e-01  5.83176365e-01  1.01078352e-01 -4.15227659e-01 -5.83277653e-01  4.17505551e-01 -4.15227659e-01
      1.61000000 -3.75437578e-01  6.02612921e-01  7.85649033e-01  3.97045582e-01 -6.25064712e-01 -7.85676693e-01  6.25936158e-01 -6.25064712e-01 -1.93506549e-02  3.44391005e-01  5.56193473e-01  7.56132483e-02 -4.03434385e-01 -5.56382618e-01  4.06404316e-01 -4.03434385e-01
      1.71000000 -3.75787563e-01  6.35938918e-01  8.39695905e-01  4.03518337e-01 -6.64823832e-01 -8.39749104e-01  6.66031173e-01 -6.64823832e-01  1.16749642e-02  3.22085251e-01  5.23947737e-01  5.45947191e-02 -3.91786608e-01 -5.24280451e-01  3.95550996e-01 -3.91786608e-01
      1.81000000 -3.73240341e-01  6.67026501e-01  8.90296504e-01  4.08114483e-01 -7.03431254e-01 -8.90393316e-01  7.05058677e-01 -7.03431254e-01  3.85752715e-02  2.99672535e-01  4.87441852e-01  3.80671685e-02 -3.80411910e-01 -4.87996543e-01  3.85063535e-01 -3.80411910e-01
      1.91000000 -3.68210503e-01  6.95878576e-01  9.37077809e-01  4.11275391e-01 -7.40916102e-01 -9.37245426e-01  7.43056357e-01 -7.40916102e-01  6.13412890e-02  2.77412102e-01  4.47742644e-01  2.58426094e-02 -3.69331250e-01 -4.48623745e-01  3.74947601e-01 -3.69331250e-01
      2.01000000 -3.61104767e-01  7.22520444e-01  9.79774842e-01  4.13414642e-01 -7.77305462e-01 -9.80052279e-01  7.80058041e-01 -7.77305462e-01  8.01306320e-02  2.55495657e-01  4.05936978e-01  1.75634864e-02 -3.58487620e-01 -4.07276590e-01  3.65125076e-01 -3.58487620e-01
      2.11000000 -3.52307900e-01  7.46993908e-01  1.01823057e+00  4.14904053e-01 -8.12617950e-01 -1.01867141e+00  8.16086685e-01 -8.12617950e-01  9.52166303e-02  2.34064034e-01  3.63090215e-01  1.27613523e-02 -3.47772821e-01 -3.65047446e-01  3.55460857e-01 -3.47772821e-01
      2.21000000 -3.42173443e-01  7.69352914e-01  1.05239186e+00  4.16065224e-01 -8.46859806e-01 -1.05306685e+00  8.51149897e-01 -8.46859806e-01  1.06943665e-01  2.13221487e-01  3.20209896e-01  1.09080255e-02 -3.37051185e-01 -3.22967495e-01  3.45786792e-01 -3.37051185e-01
      2.31000000 -3.31018519e-01  7.89660505e-01  1.08230222e+00  4.17165732e-01 -8.80023178e-01 -1.08330127e+00  8.85237687e-01 -8.80023178e-01  1.15690293e-01  1.93047407e-01  2.78216265e-01  1.14574152e-02 -3.26179563e-01 -2.81974446e-01  3.35922192e-01 -3.26179563e-01
      2.41000000 -3.19121910e-01  8.07986813e-01  1.10809184e+00  4.18419023e-01 -9.12086209e-01 -1.10952544e+00  9.18322087e-01 -9.12086209e-01  1.21840632e-01  1.73605576e-01  2.37920229e-01  1.38775132e-02 -3.15023370e-01 -2.42887930e-01  3.25690718e-01 -3.15023370e-01
      2.51000000 -3.06724604e-01  8.24407872e-01  1.12996590e+00  4.19987025e-01 -9.43014537e-01 -1.13196540e+00  9.50358283e-01 -9.43014537e-01  1.25763626e-01  1.54951181e-01  2.00008584e-01  1.76730357e-02 -3.03468734e-01 -2.06392689e-01  3.14933730e-01 -3.03468734e-01
      2.61000000 -2.94032054e-01  8.39005018e-01  1.14819167e+00  4.21984607e-01 -9.72763814e-01 -1.15090853e+00  9.81286913e-01 -9.72763814e-01  1.27799300e-01  1.37135855e-01  1.65035807e-01  2.23998469e-02 -2.91430991e-01 -1.73029133e-01  3.03520307e-01 -2.91430991e-01
      2.71000000 -2.81217504e-01  8.51864724e-01  1.16308516e+00  4.24485125e-01 -1.00128292e+00 -1.16668888e+00  1.01103721e+00 -1.00128292e+00  1.28250834e-01  1.20211033e-01  1.33421496e-01  2.76726348e-02 -2.78859867e-01 -1.43190492e-01  2.91354228e-01 -2.78859867e-01
      2.81000000 -2.68425881e-01  8.63078677e-01  1.17499762e+00  4.27526466e-01 -1.02851751e+00 -1.17967257e+00  1.03953071e+00 -1.02851751e+00  1.27381194e-01  1.04229839e-01  1.05452472e-01  3.31673952e-02 -2.65741728e-01 -1.17125645e-01  2.78378201e-01 -2.65741728e-01
      2.91000000 -2.55777836e-01  8.72743992e-01  1.18430262e+00  4.31117142e-01 -1.05441375e+00 -1.19024368e+00  1.06668526e+00 -1.05441375e+00  1.25413146e-01  8.92477139e-02  8.12886578e-02  3.86201940e-02 -2.52099334e-01 -9.49466778e-02  2.64575634e-01 -2.52099334e-01
      3.01000000 -2.43373663e-01  8.80963431e-01  1.19138371e+00  4.35242130e-01 -1.07892177e+00 -1.19879112e+00  1.09241904e+00 -1.07892177e+00  1.22531631e-01  7.53219627e-02  6.09719526e-02  4.38234760e-02 -2.37989512e-01 -7.66402557e-02  2.49970259e-01 -2.37989512e-01
      3.11000000 -2.31296893e-01  8.87845525e-01  1.19662319e+00  4.39868259e-01 -1.10199894e+00 -1.20569677e+00  1.11665457e+00 -1.10199894e+00  1.18887645e-01  6.25103835e-02  4.44374756e-02  4.86209421e-02 -2.23499190e-01 -6.20819427e-02  2.34623876e-01 -2.23499190e-01
      3.21000000 -2.19617463e-01  8.93504524e-01  1.20039208e+00  4.44949053e-01 -1.12361263e+00 -1.21132522e+00  1.13932228e+00 -1.12361263e+00  1.14602971e-01  5.08691519e-02  3.15266261e-02  5.29017595e-02 -2.08740222e-01 -5.10526414e-02  2.18632576e-01 -2.08740222e-01
      3.31000000 -2.08394379e-01  8.98060105e-01  1.20304144e+00  4.50428976e-01 -1.14374238e+00 -1.21601514e+00  1.16036374e+00 -1.14374238e+00  1.09775265e-01  4.04501469e-02  2.20014715e-02  5.65946365e-02 -1.93843442e-01 -4.32563721e-02  2.02121737e-01 -1.93843442e-01
      3.41000000 -1.97677876e-01  9.01636791e-01  1.20489522e+00  4.56247101e-01 -1.16238150e+00 -1.22007250e+00  1.17973425e+00 -1.16238150e+00  1.04483131e-01  3.12979217e-02  1.55599975e-02  5.96620984e-02 -1.78952337e-01 -3.83386430e-02  1.85240169e-01 -1.78952337e-01
      3.51000000 -1.87511077e-01  9.04363066e-01  1.20624459e+00  4.62340222e-01 -1.17953802e+00 -1.22376568e+00  1.19740493e+00 -1.17953802e+00  9.87909467e-02  2.34465377e-02  1.18517575e-02  6.20951473e-02 -1.64216707e-01 -3.59047151e-02  1.68153740e-01 -1.64216707e-01
      3.61000000 -1.77931197e-01  9.06370161e-01  1.20734392e+00  4.68645449e-01 -1.19523503e+00 -1.22732232e+00  1.21336405e+00 -1.19523503e+00  9.27532356e-02  1.69164875e-02  1.04934592e-02  6.39083818e-02 -1.49786627e-01 -3.55371342e-02  1.51038824e-01 -1.49786627e-01
      3.71000000 -1.68970328e-01  9.07790567e-01  1.20840825e+00  4.75102347e-01 -1.20951038e+00 -1.23092785e+00  1.22761777e+00 -1.20951038e+00  8.64184975e-02  1.17119278e-02  1.10840427e-02  6.51355841e-02 -1.35806964e-01 -3.68119881e-02  1.34075864e-01 -1.35806964e-01
      3.81000000 -1.60655876e-01  9.08756271e-01  1.20961219e+00  4.81654652e-01 -1.22241595e+00 -1.23472559e+00  1.24019024e+00 -1.22241595e+00  7.98323991e-02  7.81842568e-03  1.32188278e-02  6.58257392e-02 -1.22412624e-01 -3.93134573e-02  1.17443314e-01 -1.22412624e-01
      3.91000000 -1.53010717e-01  9.09396824e-01  1.21109028e+00  4.88251604e-01 -1.23401646e+00 -1.23881822e+00  1.25112316e+00 -1.23401646e+00  7.30402945e-02  5.20138949e-03  1.65023646e-02  6.60394391e-02 -1.09724649e-01 -4.26463418e-02  1.01312152e-01 -1.09724649e-01
      4.01000000 -1.46053125e-01  9.09837271e-01  1.21293842e+00  4.94848950e-01 -1.24438792e+00 -1.24327038e+00  1.26047470e+00 -1.24438792e+00  6.60890610e-02  3.80531384e-03  2.05596805e-02  6.58456224e-02 -9.78472112e-02 -4.64463689e-02  8.58411136e-02 -9.78472112e-02
      4.11000000 -1.39796560e-01  9.10196065e-01  1.21521647e+00  5.01409619e-01 -1.25361579e+00 -1.24811217e+00  1.26831815e+00 -1.25361579e+00  5.90282632e-02  3.55391685e-03  2.50457025e-02  6.53186101e-02 -8.68655197e-02 -5.03881969e-02  7.11727437e-02 -8.68655197e-02
      4.21000000 -1.34249368e-01  9.10583030e-01  1.21795155e+00  5.07904132e-01 -1.26179307e+00 -1.25334334e+00  1.27474013e+00 -1.26179307e+00  5.19106844e-02  4.35119207e-03  2.96527103e-02  6.45354122e-02 -7.68445802e-02 -5.41911322e-02  5.74302937e-02 -7.68445802e-02
      4.31000000 -1.29414454e-01  9.11097483e-01  1.22114216e+00  5.14310740e-01 -1.26901823e+00 -1.25893796e+00  1.27983849e+00 -1.26901823e+00  4.47922852e-02  6.08334141e-03  3.41157665e-02  6.35732910e-02 -6.78287558e-02 -5.76226605e-02  4.47154881e-02 -6.78287558e-02
      4.41000000 -1.25288987e-01  9.11826579e-01  1.22476256e+00  5.20615341e-01 -1.27539315e+00 -1.26484934e+00  1.28372014e+00 -1.27539315e+00  3.77316680e-02  8.62150307e-03  3.82161418e-02  6.25075845e-02 -5.98420341e-02 -6.04999574e-02  3.31071283e-02 -5.98420341e-02
      4.51000000 -1.21864184e-01  9.12843975e-01  1.22876754e+00  5.26811193e-01 -1.28102111e+00 -1.27101498e+00  1.28649867e+00 -1.28102111e+00  3.07891427e-02  1.18251434e-02  4.17828295e-02  6.14097964e-02 -5.28889056e-02 -6.26895915e-02  2.26604906e-02 -5.28889056e-02
      4.61000000 -1.19125195e-01  9.14208850e-01  1.23309717e+00  5.32898440e-01 -1.28600494e+00 -1.27736142e+00  1.28829205e+00 -1.28600494e+00  2.40254990e-02  1.55459464e-02  4.46922982e-02  6.03459680e-02 -4.69557520e-02 -6.41056656e-02  1.34074580e-02 -4.69557520e-02
      4.71000000 -1.17051124e-01  9.15965338e-01  1.23768145e+00  5.38883502e-01 -1.29044528e+00 -1.28380890e+00  1.28922028e+00 -1.29044528e+00  1.75005918e-02  1.96320123e-02  4.68666804e-02  5.93753474e-02 -4.20126436e-02 -6.47066589e-02  5.35731412e-03 -4.20126436e-02
      4.81000000 -1.15615200e-01  9.18142383e-01  1.24244478e+00  5.44778341e-01 -1.29443902e+00 -1.29027550e+00  1.28940323e+00 -1.29443902e+00  1.12718495e-02  2.39321663e-02  4.82706303e-02  5.85493675e-02 -3.80154466e-02 -6.44912366e-02 -1.50188385e-03 -3.80154466e-02
      4.91000000 -1.14785091e-01  9.20754024e-01  1.24730996e+00  5.50599638e-01 -1.29807804e+00 -1.29668103e+00  1.28895858e+00 -1.29807804e+00  5.39280296e-03  2.83001818e-02  4.89071053e-02  5.79109419e-02 -3.49081481e-02 -6.34932940e-02 -7.20144183e-03 -3.49081481e-02
      5.01000000 -1.14523367e-01  9.23800090e-01  1.25220180e+00  5.56367924e-01 -1.30144814e+00 -1.30295017e+00  1.28800000e+00 -1.30144814e+00 -8.82768617e-05  3.25987369e-02  4.88123363e-02  5.74940766e-02 -3.26253084e-02 -6.17764852e-02 -1.17897709e-02 -3.26253084e-02
      5.11000000 -1.14788079e-01  9.27267276e-01  1.25705016e+00  5.62106682e-01 -1.30462818e+00 -1.30901526e+00  1.28663558e+00 -1.30462818e+00 -5.12956219e-03  3.67029473e-02  4.80502530e-02  5.73237927e-02 -3.10945605e-02 -5.94284745e-02 -1.53298352e-02 -3.10945605e-02
      5.21000000 -1.15533462e-01  9.31130533e-01  1.26179244e+00  5.67841453e-01 -1.30768956e+00 -1.31481834e+00  1.28496649e+00 -1.30768956e+00 -9.69661980e-03  4.05033483e-02  4.67066196e-02  5.74163393e-02 -3.02390805e-02 -5.65551197e-02 -1.78964067e-02 -3.02390805e-02
      5.31000000 -1.16710707e-01  9.35354740e-01  1.26637548e+00  5.73598985e-01 -1.31069587e+00 -1.32031271e+00  1.28308596e+00 -1.31069587e+00 -1.37630973e-02  4.39082369e-02  4.48831170e-02  5.77796759e-02 -2.99799631e-02 -5.32747769e-02 -1.95732295e-02 -2.99799631e-02
      5.41000000 -1.18268791e-01  9.39896564e-01  1.27075680e+00  5.79406435e-01 -1.31370280e+00 -1.32546391e+00  1.28107851e+00 -1.31370280e+00 -1.73111299e-02  4.68453175e-02  4.26915860e-02  5.84141895e-02 -3.02384447e-02 -4.97128844e-02 -2.04501892e-02 -3.02384447e-02
      5.51000000 -1.20155334e-01  9.44706455e-01  1.27490541e+00  5.85290659e-01 -1.31675826e+00 -1.33025016e+00  1.27901948e+00 -1.31675826e+00 -2.03314693e-02  4.92626337e-02  4.02486113e-02  5.93136094e-02 -3.09379254e-02 -4.59969570e-02 -2.06205774e-02 -3.09379254e-02
      5.61000000 -1.22317460e-01  9.49730697e-01  1.27880202e+00  5.91277597e-01 -1.31990266e+00 -1.33466234e+00  1.27697481e+00 -1.31990266e+00 -2.28233515e-02  5.11288012e-02  3.76705983e-02  6.04660790e-02 -3.20057519e-02 -4.22520929e-02 -2.01785301e-02 -3.20057519e-02
      5.71000000 -1.24702626e-01  9.54913448e-01  1.28243877e+00  5.97391771e-01 -1.32316944e+00 -1.33870358e+00  1.27500109e+00 -1.32316944e+00 -2.47941312e-02  5.24325823e-02  3.50694554e-02  6.18553392e-02 -3.33747354e-02 -3.85970691e-02 -1.92167058e-02 -3.33747354e-02
      5.81000000 -1.27259406e-01  9.60198710e-01  1.28581861e+00  6.03655913e-01 -1.32658562e+00 -1.34238841e+00  1.27314582e+00 -1.32658562e+00 -2.62587159e-02  5.31818693e-02  3.25489647e-02  6.34619808e-02 -3.49843851e-02 -3.51410755e-02 -1.78242533e-02 -3.49843851e-02
      5.91000000 -1.29938214e-01  9.65532171e-01  1.28895436e+00  6.10090705e-01 -1.33017257e+00 -1.34574168e+00  1.27144779e+00 -1.33017257e+00 -2.72388399e-02  5.34021568e-02  3.02018873e-02  6.52647218e-02 -3.67818525e-02 -3.19811154e-02 -1.60851055e-02 -3.67818525e-02
      6.01000000 -1.32691943e-01  9.70862865e-01  1.29186744e+00  6.16714663e-01 -1.33394676e+00 -1.34879728e+00  1.26993777e+00 -1.33394676e+00 -2.77622190e-02  5.31345989e-02  2.81078208e-02  6.72416712e-02 -3.87225875e-02 -2.92000783e-02 -1.40766187e-02 -3.87225875e-02
      6.11000000 -1.35476520e-01  9.76144635e-01  1.29458654e+00  6.23544135e-01 -1.33792065e+00 -1.35159659e+00  1.26863911e+00 -1.33792065e+00 -2.78616215e-02  5.24337478e-02  2.63317988e-02  6.93715438e-02 -4.07707171e-02 -2.68654735e-02 -1.18685613e-02 -4.07707171e-02
      6.21000000 -1.38251360e-01  9.81337345e-01  1.29714608e+00  6.30593415e-01 -1.34210357e+00 -1.35418699e+00  1.26756865e+00 -1.34210357e+00 -2.75738949e-02  5.13650764e-02  2.49235986e-02  7.16347962e-02 -4.28991670e-02 -2.50287969e-02 -9.52244541e-03 -4.28991670e-02
      6.31000000 -1.40979724e-01  9.86407844e-01  1.29958469e+00  6.37874977e-01 -1.34650254e+00 -1.35662015e+00  1.26673745e+00 -1.34650254e+00 -2.69389772e-02  5.00023804e-02  2.39177008e-02  7.40146613e-02 -4.50895492e-02 -2.37254870e-02 -7.09117974e-03 -4.50895492e-02
      6.41000000 -1.43628983e-01  9.91330667e-01  1.30194370e+00  6.45399794e-01 -1.35112320e+00 -1.35895054e+00  1.26615176e+00 -1.35112320e+00 -2.59989208e-02  4.84251537e-02  2.33338326e-02  7.64980641e-02 -4.73318478e-02 -2.29754173e-02 -4.61901668e-03 -4.73318478e-02
      6.51000000 -1.46170777e-01  9.96088477e-01  1.30426573e+00  6.53177749e-01 -1.35597056e+00 -1.36123387e+00  1.26581381e+00 -1.35597056e+00 -2.47969496e-02  4.67160180e-02  2.31780109e-02  7.90764099e-02 -4.96239363e-02 -2.27838603e-02 -2.14175638e-03 -4.96239363e-02
      6.61000000 -1.48581093e-01  1.00067225e+00  1.30659338e+00  6.61218119e-01 -1.36104981e+00 -1.36352568e+00  1.26572265e+00 -1.36104981e+00 -2.33765680e-02  4.49582823e-02  2.34439940e-02  8.17462407e-02 -5.19709651e-02 -2.31428506e-02  3.12831891e-04 -5.19709651e-02
      6.71000000 -1.50840244e-01  1.00508124e+00  1.30896805e+00  6.69530113e-01 -1.36636697e+00 -1.36588015e+00  1.26587494e+00 -1.36636697e+00 -2.17807355e-02  4.32336936e-02  2.41150491e-02  8.45097628e-02 -5.43846574e-02 -2.40328702e-02  2.72441480e-03 -5.43846574e-02
      6.81000000 -1.52932783e-01  1.00932271e+00  1.31142905e+00  6.78123463e-01 -1.37192954e+00 -1.36834899e+00  1.26626564e+00 -1.37192954e+00 -2.00511148e-02  4.16204322e-02  2.51659378e-02  8.73752552e-02 -5.68825522e-02 -2.54247761e-02  5.07936997e-03 -5.68825522e-02
      6.91000000 -1.54847334e-01  1.01341148e+00  1.31401284e+00  6.87009044e-01 -1.37774704e+00 -1.37098062e+00  1.26688866e+00 -1.37774704e+00 -1.82274052e-02  4.01913912e-02  2.65650276e-02  9.03573695e-02 -5.94872346e-02 -2.72818880e-02  7.36997413e-03 -5.94872346e-02
      7.01000000 -1.56576369e-01  1.01736934e+00  1.31675247e+00  6.96199525e-01 -1.38383144e+00 -1.37381948e+00  1.26773739e+00 -1.38383144e+00 -1.63467639e-02  3.90127704e-02  2.82764423e-02  9.34773415e-02 -6.22255880e-02 -2.95621590e-02  9.59354470e-03 -6.22255880e-02
      7.11000000 -1.58115930e-01  1.02122434e+00  1.31967728e+00  7.05710032e-01 -1.39019762e+00 -1.37690565e+00  1.26880518e+00 -1.39019762e+00 -1.44433207e-02  3.81430047e-02  3.02621719e-02  9.67631326e-02 -6.51281037e-02 -3.22203532e-02  1.17515721e-02 -6.51281037e-02
      7.21000000 -1.59465301e-01  1.02500991e+00  1.32281278e+00  7.15558830e-01 -1.39686365e+00 -1.38027460e+00  1.27008568e+00 -1.39686365e+00 -1.25477899e-02  3.76320355e-02  3.24840733e-02  1.00249525e-01 -6.82282768e-02 -3.52101651e-02  1.38488750e-02 -6.82282768e-02
      7.31000000 -1.60626656e-01  1.02876408e+00  1.32618075e+00  7.25768006e-01 -1.40385107e+00 -1.38395722e+00  1.27157317e+00 -1.40385107e+00 -1.06871793e-02  3.75209262e-02  3.49057047e-02  1.03978196e-01 -7.15621175e-02 -3.84862196e-02  1.58928071e-02 -7.15621175e-02
      7.41000000 -1.61604676e-01  1.03252851e+00  1.32979947e+00  7.36364160e-01 -1.41118513e+00 -1.38797996e+00  1.27326277e+00 -1.41118513e+00 -8.88459749e-03  3.78418134e-02  3.74939504e-02  1.07997799e-01 -7.51677978e-02 -4.20059058e-02  1.78925365e-02 -7.51677978e-02
      7.51000000 -1.62406152e-01  1.03634764e+00  1.33368414e+00  7.47379113e-01 -1.41889502e+00 -1.39236524e+00  1.27515055e+00 -1.41889502e+00 -7.15915800e-03  3.86181784e-02  4.02204053e-02  1.12364076e-01 -7.90854558e-02 -4.57310066e-02  1.98584162e-02 -7.90854558e-02
      7.61000000 -1.63039587e-01  1.04026785e+00  1.33784739e+00  7.58850623e-01 -1.42701402e+00 -1.39713192e+00  1.27723369e+00 -1.42701402e+00 -5.52597604e-03  3.98654160e-02  4.30625020e-02  1.17140042e-01 -8.33571703e-02 -4.96290992e-02  2.18014560e-02 -8.33571703e-02
      7.71000000 -1.63514800e-01  1.04433669e+00  1.34229995e+00  7.70823121e-01 -1.43557973e+00 -1.40229597e+00  1.27951046e+00 -1.43557973e+00 -3.99625326e-03  4.15916729e-02  4.60043772e-02  1.22396251e-01 -8.80271194e-02 -5.36747129e-02  2.37329043e-02 -8.80271194e-02
      7.81000000 -1.63842539e-01  1.04860222e+00  1.34705130e+00  7.83348488e-01 -1.44463427e+00 -1.40787118e+00  1.28198026e+00 -1.44463427e+00 -2.57744262e-03  4.37989239e-02  4.90374861e-02  1.28211200e-01 -9.31419323e-02 -5.78502434e-02  2.56639402e-02 -9.31419323e-02
      7.91000000 -1.64034120e-01  1.05311242e+00  1.35211046e+00  7.96486875e-01 -1.45422459e+00 -1.41387003e+00  1.28464359e+00 -1.45422459e+00 -1.27348405e-03  4.64842489e-02  5.21609830e-02  1.34671894e-01 -9.87512422e-02 -6.21466323e-02  2.76054747e-02 -9.87512422e-02
      8.01000000 -1.64101091e-01  1.05791480e+00  1.35748674e+00  8.10307589e-01 -1.46440278e+00 -1.42030453e+00  1.28750205e+00 -1.46440278e+00 -8.50993127e-05  4.96412754e-02  5.53818972e-02  1.41874594e-01 -1.04908446e-01 -6.65638318e-02  2.95680570e-02 -1.04908446e-01
      8.11000000 -1.64054924e-01  1.06305612e+00  1.36319057e+00  8.24890065e-01 -1.47522648e+00 -1.42718713e+00  1.29055825e+00 -1.47522648e+00  9.89866707e-04  5.32617484e-02  5.87151418e-02  1.49925809e-01 -1.11671680e-01 -7.11110820e-02  3.15618758e-02 -1.11671680e-01
      8.21000000 -1.63906746e-01  1.06858231e+00  1.36923426e+00  8.40324954e-01 -1.48675944e+00 -1.43453169e+00  1.29381580e+00 -1.48675944e+00  1.95607251e-03  5.73371907e-02  6.21833952e-02  1.58943554e-01 -1.19105012e-01 -7.58070362e-02  3.35968474e-02 -1.19105012e-01
      8.31000000 -1.63667111e-01  1.07453849e+00  1.37563275e+00  8.56715346e-01 -1.49907219e+00 -1.44235442e+00  1.29727932e+00 -1.49907219e+00  2.82028901e-03  6.18606230e-02  6.58169050e-02  1.69058908e-01 -1.27279865e-01 -8.06797746e-02  3.56827788e-02 -1.27279865e-01
      8.41000000 -1.63345806e-01  1.08096924e+00  1.38240439e+00  8.74178172e-01 -1.51224280e+00 -1.45067478e+00  1.30095438e+00 -1.51224280e+00  3.59100589e-03  6.68283125e-02  6.96532602e-02  1.80417924e-01 -1.36276673e-01 -8.57667513e-02  3.78295947e-02 -1.36276673e-01
      8.51000000 -1.62951700e-01  1.08791899e+00  1.38957165e+00  8.92845808e-01 -1.52635795e+00 -1.45951645e+00  1.30484761e+00 -1.52635795e+00  4.27804978e-03  7.22415282e-02  7.37371847e-02  1.93183907e-01 -1.46186783e-01 -9.11147215e-02  4.00476164e-02 -1.46186783e-01
      8.61000000 -1.62492626e-01  1.09543265e+00  1.39716180e+00  9.12867935e-01 -1.54151407e+00 -1.46890828e+00  1.30896665e+00 -1.54151407e+00  4.89222771e-03  7.81082845e-02  7.81204009e-02  2.07540111e-01 -1.57114604e-01 -9.67796987e-02  4.23478824e-02 -1.57114604e-01
      8.71000000 -1.61975301e-01  1.10355631e+00  1.40520765e+00  9.34413685e-01 -1.55781877e+00 -1.47888513e+00  1.31332033e+00 -1.55781877e+00  5.44500795e-03  8.44450635e-02  8.28616109e-02  2.23692828e-01 -1.69180012e-01 -1.02826988e-01  4.47425015e-02 -1.69180012e-01
      8.81000000 -1.61405275e-01  1.11233821e+00  1.41374824e+00  9.57674112e-01 -1.57539256e+00 -1.48948890e+00  1.31791874e+00 -1.57539256e+00  5.94824879e-03  9.12785123e-02  8.80266424e-02  2.41874902e-01 -1.82520994e-01 -1.09331348e-01  4.72450307e-02 -1.82520994e-01
      8.91000000 -1.60786902e-01  1.12182983e+00  1.42282954e+00  9.82865046e-01 -1.59437076e+00 -1.50076944e+00  1.32277344e+00 -1.59437076e+00  6.41398395e-03  9.86471172e-02  9.36888003e-02  2.62349567e-01 -1.97296512e-01 -1.16377318e-01  4.98708729e-02 -1.97296512e-01
      9.01000000 -1.60123327e-01  1.13208718e+00  1.43250527e+00  1.01023033e+00 -1.61490575e+00 -1.51278557e+00  1.32789761e+00 -1.61490575e+00  6.85427145e-03  1.06602863e-01  9.99294591e-02  2.85414507e-01 -2.13689515e-01 -1.24059762e-01  5.26376910e-02 -2.13689515e-01
      9.11000000 -1.59416495e-01  1.14317220e+00  1.44283772e+00  1.04004545e+00 -1.63716955e+00 -1.52560613e+00  1.33330635e+00 -1.63716955e+00  7.28111110e-03  1.15212885e-01  1.06838924e-01  3.11405876e-01 -2.31909987e-01 -1.32484661e-01  5.55658388e-02 -2.31909987e-01
      9.21000000 -1.58667155e-01  1.15515435e+00  1.45389868e+00  1.07262160e+00 -1.66135663e+00 -1.53931117e+00  1.33901694e+00 -1.66135663e+00  7.70643439e-03  1.24561119e-01  1.14517576e-01  3.40701853e-01 -2.52197810e-01 -1.41770171e-01  5.86788104e-02 -2.52197810e-01
      9.31000000 -1.57874862e-01  1.16811242e+00  1.46577059e+00  1.10831001e+00 -1.68768705e+00 -1.55399322e+00  1.34504918e+00 -1.68768705e+00  8.14216936e-03  1.34749942e-01  1.23077294e-01  3.73725016e-01 -2.74825076e-01 -1.52047981e-01  6.20037124e-02 -2.74825076e-01
      9.41000000 -1.57037972e-01  1.18213641e+00  1.47854766e+00  1.14750637e+00 -1.71640977e+00 -1.56975872e+00  1.35142578e+00 -1.71640977e+00  8.60038256e-03  1.45901780e-01  1.32643129e-01  4.10942416e-01 -3.00097265e-01 -1.63464944e-01  6.55717659e-02 -3.00097265e-01
      9.51000000 -1.56153622e-01  1.19732965e+00  1.49233740e+00  1.19065518e+00 -1.74780590e+00 -1.58672962e+00  1.35817282e+00 -1.74780590e+00  9.09350038e-03  1.58160611e-01  1.43355143e-01  4.52861556e-01 -3.28352349e-01 -1.76184958e-01  6.94188454e-02 -3.28352349e-01
      9.61000000 -1.55217674e-01  1.21381097e+00  1.50726211e+00  1.23825330e+00 -1.78219185e+00 -1.60504522e+00  1.36532021e+00 -1.78219185e+00  9.63461253e-03  1.71693224e-01  1.55370264e-01  5.00019652e-01 -3.59956404e-01 -1.90391006e-01  7.35860617e-02 -3.59956404e-01
      9.71000000 -1.54224630e-01  1.23171707e+00  1.52346071e+00  1.29085196e+00 -1.81992162e+00 -1.62486414e+00  1.37290227e+00 -1.81992162e+00  1.02378623e-02  1.86690019e-01  1.68863917e-01  5.52962237e-01 -3.95293610e-01 -2.06287212e-01  7.81203958e-02 -3.95293610e-01
      9.81000000 -1.53167510e-01  1.25120488e+00  1.54109065e+00  1.34905587e+00 -1.86138783e+00 -1.64636654e+00  1.38095831e+00 -1.86138783e+00  1.09189303e-02  2.03364955e-01  1.84030997e-01  6.12205566e-01 -4.34747595e-01 -2.24100641e-01  8.30753820e-02 -4.34747595e-01
      9.91000000 -1.52037660e-01  1.27245385e+00  1.56032981e+00  1.41351749e+00 -1.90702017e+00 -1.66975652e+00  1.38953338e+00 -1.90702017e+00  1.16956229e-02  2.21954079e-01  2.01085559e-01  6.78175334e-01 -4.78669979e-01 -2.44082472e-01  8.85118347e-02 -4.78669979e-01
     10.01000000 -1.50824514e-01  1.29566797e+00  1.58137836e+00  1.48492353e+00 -1.95727994e+00 -1.69526447e+00  1.39867901e+00 -1.95727994e+00  1.25885795e-02  2.42711800e-01  2.20258275e-01  7.51112203e-01 -5.27330759e-01 -2.66507933e-01  9.44985924e-02 -5.27330759e-01
     10.11000000 -1.49515263e-01  1.32107735e+00  1.60446011e+00  1.56396997e+00 -2.01264837e+00 -1.72314945e+00  1.40845402e+00 -2.01264837e+00  1.36221222e-02  2.65903776e-01  2.41790331e-01  8.30933477e-01 -5.80844383e-01 -2.91674173e-01  1.01113234e-01 -5.80844383e-01
     10.21000000 -1.48094442e-01  1.34893872e+00  1.62982310e+00  1.65132062e+00 -2.07360618e+00 -1.75370111e+00  1.41892547e+00 -2.07360618e+00  1.48252775e-02  2.91795002e-01  2.65922019e-01  9.17041542e-01 -6.39065778e-01 -3.19894970e-01  1.08442685e-01 -6.39065778e-01
     10.31000000 -1.46543396e-01  1.37953458e+00  1.65773858e+00  1.74754367e+00 -2.14060104e+00 -1.78724095e+00  1.43016959e+00 -2.14060104e+00  1.62330149e-02  3.20631607e-01  2.92873989e-01  1.00807633e+00 -7.01453794e-01 -3.51490931e-01  1.16583578e-01 -7.01453794e-01
     10.41000000 -1.44839616e-01  1.41317003e+00  1.68849776e+00  1.85302119e+00 -2.21399995e+00 -1.82412223e+00  1.44227277e+00 -2.21399995e+00  1.78877613e-02  3.52615146e-01  3.22819169e-01  1.10162525e+00 -7.66907870e-01 -3.86773772e-01  1.25642188e-01 -7.66907870e-01
     10.51000000 -1.42955898e-01  1.45016676e+00  1.72240522e+00  1.96782912e+00 -2.29402483e+00 -1.86472801e+00  1.45533245e+00 -2.29402483e+00  1.98412729e-02  3.87869387e-01  3.55844284e-01  1.19393393e+00 -8.33599477e-01 -4.26023580e-01  1.35733663e-01 -8.33599477e-01
     10.61000000 -1.40859304e-01  1.49085335e+00  1.75976792e+00  2.09159180e+00 -2.38067260e+00 -1.90946657e+00  1.46945800e+00 -2.38067260e+00  2.21569738e-02  4.26401899e-01  3.91902160e-01  1.27970509e+00 -8.98843703e-01 -4.69458953e-01  1.46980241e-01 -8.98843703e-01
     10.71000000 -1.38509850e-01  1.53555175e+00  1.80087925e+00  2.22332625e+00 -2.47362754e+00 -1.95876353e+00  1.48477121e+00 -2.47362754e+00  2.49128912e-02  4.68066537e-01  4.30760119e-01  1.35212003e+00 -9.59082914e-01 -5.17201842e-01  1.59508089e-01 -9.59082914e-01
     10.81000000 -1.35858867e-01  1.58456040e+00  1.84599813e+00  2.36130626e+00 -2.57218104e+00 -2.01305035e+00  1.50140651e+00 -2.57218104e+00  2.82053303e-02  5.12537221e-01  4.71955204e-01  1.40323858e+00 -1.01006855e+00 -5.69241689e-01  1.73442457e-01 -1.01006855e+00
     10.91000000 -1.32846961e-01  1.63813597e+00  1.89532461e+00  2.50299030e+00 -2.67518244e+00 -2.07274956e+00  1.51951053e+00 -2.67518244e+00  3.21533969e-02  5.59306150e-01  5.14771873e-01  1.42488257e+00 -1.04730430e+00 -6.25406408e-01  1.88901020e-01 -1.04730430e+00
     11.01000000 -1.29401462e-01  1.69647647e+00  1.94897503e+00  2.64506076e+00 -2.78104699e+00 -2.13825775e+00  1.53924094e+00 -2.78104699e+00  3.69043667e-02  6.07717417e-01  5.58258326e-01  1.40995220e+00 -1.06673441e+00 -6.85349097e-01  2.05985607e-01 -1.06673441e+00
     11.11000000 -1.25433321e-01  1.75970972e+00  2.00696120e+00  2.78360556e+00 -2.88783961e+00 -2.20992838e+00  1.56076444e+00 -2.88783961e+00  4.26396692e-02  6.57037138e-01  6.01289990e-01  1.35389284e+00 -1.06553763e+00 -7.48557343e-01  2.24772959e-01 -1.06553763e+00
     11.21000000 -1.20833381e-01  1.82789006e+00  2.06917801e+00  2.91443511e+00 -2.99343346e+00 -2.28805665e+00  1.58425376e+00 -2.99343346e+00  4.95809006e-02  7.06545280e-01  6.42672687e-01  1.25584766e+00 -1.04278335e+00 -8.14385462e-01  2.45305624e-01 -1.04278335e+00
     11.31000000 -1.15468104e-01  1.90100415e+00  2.13540238e+00  3.03347953e+00 -3.09571667e+00 -2.37286844e+00  1.60988382e+00 -3.09571667e+00  5.79948339e-02  7.55619481e-01  6.81259817e-01  1.11905807e+00 -9.99707723e-01 -8.82101105e-01  2.67584351e-01 -9.99707723e-01
     11.41000000 -1.09174893e-01  1.97898326e+00  2.20530313e+00  3.13718026e+00 -3.19280255e+00 -2.46451401e+00  1.63782735e+00 -3.19280255e+00  6.81959680e-02  8.03777032e-01  7.16048338e-01  9.50355217e-01 -9.39504546e-01 -9.50930688e-01  2.91563225e-01 -9.39504546e-01
     11.51000000 -1.01757363e-01  2.06171678e+00  2.27845811e+00  3.22279345e+00 -3.28319777e+00 -2.56306550e+00  1.66825006e+00 -3.28319777e+00  8.05448520e-02  8.50652607e-01  7.46224727e-01  7.58970822e-01 -8.66726822e-01 -1.02008764e+00  3.17148276e-01 -8.66726822e-01
     11.61000000 -9.29810629e-02  2.14906001e+00  2.35437298e+00  3.28855973e+00 -3.36590084e+00 -2.66851590e+00  1.70130593e+00 -3.36590084e+00  9.54403252e-02  8.95911560e-01  7.71152202e-01  5.55138125e-01 -7.86533678e-01 -1.08877439e+00  3.44199531e-01 -7.86533678e-01
     11.71000000 -8.25703597e-02  2.24083105e+00  2.43249630e+00  3.33374280e+00 -3.44042778e+00 -2.78077707e+00  1.73713284e+00 -3.44042778e+00  1.13303900e-01  9.39121260e-01  7.90313769e-01  3.48926400e-01 -7.04020627e-01 -1.15615979e+00  3.72535713e-01 -7.04020627e-01
     11.81000000 -7.02073336e-02  2.33679419e+00  2.51222795e+00  3.35857345e+00 -3.50678119e+00 -2.89967458e+00  1.77584872e+00 -3.50678119e+00  1.34554733e-01  9.79617655e-01  8.03241582e-01  1.49528014e-01 -6.23769529e-01 -1.22134329e+00  4.01940370e-01 -6.23769529e-01
     11.91000000 -5.55337074e-02  2.43663146e+00  2.59292121e+00  3.36414436e+00 -3.56538634e+00 -3.02493902e+00  1.81754837e+00 -3.56538634e+00  1.59573943e-01  1.01640860e+00  8.09466871e-01 -3.50322485e-02 -5.49631941e-01 -1.28332146e+00  4.32168181e-01 -5.49631941e-01
     12.01000000 -3.81569094e-02  2.53990794e+00  2.67388211e+00  3.35228991e+00 -3.61701460e+00 -3.15619471e+00  1.86230086e+00 -3.61701460e+00  1.88657471e-01  1.04815084e+00  8.08517453e-01 -1.97945441e-01 -4.84679896e-01 -1.34097102e+00  4.62950488e-01 -4.84679896e-01
     12.11000000 -1.76614282e-02  2.64603948e+00  2.75437141e+00  3.32546446e+00 -3.66270672e+00 -3.29294786e+00  1.91014738e+00 -3.66270672e+00  2.21957497e-01  1.07322480e+00  7.99974720e-01 -3.33626991e-01 -4.31236404e-01 -1.39305687e+00  4.93999651e-01 -4.31236404e-01
     12.21000000  6.37345359e-03  2.75427310e+00  2.83361508e+00  3.28661584e+00 -3.70370010e+00 -3.43457686e+00  1.96109959e+00 -3.70370010e+00  2.59413862e-01  1.08990958e+00  7.83582454e-01 -4.37820200e-01 -3.90916466e-01 -1.43826507e+00  5.25012311e-01 -3.90916466e-01
     12.31000000  3.43487203e-02  2.86368885e+00  2.91082711e+00  3.23904217e+00 -3.74135905e+00 -3.58032684e+00  2.01513809e+00 -3.74135905e+00  3.00679461e-01  1.09663193e+00  7.59380263e-01 -5.07822020e-01 -3.64644296e-01 -1.47525306e+00  5.55672015e-01 -3.64644296e-01
     12.41000000  6.66132236e-02  2.97322810e+00  2.98524536e+00  3.18622258e+00 -3.77710555e+00 -3.72930950e+00  2.07221134e+00 -3.77710555e+00  3.45047317e-01  1.09223414e+00  7.27821082e-01 -5.42757820e-01 -3.52646099e-01 -1.50270436e+00  5.85651838e-01 -3.52646099e-01
     12.51000000  1.03424575e-01  3.08174663e+00  3.05617647e+00  3.13162351e+00 -3.81234880e+00 -3.88050824e+00  2.13223466e+00 -3.81234880e+00  3.91391849e-01  1.07619002e+00  6.89831800e-01 -5.43774646e-01 -3.54440683e-01 -1.51937531e+00  6.14617654e-01 -3.54440683e-01
     12.61000000  1.44905575e-01  3.18808404e+00  3.12304295e+00  3.07849502e+00 -3.84841514e+00 -4.03278714e+00  2.19508983e+00 -3.84841514e+00  4.38141471e-01  1.04870798e+00  6.46791267e-01 -5.14029384e-01 -3.68858074e-01 -1.52412783e+00  6.42232638e-01 -3.68858074e-01
     12.71000000  1.91000278e-01  3.29113657e+00  3.18542369e+00  3.02968137e+00 -3.88648212e+00 -4.18490272e+00  2.26062504e+00 -3.88648212e+00  4.83301972e-01  1.01069471e+00  6.00425937e-01 -4.58413428e-01 -3.94109956e-01 -1.51595283e+00  6.68163549e-01 -3.94109956e-01
     12.81000000  2.41435659e-01  3.38991988e+00  3.24308107e+00  2.98747139e+00 -3.92752274e+00 -4.33551819e+00  2.32865568e+00 -3.92752274e+00  5.24547315e-01  9.63598906e-01  5.52648854e-01 -3.83045303e-01 -4.27919890e-01 -1.49399920e+00  6.92089208e-01 -4.27919890e-01
     12.91000000  2.95696067e-01  3.48361246e+00  3.29597062e+00  2.95350704e+00 -3.97226533e+00 -4.48322160e+00  2.39896606e+00 -3.97226533e+00  5.59384340e-01  9.09189469e-01  5.05381405e-01 -2.94633218e-01 -4.67703478e-01 -1.45762643e+00  7.13711387e-01 -4.67703478e-01
     13.01000000  3.53017476e-01  3.57157628e+00  3.34423369e+00  2.92875701e+00 -4.02117294e+00 -4.62655095e+00  2.47131238e+00 -4.02117294e+00  5.85380590e-01  8.49332204e-01  4.60395059e-01 -1.99832531e-01 -5.10775755e-01 -1.40649177e+00  7.32767961e-01 -5.10775755e-01
     13.11000000  4.12406453e-01  3.65335709e+00  3.38817626e+00  2.91355047e+00 -4.07444382e+00 -4.76402965e+00  2.54542702e+00 -4.07444382e+00  6.00423957e-01  7.85814174e-01  4.19196366e-01 -1.04699966e-01 -5.54558149e-01 -1.34066597e+00  7.49047736e-01 -5.54558149e-01
     13.21000000  4.72684731e-01  3.72867076e+00  3.42823882e+00  2.90765789e+00 -4.13203139e+00 -4.89421386e+00  2.62102445e+00 -4.13203139e+00  6.02966324e-01  7.20237829e-01  3.82961512e-01 -1.42999829e-02 -5.96759602e-01 -1.26075242e+00  7.62405943e-01 -5.96759602e-01
     13.31000000  5.32555151e-01  3.79738224e+00  3.46496186e+00  2.91040318e+00 -4.19368024e+00 -5.01575057e+00  2.69780860e+00 -4.19368024e+00  5.92199091e-01  6.53981798e-01  3.52513866e-01  6.75254073e-02 -6.35512932e-01 -1.16797345e+00  7.72779148e-01 -6.35512932e-01
     13.41000000  5.90679997e-01  3.85948346e+00  3.49895081e+00  2.92079119e+00 -4.25897303e+00 -5.12744110e+00  2.77548170e+00 -4.25897303e+00  5.68120843e-01  5.88210223e-01  3.28332192e-01  1.38240028e-01 -6.69455472e-01 -1.06419068e+00  7.80198341e-01 -6.69455472e-01
     13.51000000  6.45760023e-01  3.91507343e+00  3.53084284e+00  2.93763736e+00 -4.32738254e+00 -5.22830276e+00  2.85375420e+00 -4.32738254e+00  5.31483830e-01  5.23908467e-01  3.10577388e-01  1.96578021e-01 -6.97751035e-01 -9.51844782e-01  7.84799146e-01 -6.97751035e-01
     13.61000000  6.96602671e-01  3.96434259e+00  3.56127677e+00  2.95968915e+00 -4.39832314e+00 -5.31762059e+00  2.93235568e+00 -4.39832314e+00  4.83636604e-01  4.61926599e-01  2.99129070e-01  2.42418713e-01 -7.20057778e-01 -8.33823778e-01  7.86828349e-01 -7.20057778e-01
     13.71000000  7.42170994e-01  4.00756129e+00  3.59086709e+00  2.98573162e+00 -4.47119670e+00 -5.39498362e+00  3.01104603e+00 -4.47119670e+00  4.26303424e-01  4.03018772e-01  2.93627261e-01  2.76599499e-01 -7.36453114e-01 -7.13288930e-01  7.86646202e-01 -7.36453114e-01
     13.81000000  7.81609398e-01  4.04507180e+00  3.62018212e+00  3.01467225e+00 -4.54542964e+00 -5.46030310e+00  3.08962681e+00 -4.54542964e+00  3.61349035e-01  3.47873120e-01  2.93517356e-01  3.00693067e-01 -7.47331672e-01 -5.93493455e-01  7.84724220e-01 -7.47331672e-01
     13.91000000  8.14246911e-01  4.07728276e+00  3.64972701e+00  3.04560284e+00 -4.62049906e+00 -5.51381337e+00  3.16795198e+00 -4.62049906e+00  2.90570217e-01  2.97131506e-01  2.98097936e-01  3.16774092e-01 -7.53294532e-01 -4.77623135e-01  7.81638448e-01 -7.53294532e-01
     14.01000000  8.39582061e-01  4.10466517e+00  3.67993151e+00  3.07783841e+00 -4.69594818e+00 -5.55605873e+00  3.24593794e+00 -4.69594818e+00  2.15539004e-01  2.51400990e-01  3.06571089e-01  3.27198083e-01 -7.55047041e-01 -3.68673614e-01  7.78058530e-01 -7.55047041e-01
     14.11000000  8.57255019e-01  4.12774929e+00  3.71114289e+00  3.11093547e+00 -4.77139248e+00 -5.58786982e+00  3.32357210e+00 -4.77139248e+00  1.37504577e-01  2.11259668e-01  3.18094357e-01  3.34410321e-01 -7.53318768e-01 -2.69364597e-01  7.74733211e-01 -7.53318768e-01
     14.21000000  8.67012637e-01  4.14712183e+00  3.74362415e+00  3.14469312e+00 -4.84651942e+00 -5.61033293e+00  3.40092004e+00 -4.84651942e+00  5.73473603e-02  1.77259269e-01  3.31832704e-01  3.40796274e-01 -7.48813631e-01 -1.82081505e-01  7.72473161e-01 -7.48813631e-01
     14.31000000  8.68670952e-01  4.16342342e+00  3.77755723e+00  3.17914150e+00 -4.92108470e+00 -5.62475437e+00  3.47813067e+00 -4.92108470e+00 -2.44280322e-02  1.49926210e-01  3.47008433e-01  3.48577829e-01 -7.42192082e-01 -1.08832281e-01  7.72132006e-01 -7.42192082e-01
     14.41000000  8.62078337e-01  4.17734606e+00  3.81305110e+00  3.21452210e+00 -4.99490822e+00 -5.63262078e+00  3.55543962e+00 -4.99490822e+00 -1.07675154e-01  1.29762080e-01  3.62946838e-01  3.59753603e-01 -7.34081822e-01 -5.12099171e-02  7.74586195e-01 -7.34081822e-01
     14.51000000  8.47081174e-01  4.18963072e+00  3.85015408e+00  3.25126408e+00 -5.06787228e+00 -5.63555588e+00  3.63317038e+00 -5.06787228e+00 -1.92574302e-01  1.17243894e-01  3.79115579e-01  3.76077449e-01 -7.25109476e-01 -1.03573432e-02  7.80713675e-01 -7.25109476e-01
     14.61000000  8.23493096e-01  4.20106481e+00  3.88886973e+00  3.28996001e+00 -5.13992356e+00 -5.63527391e+00  3.71173338e+00 -5.13992356e+00 -2.79592905e-01  1.12823934e-01  3.95156217e-01  3.99067088e-01 -7.15943471e-01  1.30622362e-02  7.91370371e-01 -7.15943471e-01
     14.71000000  7.91068592e-01  4.21247969e+00  3.92917543e+00  3.33134360e+00 -5.21107952e+00 -5.63353065e+00  3.79162238e+00 -5.21107952e+00 -3.69437509e-01  1.16928437e-01  4.10906873e-01  4.30034246e-01 -7.07338071e-01  1.88820558e-02  8.07362039e-01 -7.07338071e-01
     14.81000000  7.49482051e-01  4.22474790e+00  3.97104280e+00  3.37627120e+00 -5.28143892e+00 -5.63207384e+00  3.87340773e+00 -5.28143892e+00 -4.62991554e-01  1.29953562e-01  4.26415556e-01  4.70127856e-01 -7.00169812e-01  7.42689925e-03  8.29407305e-01 -7.00169812e-01
     14.91000000  6.98314159e-01  4.23877971e+00  4.01445897e+00  3.42570794e+00 -5.35119526e+00 -5.63259542e+00  3.95772518e+00 -5.35119526e+00 -5.61228266e-01  1.52255863e-01  4.41944170e-01  5.20382110e-01 -6.95459916e-01 -2.05196702e-02  8.58085625e-01 -6.95459916e-01
     15.01000000  6.37048865e-01  4.25551833e+00  4.05944777e+00  3.48071848e+00 -5.42065171e+00 -5.63668849e+00  4.04525847e+00 -5.42065171e+00 -6.65083908e-01  1.84132832e-01  4.57963496e-01  5.81760639e-01 -6.94378781e-01 -6.37772859e-02  8.93761790e-01 -6.94378781e-01
     15.11000000  5.65085710e-01  4.27593235e+00  4.10609003e+00  3.54246167e+00 -5.49023533e+00 -5.64581180e+00  4.13671270e+00 -5.49023533e+00 -7.75273960e-01  2.25786979e-01  4.75139521e-01  6.55186286e-01 -6.98230361e-01 -1.20855370e-01  9.36477266e-01 -6.98230361e-01
     15.21000000  4.81774136e-01  4.30100346e+00  4.15454204e+00  3.61218683e+00 -5.56050882e+00 -5.66126372e+00  4.23277489e+00 -5.56050882e+00 -8.92035074e-01  2.77264959e-01  4.94311162e-01  7.41542225e-01 -7.08414176e-01 -1.90054592e-01  9.85799672e-01 -7.08414176e-01
     15.31000000  3.86477778e-01  4.33170641e+00  4.20505135e+00  3.69122787e+00 -5.63217698e+00 -5.68416661e+00  4.33405716e+00 -5.63217698e+00 -1.01478255e+00  3.38362447e-01  5.16458857e-01  8.41624182e-01 -7.26360331e-01 -2.69570321e-01  1.04062805e+00 -7.26360331e-01
     15.41000000  2.78676992e-01  4.36897751e+00  4.25796896e+00  3.78098912e+00 -5.70608517e+00 -5.71546100e+00  4.44101878e+00 -5.70608517e+00 -1.14169261e+00  4.08488190e-01  5.42662552e-01  9.56015110e-01 -7.53428026e-01 -3.57584664e-01  1.09896747e+00 -7.53428026e-01
     15.51000000  1.58115096e-01  4.41366743e+00  4.31375657e+00  3.88291309e+00 -5.78320494e+00 -5.75590799e+00  4.55386569e+00 -5.78320494e+00 -1.26925839e+00  4.86490273e-01  5.74046687e-01  1.08484422e+00 -7.90751665e-01 -4.52335649e-01  1.15771618e+00 -7.90751665e-01
     15.61000000  2.49859506e-02  4.46647577e+00  4.37298770e+00  3.99841664e+00 -5.86460095e+00 -5.80609700e+00  4.67243284e+00 -5.86460095e+00 -1.39193224e+00  5.70468220e-01  6.11709051e-01  1.22738623e+00 -8.39013232e-01 -5.52156155e-01  1.21255137e+00 -8.39013232e-01
     15.71000000 -1.19854523e-01  4.52786814e+00  4.43634060e+00  4.12877736e+00 -5.95137044e+00 -5.86645593e+00  4.79606524e+00 -5.95137044e+00 -1.50204161e+00  6.57626886e-01  6.56630406e-01  1.38146491e+00 -8.98120908e-01 -6.55480898e-01  1.25804212e+00 -8.98120908e-01
     15.81000000 -2.74691762e-01  4.59798455e+00  4.50458121e+00  4.27495058e+00 -6.04454578e+00 -5.93726048e+00  4.92352745e+00 -6.04454578e+00 -1.59020976e+00  7.44263667e-01  7.09562918e-01  1.54266844e+00 -9.66792506e-01 -7.60826144e-01  1.28812589e+00 -9.66792506e-01
     15.91000000 -4.36831104e-01  4.67655754e+00  4.57853383e+00  4.43730258e+00 -6.14495220e+00 -6.01864052e+00  5.05298207e+00 -6.14495220e+00 -1.64645280e+00  8.25994079e-01  7.70897959e-01  1.70349093e+00 -1.04209312e+00 -8.66752102e-01  1.29700818e+00 -1.04209312e+00
     16.01000000 -6.02619033e-01  4.76286775e+00  4.65903772e+00  4.61526594e+00 -6.25302261e+00 -6.11058232e+00  5.18207517e+00 -6.25302261e+00 -1.66190101e+00  8.98275803e-01  8.40518342e-01  1.85270310e+00 -1.11906988e+00 -9.71819058e-01  1.28036257e+00 -1.11906988e+00
     16.11000000 -7.67652708e-01  4.85576485e+00  4.74688868e+00  4.80696463e+00 -6.36859103e+00 -6.21292634e+00  5.30814296e+00 -6.36859103e+00 -1.63074829e+00  9.57169043e-01  9.17647720e-01  1.97548108e+00 -1.19074341e+00 -1.07454315e+00  1.23648041e+00 -1.19074341e+00
     16.21000000 -9.27168585e-01  4.95376782e+00  4.84276640e+00  5.00891615e+00 -6.49071638e+00 -6.32536049e+00  5.42851146e+00 -6.49071638e+00 -1.55176579e+00  1.00011489e+00  1.00072233e+00  2.05490963e+00 -1.24877130e+00 -1.17334852e+00  1.16691006e+00 -1.24877130e+00
     16.31000000 -1.07653386e+00  5.05523142e+00  4.94715168e+00  5.21596730e+00 -6.61761444e+00 -6.44740807e+00  5.54082041e+00 -6.61761444e+00 -1.42876949e+00  1.02643349e+00  1.08732536e+00  2.07513795e+00 -1.28494763e+00 -1.26650744e+00  1.07627539e+00 -1.28494763e+00
     16.41000000 -1.21172235e+00  5.15853895e+00  5.06024226e+00  5.42160683e+00 -6.74677264e+00 -6.57840903e+00  5.64328861e+00 -6.74677264e+00 -1.26985823e+00  1.03733390e+00  1.17423042e+00  2.02556316e+00 -1.29326525e+00 -1.35206803e+00  9.71329283e-01 -1.29326525e+00
     16.51000000 -1.32966575e+00  5.26227135e+00  5.18187964e+00  5.61868181e+00 -6.87526745e+00 -6.71749402e+00  5.73486186e+00 -6.87526745e+00 -1.08577924e+00  1.03545268e+00  1.25758040e+00  1.90438826e+00 -1.27174491e+00 -1.42778793e+00  8.59635665e-01 -1.27174491e+00
     16.61000000 -1.42842487e+00  5.36531514e+00  5.31150000e+00  5.80035893e+00 -7.00021326e+00 -6.86355369e+00  5.81523101e+00 -7.00021326e+00 -8.88074077e-01  1.02414068e+00  1.33318050e+00  1.71971821e+00 -1.22310616e+00 -1.49111110e+00  7.48358093e-01 -1.22310616e+00
     16.71000000 -1.50718917e+00  5.46689790e+00  5.44811728e+00  5.96103775e+00 -7.11920108e+00 -7.01520947e+00  5.88474786e+00 -7.11920108e+00 -6.87570406e-01  1.00676346e+00  1.39683751e+00  1.48754530e+00 -1.15390359e+00 -1.53922789e+00  6.43459215e-01 -1.15390359e+00
     16.81000000 -1.56615462e+00  5.56656202e+00  5.59033945e+00  6.09694654e+00 -7.23059112e+00 -7.17079574e+00  5.94428459e+00 -7.23059112e+00 -4.93469058e-01  9.86184746e-01  1.44467211e+00  1.22771385e+00 -1.07260859e+00 -1.56924505e+00  5.49360594e-01 -1.07260859e+00
     16.91000000 -1.60633882e+00  5.66409816e+00  5.73641294e+00  6.20631477e+00 -7.33359993e+00 -7.32836467e+00  5.99507748e+00 -7.33359993e+00 -3.12975174e-01  9.64474850e-01  1.47336939e+00  9.59801480e-01 -9.87572745e-01 -1.57846654e+00  4.68941484e-01 -9.87572745e-01
     17.01000000 -1.62937829e+00  5.75945948e+00  5.88428936e+00  6.28919318e+00 -7.42821036e+00 -7.48572354e+00  6.03858054e+00 -7.42821036e+00 -1.51277322e-01  9.42810712e-01  1.48037878e+00  7.00335041e-01 -9.05603364e-01 -1.56475446e+00  4.03713976e-01 -9.05603364e-01
     17.11000000 -1.63733296e+00  5.85267345e+00  6.03171084e+00  6.34707924e+00 -7.51498057e+00 -7.64050963e+00  6.07634020e+00 -7.51498057e+00 -1.16832343e-02  9.21517231e-01  1.46408919e+00  4.61652146e-01 -8.31361354e-01 -1.52690668e+00  3.54054055e-01 -8.31361354e-01
     17.21000000 -1.63250702e+00  5.94376297e+00  6.17631202e+00  6.38249347e+00 -7.59482730e+00 -7.79030016e+00  6.10989333e+00 -7.59482730e+00  1.04198386e-01  9.00208037e-01  1.42398487e+00  2.51946575e-01 -7.67401667e-01 -1.46496494e+00  3.19430402e-01 -7.67401667e-01
     17.31000000 -1.61728878e+00  6.03268514e+00  6.31573557e+00  6.39859250e+00 -7.66883284e+00 -7.93274595e+00  6.14068719e+00 -7.66883284e+00  1.96257555e-01  8.77992487e-01  1.36075447e+00  7.58652232e-02 -7.14559195e-01 -1.38036870e+00  2.98617353e-01 -7.14559195e-01
     17.41000000 -1.59401225e+00  6.11929282e+00  6.44775443e+00  6.39885005e+00 -7.73809744e+00 -8.06571037e+00  6.17002019e+00 -7.73809744e+00  2.65647339e-01  8.53716888e-01  1.27630703e+00 -6.47829049e-02 -6.72440505e-01 -1.27590339e+00  2.89896044e-01 -6.72440505e-01
     17.51000000 -1.56484473e+00  6.20332044e+00  6.57038930e+00  6.38680577e+00 -7.80364009e+00 -8.18739285e+00  6.19900224e+00 -7.80364009e+00  3.14496042e-01  8.26205473e-01  1.17365824e+00 -1.70390810e-01 -6.39883393e-01 -1.15544831e+00  2.91246155e-01 -6.39883393e-01
     17.61000000 -1.53170565e+00  6.28439262e+00  6.68200797e+00  6.36587276e+00 -7.86634090e+00 -8.29641949e+00  6.22853358e+00 -7.86634090e+00  3.45576533e-01  7.94466602e-01  1.05668353e+00 -2.43012009e-01 -6.15325573e-01 -1.02358566e+00  3.00522143e-01 -6.15325573e-01
     17.71000000 -1.49621905e+00  6.36205028e+00  6.78139473e+00  6.33919598e+00 -7.92691523e+00 -8.39189147e+00  6.25929999e+00 -7.92691523e+00  3.61968268e-01  7.57836553e-01  9.29775138e-01 -2.85878936e-01 -5.97070054e-01 -8.85163144e-01  3.15602230e-01 -5.97070054e-01
     17.81000000 -1.45969851e+00  6.43578751e+00  6.86778326e+00  6.30955697e+00 -7.98590952e+00 -8.47339122e+00  6.29178104e+00 -7.98590952e+00  3.66756825e-01  7.16047059e-01  7.97467609e-01 -3.02956437e-01 -5.83457702e-01 -7.44899087e-01  3.34499436e-01 -5.83457702e-01
     17.91000000 -1.42315859e+00  6.50509139e+00  6.94085343e+00  6.27932133e+00 -8.04371061e+00 -8.54095373e+00  6.32626740e+00 -8.04371061e+00  3.62805564e-01  6.69219852e-01  6.64100068e-01 -2.98533713e-01 -5.72967133e-01 -6.07087873e-01  3.55430367e-01 -5.72967133e-01
     18.01000000 -1.38734494e+00  6.56947832e+00  7.00069832e+00  6.25042439e+00 -8.10056231e+00 -8.59501446e+00  6.36288298e+00 -8.10056231e+00  3.52613426e-01  6.17805944e-01  5.33563927e-01 -2.76875950e-01 -5.64264322e-01 -4.75424080e-01  3.76845379e-01 -5.64264322e-01
     18.11000000 -1.35277438e+00  6.62852253e+00  7.04777118e+00  6.22438764e+00 -8.15658526e+00 -8.63634499e+00  6.40160854e+00 -8.15658526e+00  3.38252806e-01  5.62495043e-01  4.09155030e-01 -2.41957293e-01 -5.56222076e-01 -3.52931146e-01  3.97429712e-01 -5.56222076e-01
     18.21000000 -1.31977805e+00  6.68187514e+00  7.08282255e+00  6.20235742e+00 -8.21179799e+00 -8.66598557e+00  6.44230449e+00 -8.21179799e+00  3.21368960e-01  5.04120232e-01  2.93521657e-01 -1.97285296e-01 -5.47924819e-01 -2.41963521e-01  4.16087607e-01 -5.47924819e-01
     18.31000000 -1.28854244e+00  6.72927428e+00  7.10683598e+00  6.18515663e+00 -8.26613803e+00 -8.68518010e+00  6.48473170e+00 -8.26613803e+00  3.03218452e-01  4.43576707e-01  1.88683045e-01 -1.45812663e-01 -5.38668606e-01 -1.44248849e-01  4.31920521e-01 -5.38668606e-01
     18.41000000 -1.25914544e+00  6.77054823e+00  7.12096784e+00  6.17334158e+00 -8.31948310e+00 -8.69531624e+00  6.52857022e+00 -8.31948310e+00  2.84726557e-01  3.81764695e-01  9.60883701e-02 -8.99211269e-02 -5.27961100e-01 -6.09439221e-02  4.44207626e-01 -5.27961100e-01
     18.51000000 -1.23158642e+00  6.80561412e+00  7.12649401e+00  6.16725763e+00 -8.37167230e+00 -8.69787107e+00  6.57343633e+00 -8.37167230e+00  2.66548862e-01  3.19558455e-01  1.66902376e-02 -3.14571508e-02 -5.15522222e-01  7.31104712e-03  4.52392992e-01 -5.15522222e-01
     18.61000000 -1.20581026e+00  6.83447479e+00  7.12476373e+00  6.16708953e+00 -8.42252732e+00 -8.69436187e+00  6.61889871e+00 -8.42252732e+00  2.49128027e-01  2.57797547e-01 -4.89848407e-02  2.82011562e-02 -5.01283645e-01  6.03450296e-02  4.56080371e-01 -5.01283645e-01
     18.71000000 -1.18172620e+00  6.85721554e+00  7.11716014e+00  6.17290433e+00 -8.47187345e+00 -8.68630133e+00  6.66449442e+00 -8.47187345e+00  2.32741476e-01  1.97293566e-01 -1.00777608e-01  8.80636218e-02 -4.85384217e-01  9.84136664e-02  4.55033711e-01 -4.85384217e-01
     18.81000000 -1.15922238e+00  6.87400201e+00  7.10506586e+00  6.18468605e+00 -8.51955976e+00 -8.67515704e+00  6.70974503e+00 -8.51955976e+00  2.17539071e-01  1.38844877e-01 -1.38850303e-01  1.47447573e-01 -4.68158648e-01  1.22156177e-01  4.49179900e-01 -4.68158648e-01
     18.91000000 -1.13817713e+00  6.88507971e+00  7.08983277e+00  6.20236281e+00 -8.56547784e+00 -8.66231549e+00  6.75417301e+00 -8.56547784e+00  2.03571862e-01  8.32526335e-02 -1.63650837e-01  2.05906486e-01 -4.50117994e-01  1.32546128e-01  4.38609716e-01 -4.50117994e-01
     19.01000000 -1.11846764e+00  6.89077493e+00  7.07275493e+00  6.22582744e+00 -8.60957806e+00 -8.64905150e+00  6.79731794e+00 -8.60957806e+00  1.90813943e-01  3.13328971e-02 -1.75881755e-01  2.63172942e-01 -4.31922095e-01  1.30832689e-01  4.23573474e-01 -4.31922095e-01
     19.11000000 -1.09997683e+00  6.89149654e+00  7.05504475e+00  6.25495323e+00 -8.65188282e+00 -8.63650400e+00  6.83875196e+00 -8.65188282e+00  1.79179635e-01 -1.60787426e-02 -1.76468847e-01  3.19117998e-01 -4.14345720e-01  1.18472200e-01  4.04469196e-01 -4.14345720e-01
     19.21000000 -1.08259858e+00  6.88773779e+00  7.03781233e+00  6.28960638e+00 -8.69249622e+00 -8.62565908e+00  6.87809360e+00 -8.69249622e+00  1.68538029e-01 -5.81320917e-02 -1.66525693e-01  3.73726661e-01 -3.98241270e-01  9.70527959e-02  3.81822838e-01 -3.98241270e-01
     19.31000000 -1.06624154e+00  6.88007708e+00  7.02204873e+00  6.32965685e+00 -8.73160989e+00 -8.61734064e+00  6.91501929e+00 -8.73160989e+00  1.58726432e-01 -9.39775388e-02 -1.47312331e-01  4.27087474e-01 -3.84501308e-01  6.82167983e-02  3.56261781e-01 -3.84501308e-01
     19.41000000 -1.05083166e+00  6.86917675e+00  7.00861361e+00  6.37498858e+00 -8.76950526e+00 -8.61220878e+00  6.94927202e+00 -8.76950526e+00  1.49563716e-01 -1.22791026e-01 -1.20188262e-01  4.79392972e-01 -3.74023798e-01  3.35861401e-02  3.28484056e-01 -3.74023798e-01
     19.51000000 -1.03631337e+00  6.85577890e+00  6.99822783e+00  6.42551026e+00 -8.80655256e+00 -8.61076525e+00  6.98066676e+00 -8.80655256e+00  1.40864017e-01 -1.43807184e-01 -8.65614577e-02  5.30946890e-01 -3.67682048e-01 -5.30450161e-03  2.99226333e-01 -3.67682048e-01
     19.61000000 -1.02264934e+00  6.84069765e+00  6.99147121e+00  6.48116690e+00 -8.84320707e+00 -8.61336508e+00  7.00909281e+00 -8.84320707e+00  1.32450746e-01 -1.56357932e-01 -4.78359995e-02  5.82173316e-01 -3.66300108e-01 -4.70635269e-02  2.69233614e-01 -3.66300108e-01
     19.71000000 -1.00981883e+00  6.82480737e+00  6.98878549e+00  6.54195220e+00 -8.88000317e+00 -8.62023314e+00  7.03451326e+00 -8.88000317e+00  1.24170441e-01 -1.59912867e-01 -5.36126209e-03  6.33622304e-01 -3.70633052e-01 -9.04854313e-02  2.39232920e-01 -3.70633052e-01
     19.81000000 -9.97814784e-01  6.80902699e+00  6.99048217e+00  6.60792106e+00 -8.91754661e+00 -8.63148435e+00  7.05696212e+00 -8.91754661e+00  1.15905671e-01 -1.54117097e-01  3.96145507e-02  6.85965831e-01 -3.81350300e-01 -1.34580672e-01  2.09912317e-01 -3.81350300e-01
     19.91000000 -9.86639589e-01  6.79430084e+00  6.99675467e+00  6.67920089e+00 -8.95650508e+00 -8.64714625e+00  7.07653959e+00 -8.95650508e+00  1.07586019e-01 -1.38822026e-01  8.59841008e-02  7.39977208e-01 -3.99018966e-01 -1.78593037e-01  1.81905667e-01 -3.99018966e-01
     20.01000000 -9.76299987e-01  6.78157691e+00  7.00769405e+00  6.75599978e+00 -8.99759708e+00 -8.66718271e+00  7.09340612e+00 -8.99759708e+00  9.91961366e-02 -1.14105130e-01  1.32811900e-01  7.96486272e-01 -4.24083082e-01 -2.22005729e-01  1.55782714e-01 -4.24083082e-01
     20.11000000 -9.66801304e-01  6.77178381e+00  7.02330734e+00  6.83860851e+00 -9.04157813e+00 -8.69151778e+00  7.10777568e+00 -9.04157813e+00  9.07799938e-02 -8.02760676e-02  1.79355109e-01  8.56301826e-01 -4.56833497e-01 -2.64537507e-01  1.32043639e-01 -4.56833497e-01
     20.21000000 -9.58141485e-01  6.76580788e+00  7.04353734e+00  6.92739298e+00 -9.08922336e+00 -8.72005868e+00  7.11990868e+00 -9.08922336e+00  8.24407949e-02 -3.78683597e-02  2.25073045e-01  9.20092319e-01 -4.97362346e-01 -3.06130113e-01  1.11117005e-01 -4.97362346e-01
     20.31000000 -9.50305368e-01  6.76447175e+00  7.06828286e+00  7.02277201e+00 -9.14130448e+00 -8.75271711e+00  7.13010481e+00 -9.14130448e+00  7.43364486e-02  1.23819426e-02  2.69624543e-01  9.88216240e-01 -5.45495700e-01 -3.46927850e-01  9.33600761e-02 -5.45495700e-01
     20.41000000 -9.43259603e-01  6.76851558e+00  7.09741796e+00  7.12517569e+00 -9.19855870e+00 -8.78942823e+00  7.13869602e+00 -9.19855870e+00  6.66710207e-02  6.95672431e-02  3.12852456e-01  1.06049707e+00 -6.00699329e-01 -3.87249812e-01  7.90606800e-02 -6.00699329e-01
     20.51000000 -9.36948605e-01  6.77858170e+00  7.13080903e+00  7.23497829e+00 -9.26164683e+00 -8.83016640e+00  7.14603964e+00 -9.26164683e+00  5.96830725e-02  1.32644411e-01  3.54754690e-01  1.13594653e+00 -6.61956920e-01 -4.27554868e-01  6.84399988e-02 -6.61956920e-01
     20.61000000 -9.31291761e-01  6.79520285e+00  7.16832832e+00  7.35240198e+00 -9.33109811e+00 -8.87495713e+00  7.15251197e+00 -9.33109811e+00  5.36321860e-02  2.00471104e-01  3.95441504e-01  1.21245851e+00 -7.27629913e-01 -4.68399344e-01  6.16558661e-02 -7.27629913e-01
     20.71000000 -9.26182031e-01  6.81879400e+00  7.20986240e+00  7.47739032e+00 -9.40724116e+00 -8.92388440e+00  7.15850203e+00 -9.40724116e+00  4.87852203e-02  2.71839056e-01  4.35079817e-01  1.28652715e+00 -7.95324985e-01 -5.10387538e-01  5.88062610e-02 -7.95324985e-01
     20.81000000 -9.21485845e-01  6.84964723e+00  7.25531468e+00  7.60945874e+00 -9.49012395e+00 -8.97709272e+00  7.16440582e+00 -9.49012395e+00  4.54039150e-02  3.45503741e-01  4.73827413e-01  1.35308508e+00 -8.61818383e-01 -5.54116103e-01  5.99327162e-02 -8.61818383e-01
     20.91000000 -9.17044133e-01  6.88792956e+00  7.30460099e+00  7.74754027e+00 -9.57943201e+00 -9.03478344e+00  7.17062077e+00 -9.57943201e+00  4.37353679e-02  4.20213536e-01  5.11763601e-01  1.40559632e+00 -9.23108517e-01 -6.00115144e-01  6.50233491e-02 -9.23108517e-01
     21.01000000 -9.12674087e-01  6.93368390e+00  7.35763853e+00  7.88985928e+00 -9.67442151e+00 -9.09720519e+00  7.17754058e+00 -9.67442151e+00  4.40066642e-02  4.94744601e-01  5.48827526e-01  1.43654309e+00 -9.74672861e-01 -6.48791400e-01  7.40152365e-02 -9.74672861e-01
     21.11000000 -9.08171230e-01  6.98683408e+00  7.41432962e+00  8.03387694e+00 -9.77389025e+00 -9.16463907e+00  7.18555017e+00 -9.77389025e+00  4.64245326e-02  5.67948142e-01  5.84779006e-01  1.43837367e+00 -1.01196994e+00 -7.00381428e-01  8.67959663e-02 -1.01196994e+00
     21.21000000 -9.03311243e-01  7.04719531e+00  7.47454334e+00  8.17635127e+00 -9.87620967e+00 -9.23738010e+00  7.19502075e+00 -9.87620967e+00  5.11803285e-02  6.38812094e-01  6.19196068e-01  1.40481138e+00 -1.03114034e+00 -7.54923628e-01  1.03204443e-01 -1.03114034e+00
     21.31000000 -8.97851047e-01  7.11449132e+00  7.53809899e+00  8.31353387e+00 -9.97943060e+00 -9.31571699e+00  7.20630506e+00 -9.97943060e+00  5.84598893e-02  7.06529446e-01  6.51515394e-01  1.33221179e+00 -1.02974624e+00 -8.12255413e-01  1.23031380e-01 -1.02974624e+00
     21.41000000 -8.91528708e-01  7.18837779e+00  7.60475548e+00  8.44148637e+00 -1.00814552e+01 -9.39991295e+00  7.21973248e+00 -1.00814552e+01  6.84569120e-02  7.70553892e-01  6.81107263e-01  1.22052469e+00 -1.00731377e+00 -8.72035470e-01  1.46020257e-01 -1.00731377e+00
     21.51000000 -8.84061917e-01  7.26846979e+00  7.67420908e+00  8.55645729e+00 -1.01802445e+01 -9.49018976e+00  7.23560450e+00 -1.01802445e+01  8.13875738e-02  8.30617258e-01  7.07361544e-01  1.07350042e+00 -9.65476868e-01 -9.33782683e-01  1.71869622e-01 -9.65476868e-01
     21.61000000 -8.75145072e-01  7.35436800e+00  7.74609896e+00  8.65523749e+00 -1.02740170e+01 -9.58671581e+00  7.25419039e+00 -1.02740170e+01  9.75033418e-02  8.86687919e-01  7.29754857e-01  8.98074843e-01 -9.07670604e-01 -9.96917218e-01  2.00237465e-01 -9.07670604e-01
     21.71000000 -8.64445317e-01  7.44567761e+00  7.82001756e+00  8.73542336e+00 -1.03613994e+01 -9.68959785e+00  7.27572344e+00 -1.03613994e+01  1.17098470e-01  9.38864988e-01  7.47876394e-01  7.03206293e-01 -8.38502433e-01 -1.06078908e+00  2.30747804e-01 -8.38502433e-01
     21.81000000 -8.51598243e-01  7.54201391e+00  7.89552119e+00  8.79555477e+00 -1.04415076e+01 -9.79887453e+00  7.30039800e+00 -1.04415076e+01  1.40508641e-01  9.87222803e-01  7.61407814e-01  4.98608680e-01 -7.63030674e-01 -1.12468558e+00  2.62998991e-01 -7.63030674e-01
     21.91000000 -8.36204300e-01  7.64299109e+00  7.97213689e+00  8.83513746e+00 -1.05139594e+01 -9.91450961e+00  7.32836733e+00 -1.05139594e+01  1.68097539e-01  1.03163629e+00  7.70071896e-01  2.93753206e-01 -6.86156690e-01 -1.18781823e+00  2.96572682e-01 -6.86156690e-01
     22.01000000 -8.17827279e-01  7.74819423e+00  8.04936365e+00  8.85458635e+00 -1.05788381e+01 -1.00363832e+01  7.35974240e+00 -1.05788381e+01  2.00228685e-01  1.07162620e+00  7.73576872e-01  9.72904208e-02 -6.12233526e-01 -1.24929737e+00  3.31042244e-01 -6.12233526e-01
     22.11000000 -7.95996422e-01  7.85713845e+00  8.12666909e+00  8.85513010e+00 -1.06366262e+01 -1.01642802e+01  7.39459137e+00 -1.06366262e+01  2.37220563e-01  1.10626425e+00  7.71585228e-01 -8.31718964e-02 -5.44885849e-01 -1.30810603e+00  3.65979585e-01 -5.44885849e-01
     22.21000000 -7.70213908e-01  7.96922314e+00  8.20348515e+00  8.83870386e+00 -1.06881306e+01 -1.02978768e+01  7.43293974e+00 -1.06881306e+01  2.79284021e-01  1.13417249e+00  7.63728220e-01 -2.41115087e-01 -4.86973215e-01 -1.36308313e+00  4.00959911e-01 -4.86973215e-01
     22.31000000 -7.39969474e-01  8.08369164e+00  8.27920797e+00  8.80783837e+00 -1.07344068e+01 -1.04367257e+01  7.47477082e+00 -1.07344068e+01  3.26442421e-01  1.15363751e+00  7.49673270e-01 -3.71162805e-01 -4.40616861e-01 -1.41292122e+00  4.35564544e-01 -4.40616861e-01
     22.41000000 -7.04763770e-01  8.19960821e+00  8.35320668e+00  8.76553847e+00 -1.07766871e+01 -1.05802419e+01  7.52002642e+00 -1.07766871e+01  3.78437676e-01  1.16283585e+00  7.29233608e-01 -4.69248504e-01 -4.07231385e-01 -1.45617836e+00  4.69382500e-01 -4.07231385e-01
     22.51000000 -6.64141515e-01  8.31586159e+00  8.42484423e+00  8.71513867e+00 -1.08163102e+01 -1.07276903e+01  7.56860769e+00 -1.08163102e+01  4.34629719e-01  1.16013430e+00  7.02492590e-01 -5.32898015e-01 -3.87535502e-01 -1.49129942e+00  5.02011826e-01 -3.87535502e-01
     22.61000000 -6.17734495e-01  8.43119971e+00  8.49350984e+00  8.66012835e+00 -1.08546518e+01 -1.08781759e+01  7.62037612e+00 -1.08546518e+01  4.93903496e-01  1.14439705e+00  6.69904921e-01 -5.61533373e-01 -3.81545979e-01 -1.51664192e+00  5.33061789e-01 -3.81545979e-01
     22.71000000 -5.65312596e-01  8.54429200e+00  8.55865885e+00  8.60395132e+00 -1.08930542e+01 -1.10306361e+01  7.67515486e+00 -1.08930542e+01  5.54605366e-01  1.11521803e+00  6.32339383e-01 -5.56657618e-01 -3.88577716e-01 -1.53050651e+00  5.62156783e-01 -3.88577716e-01
     22.81000000 -5.06838553e-01  8.65380827e+00  8.61985308e+00  8.54979809e+00 -1.09327570e+01 -1.11838374e+01  7.73273047e+00 -1.09327570e+01  6.14537443e-01  1.07301330e+00  5.91044027e-01 -5.21801256e-01 -4.07277614e-01 -1.53118073e+00  5.88942442e-01 -4.07277614e-01
     22.91000000 -4.42519130e-01  8.75849886e+00  8.67679388e+00  8.50041756e+00 -1.09748347e+01 -1.13363773e+01  7.79285549e+00 -1.09748347e+01  6.71039271e-01  1.01895331e+00  5.47539252e-01 -4.62188478e-01 -4.35711751e-01 -1.51701377e+00  6.13093917e-01 -4.35711751e-01
     23.01000000 -3.72842868e-01  8.85726106e+00  8.72934203e+00  8.45797424e+00 -1.10201451e+01 -1.14866962e+01  7.85525187e+00 -1.10201451e+01  7.21176307e-01  9.54767246e-01  5.03466035e-01 -3.84175760e-01 -4.71509568e-01 -1.48654037e+00  6.34325675e-01 -4.71509568e-01
     23.11000000 -2.98593689e-01  8.94918247e+00  8.77752173e+00  8.42396824e+00 -1.10692948e+01 -1.16331045e+01  7.91961537e+00 -1.10692948e+01  7.62031205e-01  8.82487693e-01  4.60426262e-01 -2.94581291e-01 -5.12052334e-01 -1.43866085e+00  6.52401647e-01 -5.12052334e-01
     23.21000000 -2.20831634e-01  9.03355874e+00  8.82150962e+00  8.39922218e+00 -1.11226249e+01 -1.17738301e+01  7.98562101e+00 -1.11226249e+01  7.91060486e-01  8.04207814e-01  4.19847413e-01 -2.00036374e-01 -5.54681985e-01 -1.37285960e+00  6.67144228e-01 -5.54681985e-01
     23.31000000 -1.40837463e-01  9.10989006e+00  8.86161228e+00  8.38392756e+00 -1.11802172e+01 -1.19070873e+01  8.05292927e+00 -1.11802172e+01  8.06447335e-01  7.21901121e-01  3.82889790e-01 -1.06457121e-01 -5.96902638e-01 -1.28941656e+00  6.78440707e-01 -5.96902638e-01
     23.41000000 -6.00256540e-02  9.17786348e+00  8.89823684e+00  8.37773581e+00 -1.12419191e+01 -1.20311649e+01  8.12119272e+00 -1.12419191e+01  8.07367047e-01  6.37321377e-01  3.50399184e-01 -1.86834123e-02 -6.36549795e-01 -1.18955088e+00  6.86246279e-01 -6.36549795e-01
     23.51000000  2.01617786e-02  9.23732897e+00  8.93185875e+00  8.37987680e+00 -1.13073836e+01 -1.21445219e+01  8.19006285e+00 -1.13073836e+01  7.94096687e-01  5.51973145e-01  3.22897209e-01  5.97121413e-02 -6.71909010e-01 -1.07544480e+00  6.90583635e-01 -6.71909010e-01
     23.61000000  9.83633302e-02  9.28827514e+00  8.96299000e+00  8.38928886e+00 -1.13761172e+01 -1.22458795e+01  8.25919667e+00 -1.13761172e+01  7.67942812e-01  4.67129641e-01  3.00597448e-01  1.26468107e-01 -7.01774481e-01 -9.50128950e-01  6.91539904e-01 -7.01774481e-01
     23.71000000  1.73390620e-01  9.33080796e+00  8.99214979e+00  8.40474717e+00 -1.14475316e+01 -1.23342953e+01  8.32826296e+00 -1.14475316e+01  7.31013450e-01  3.83873118e-01  2.83436515e-01  1.80562845e-01 -7.25447231e-01 -8.17253564e-01  6.89262098e-01 -7.25447231e-01
     23.81000000  2.44293060e-01  9.36513396e+00  9.01983875e+00  8.42498052e+00 -1.15209917e+01 -1.24092109e+01  8.39694796e+00 -1.15209917e+01  6.85900190e-01  3.03138883e-01  2.71112551e-01  2.22059630e-01 -7.42681180e-01 -6.80800852e-01  6.83951960e-01 -7.42681180e-01
     23.91000000  3.10389521e-01  9.39154742e+00  9.04651709e+00  8.44876976e+00 -1.15958568e+01 -1.24704708e+01  8.46496060e+00 -1.15958568e+01  6.35348315e-01  2.25752203e-01  2.63127196e-01  2.51897694e-01 -7.53592339e-01 -5.44801255e-01  6.75860525e-01 -7.53592339e-01
     24.01000000  3.71269146e-01  9.41042076e+00  9.07258723e+00  8.47502364e+00 -1.16715115e+01 -1.25183148e+01  8.53203713e+00 -1.16715115e+01  5.81978128e-01  1.52454122e-01  2.58829594e-01  2.71656448e-01 -7.58550371e-01 -4.13099632e-01  6.65282082e-01 -7.58550371e-01
     24.11000000  4.26768404e-01  9.42219700e+00  9.09838075e+00  8.50283093e+00 -1.17473856e+01 -1.25533510e+01  8.59794509e+00 -1.17473856e+01  5.28091255e-01  8.39165658e-02  2.57462033e-01  2.83317798e-01 -7.58072197e-01 -2.89190148e-01  6.52546892e-01 -7.58072197e-01
     24.21000000  4.76933309e-01  9.42738314e+00  9.12415007e+00  8.53148949e+00 -1.18229640e+01 -1.25765146e+01  8.66248650e+00 -1.18229640e+01  4.75566441e-01  2.07489549e-02  2.58206893e-01  2.89047742e-01 -7.52734123e-01 -1.76113922e-01  6.38012139e-01 -7.52734123e-01
     24.31000000  5.21975104e-01  9.42654411e+00  9.15006483e+00  8.56051514e+00 -1.18977897e+01 -1.25890198e+01  8.72549997e+00 -1.18977897e+01  4.25829468e-01 -3.65010817e-02  2.60234003e-01  2.91012738e-01 -7.43113156e-01 -7.63998086e-02  6.22050993e-01 -7.43113156e-01
     24.41000000  5.62225665e-01  9.42029635e+00  9.17621297e+00  8.58963436e+00 -1.19714623e+01 -1.25923065e+01  8.78686172e+00 -1.19714623e+01  3.79873487e-01 -8.73507744e-02  2.62746852e-01  2.91239536e-01 -7.29761020e-01  7.97273691e-03  6.05040202e-01 -7.29761020e-01
     24.51000000  5.98096472e-01  9.40930114e+00  9.20260627e+00  8.61876518e+00 -1.20436352e+01 -1.25879840e+01  8.84648529e+00 -1.20436352e+01  3.38306716e-01 -1.31387473e-01  2.65025618e-01  2.91520532e-01 -7.13207578e-01  7.56026970e-02  5.87347067e-01 -7.13207578e-01
     24.61000000  6.30042973e-01  9.39425726e+00  9.22918995e+00  8.64799081e+00 -1.21140148e+01 -1.25777714e+01  8.90431994e+00 -1.21140148e+01  3.01409890e-01 -1.68274937e-01  2.66464812e-01  2.93361483e-01 -6.93985090e-01  1.25692026e-01  5.69316906e-01 -6.93985090e-01
     24.71000000  6.58534681e-01  9.37589301e+00  9.25585570e+00  8.67752989e+00 -1.21823621e+01 -1.25634370e+01  8.96034790e+00 -1.21823621e+01  2.69192656e-01 -1.97759665e-01  2.66603478e-01  2.97965152e-01 -6.72661988e-01  1.58060226e-01  5.51262129e-01 -6.72661988e-01
     24.81000000  6.84030653e-01  9.35495769e+00  9.28245725e+00  8.70770660e+00 -1.22484983e+01 -1.25467363e+01  9.01458063e+00 -1.22484983e+01  2.41444016e-01 -2.19676351e-01  2.65146310e-01  3.06243060e-01 -6.49874842e-01  1.73138766e-01  5.33453883e-01 -6.49874842e-01
     24.91000000  7.06959659e-01  9.33221256e+00  9.30882761e+00  8.73892296e+00 -1.23123124e+01 -1.25293525e+01  9.06705444e+00 -1.23123124e+01  2.17776025e-01 -2.33951558e-01  2.61974739e-01  3.18847501e-01 -6.26349651e-01  1.71935663e-01  5.16116933e-01 -6.26349651e-01
