      0.00000000       0.00000000   0.00000000e+00  0.00000000e+00  0.00000000e+00 -0.00000000e+00 -0.00000000e+00 -0.00000000e+00  0.00000000e+00 -0.00000000e+00
      0.10000000       0.00000000   0.00000000e+00  0.00000000e+00  0.00000000e+00 -0.00000000e+00 -0.00000000e+00 -0.00000000e+00  0.00000000e+00 -0.00000000e+00
      0.20000000       0.00000000   0.00000000e+00  0.00000000e+00  0.00000000e+00 -0.00000000e+00 -0.00000000e+00 -0.00000000e+00  0.00000000e+00 -0.00000000e+00
      0.30000000       0.00000000   0.00000000e+00  0.00000000e+00  0.00000000e+00 -0.00000000e+00 -0.00000000e+00 -0.00000000e+00  0.00000000e+00 -0.00000000e+00
      0.40000000       0.00000000   0.00000000e+00  0.00000000e+00  0.00000000e+00 -0.00000000e+00 -0.00000000e+00 -0.00000000e+00  0.00000000e+00 -0.00000000e+00
      0.50000000       0.00000000   0.00000000e+00  0.00000000e+00  0.00000000e+00 -0.00000000e+00 -0.00000000e+00 -0.00000000e+00  0.00000000e+00 -0.00000000e+00
      0.60000000       0.00000000   0.00000000e+00  0.00000000e+00  0.00000000e+00 -0.00000000e+00 -0.00000000e+00 -0.00000000e+00  0.00000000e+00 -0.00000000e+00
      0.70000000       0.00000000   0.00000000e+00  0.00000000e+00  0.00000000e+00 -0.00000000e+00 -0.00000000e+00 -0.00000000e+00  0.00000000e+00 -0.00000000e+00
      0.80000000       0.00000000   0.00000000e+00  0.00000000e+00  0.00000000e+00 -0.00000000e+00 -0.00000000e+00 -0.00000000e+00  0.00000000e+00 -0.00000000e+00
      0.90000000       0.00000000   0.00000000e+00  0.00000000e+00  0.00000000e+00 -0.00000000e+00 -0.00000000e+00 -0.00000000e+00  0.00000000e+00 -0.00000000e+00
      1.00000000       0.00000000   0.00000000e+00  0.00000000e+00  0.00000000e+00 -0.00000000e+00 -0.00000000e+00 -0.00000000e+00  0.00000000e+00 -0.00000000e+00
      1.10000000       0.00000000   0.00000000e+00  0.00000000e+00  0.00000000e+00 -0.00000000e+00 -0.00000000e+00 -0.00000000e+00  0.00000000e+00 -0.00000000e+00
      1.20000000       0.00000000   0.00000000e+00  0.00000000e+00  0.00000000e+00 -0.00000000e+00 -0.00000000e+00 -0.00000000e+00  0.00000000e+00 -0.00000000e+00
      1.30000000       0.00000000   0.00000000e+00  0.00000000e+00  0.00000000e+00 -0.00000000e+00 -0.00000000e+00 -0.00000000e+00  0.00000000e+00 -0.00000000e+00
      1.40000000       0.00000000   0.00000000e+00  0.00000000e+00  0.00000000e+00 -0.00000000e+00 -0.00000000e+00 -0.00000000e+00  0.00000000e+00 -0.00000000e+00
      1.50000000       0.00000000   0.00000000e+00  0.00000000e+00  0.00000000e+00 -0.00000000e+00 -0.00000000e+00 -0.00000000e+00  0.00000000e+00 -0.00000000e+00
      1.60000000       0.00000000   0.00000000e+00  0.00000000e+00  0.00000000e+00 -0.00000000e+00 -0.00000000e+00 -0.00000000e+00  0.00000000e+00 -0.00000000e+00
      1.70000000       0.00000000   0.00000000e+00  0.00000000e+00  0.00000000e+00 -0.00000000e+00 -0.00000000e+00 -0.00000000e+00  0.00000000e+00 -0.00000000e+00
      1.80000000       0.00000000   0.00000000e+00  0.00000000e+00  0.00000000e+00 -0.00000000e+00 -0.00000000e+00 -0.00000000e+00  0.00000000e+00 -0.00000000e+00
      1.90000000       0.00000000   0.00000000e+00  0.00000000e+00  0.00000000e+00 -0.00000000e+00 -0.00000000e+00 -0.00000000e+00  0.00000000e+00 -0.00000000e+00
      2.00000000       0.00000000   0.00000000e+00  0.00000000e+00  0.00000000e+00 -0.00000000e+00 -0.00000000e+00 -0.00000000e+00  0.00000000e+00 -0.00000000e+00
      2.10000000       0.00000000   0.00000000e+00  0.00000000e+00  0.00000000e+00 -0.00000000e+00 -0.00000000e+00 -0.00000000e+00  0.00000000e+00 -0.00000000e+00
      2.20000000       0.00000000   0.00000000e+00  0.00000000e+00  0.00000000e+00 -0.00000000e+00 -0.00000000e+00 -0.00000000e+00  0.00000000e+00 -0.00000000e+00
      2.30000000       0.00000000   0.00000000e+00  0.00000000e+00  0.00000000e+00 -0.00000000e+00 -0.00000000e+00 -0.00000000e+00  0.00000000e+00 -0.00000000e+00
      2.40000000       0.00000000   0.00000000e+00  0.00000000e+00  0.00000000e+00 -0.00000000e+00 -0.00000000e+00 -0.00000000e+00  0.00000000e+00 -0.00000000e+00
      2.50000000       0.00000000   0.00000000e+00  0.00000000e+00  0.00000000e+00 -0.00000000e+00 -0.00000000e+00 -0.00000000e+00  0.00000000e+00 -0.00000000e+00
      2.60000000       0.00000000   0.00000000e+00  0.00000000e+00  0.00000000e+00 -0.00000000e+00 -0.00000000e+00 -0.00000000e+00  0.00000000e+00 -0.00000000e+00
      2.70000000       0.00000000   0.00000000e+00  0.00000000e+00  0.00000000e+00 -0.00000000e+00 -0.00000000e+00 -0.00000000e+00  0.00000000e+00 -0.00000000e+00
      2.80000000       0.00000000   0.00000000e+00  0.00000000e+00  0.00000000e+00 -0.00000000e+00 -0.00000000e+00 -0.00000000e+00  0.00000000e+00 -0.00000000e+00
      2.90000000       0.00000000   0.00000000e+00  0.00000000e+00  0.00000000e+00 -0.00000000e+00 -0.00000000e+00 -0.00000000e+00  0.00000000e+00 -0.00000000e+00
      3.00000000       0.00000000   0.00000000e+00  0.00000000e+00  0.00000000e+00 -0.00000000e+00 -0.00000000e+00 -0.00000000e+00  0.00000000e+00 -0.00000000e+00
      3.10000000       0.00000000   0.00000000e+00  0.00000000e+00  0.00000000e+00 -0.00000000e+00 -0.00000000e+00 -0.00000000e+00  0.00000000e+00 -0.00000000e+00
      3.20000000       0.00000000   0.00000000e+00  0.00000000e+00  0.00000000e+00 -0.00000000e+00 -0.00000000e+00 -0.00000000e+00  0.00000000e+00 -0.00000000e+00
      3.30000000       0.00000000   0.00000000e+00  0.00000000e+00  0.00000000e+00 -0.00000000e+00 -0.00000000e+00 -0.00000000e+00  0.00000000e+00 -0.00000000e+00
      3.40000000       0.00000000   0.00000000e+00  0.00000000e+00  0.00000000e+00 -0.00000000e+00 -0.00000000e+00 -0.00000000e+00  0.00000000e+00 -0.00000000e+00
      3.50000000       0.00000000   0.00000000e+00  0.00000000e+00  0.00000000e+00 -0.00000000e+00 -0.00000000e+00 -0.00000000e+00  0.00000000e+00 -0.00000000e+00
      3.60000000       0.00000000   0.00000000e+00  0.00000000e+00  0.00000000e+00 -0.00000000e+00 -0.00000000e+00 -0.00000000e+00  0.00000000e+00 -0.00000000e+00
      3.70000000       0.00000000   0.00000000e+00  0.00000000e+00  0.00000000e+00 -0.00000000e+00 -0.00000000e+00 -0.00000000e+00  0.00000000e+00 -0.00000000e+00
      3.80000000       0.00000000   0.00000000e+00  0.00000000e+00  0.00000000e+00 -0.00000000e+00 -0.00000000e+00 -0.00000000e+00  0.00000000e+00 -0.00000000e+00
      3.90000000       0.00000000   0.00000000e+00  0.00000000e+00  0.00000000e+00 -0.00000000e+00 -0.00000000e+00 -0.00000000e+00  0.00000000e+00 -0.00000000e+00
      4.00000000       0.00000000   0.00000000e+00  0.00000000e+00  0.00000000e+00 -0.00000000e+00 -0.00000000e+00 -0.00000000e+00  0.00000000e+00 -0.00000000e+00
      0.00000000       0.10000000   0.00000000e+00  0.00000000e+00  0.00000000e+00 -0.00000000e+00 -0.00000000e+00 -0.00000000e+00  0.00000000e+00 -0.00000000e+00
      0.10000000       0.10000000  -1.72593774e-04  1.26859620e-02  1.27157731e-02  1.72593774e-04 -1.26859620e-02 -1.27157731e-02  1.26859620e-02 -1.26859620e-02
      0.20000000       0.10000000  -5.82652608e-04  2.41936731e-02  2.43010609e-02  5.82652608e-04 -2.41936731e-02 -2.43010609e-02  2.41936731e-02 -2.41936731e-02
      0.30000000       0.10000000  -1.14230021e-03  3.45405122e-02  3.47531501e-02  1.14230021e-03 -3.45405122e-02 -3.47531501e-02  3.45405122e-02 -3.45405122e-02
      0.40000000       0.10000000  -1.80351796e-03  4.37600014e-02  4.40862082e-02  1.80351796e-03 -4.37600014e-02 -4.40862082e-02  4.37600014e-02 -4.37600014e-02
      0.50000000       0.10000000  -2.53453007e-03  5.19085559e-02  5.23411373e-02  2.53453007e-03 -5.19085559e-02 -5.23411373e-02  5.19085559e-02 -5.19085559e-02
      0.60000000       0.10000000  -3.31239348e-03  5.90587019e-02  5.95799625e-02  3.31239348e-03 -5.90587019e-02 -5.95799625e-02  5.90587019e-02 -5.90587019e-02
      0.70000000       0.10000000  -4.11984118e-03  6.52919007e-02  6.58785018e-02  4.11984118e-03 -6.52919007e-02 -6.58785018e-02  6.52919007e-02 -6.52919007e-02
      0.80000000       0.10000000  -4.94364290e-03  7.06931124e-02  7.13200720e-02  4.94364290e-03 -7.06931124e-02 -7.13200720e-02  7.06931124e-02 -7.06931124e-02
      0.90000000       0.10000000  -5.77362396e-03  7.53470670e-02  7.59906549e-02  5.77362396e-03 -7.53470670e-02 -7.59906549e-02  7.53470670e-02 -7.53470670e-02
      1.00000000       0.10000000  -6.60201168e-03  7.93358164e-02  7.99753732e-02  6.60201168e-03 -7.93358164e-02 -7.99753732e-02  7.93358164e-02 -7.93358164e-02
      1.10000000       0.10000000  -7.42296210e-03  8.27371679e-02  8.33560206e-02  7.42296210e-03 -8.27371679e-02 -8.33560206e-02  8.27371679e-02 -8.27371679e-02
      1.20000000       0.10000000  -8.23219431e-03  8.56237128e-02  8.62094084e-02  8.23219431e-03 -8.56237128e-02 -8.62094084e-02  8.56237128e-02 -8.56237128e-02
      1.30000000       0.10000000  -9.02669397e-03  8.80622611e-02  8.86063390e-02  9.02669397e-03 -8.80622611e-02 -8.86063390e-02  8.80622611e-02 -8.80622611e-02
      1.40000000       0.10000000  -9.80446543e-03  9.01135676e-02  9.06110595e-02  9.80446543e-03 -9.01135676e-02 -9.06110595e-02  9.01135676e-02 -9.01135676e-02
      1.50000000       0.10000000  -1.05643211e-02  9.18322756e-02  9.22810796e-02  1.05643211e-02 -9.18322756e-02 -9.22810796e-02  9.18322756e-02 -9.18322756e-02
      1.60000000       0.10000000  -1.13057020e-02  9.32670286e-02  9.36672616e-02  1.13057020e-02 -9.32670286e-02 -9.36672616e-02  9.32670286e-02 -9.32670286e-02
      1.70000000       0.10000000  -1.20285257e-02  9.44607138e-02  9.48141079e-02  1.20285257e-02 -9.44607138e-02 -9.48141079e-02  9.44607138e-02 -9.44607138e-02
      1.80000000       0.10000000  -1.27330591e-02  9.54508029e-02  9.57601823e-02  1.27330591e-02 -9.54508029e-02 -9.57601823e-02  9.54508029e-02 -9.54508029e-02
      1.90000000       0.10000000  -1.34198142e-02  9.62697620e-02  9.65386151e-02  1.34198142e-02 -9.62697620e-02 -9.65386151e-02  9.62697620e-02 -9.62697620e-02
      2.00000000       0.10000000  -1.40894648e-02  9.69455032e-02  9.71776492e-02  1.40894648e-02 -9.69455032e-02 -9.71776492e-02  9.69455032e-02 -9.69455032e-02
      2.10000000       0.10000000  -1.47427802e-02  9.75018539e-02  9.77011955e-02  1.47427802e-02 -9.75018539e-02 -9.77011955e-02  9.75018539e-02 -9.75018539e-02
      2.20000000       0.10000000  -1.53805760e-02  9.79590254e-02  9.81293741e-02  1.53805760e-02 -9.79590254e-02 -9.81293741e-02  9.79590254e-02 -9.79590254e-02
      2.30000000       0.10000000  -1.60036767e-02  9.83340626e-02  9.84790242e-02  1.60036767e-02 -9.83340626e-02 -9.84790242e-02  9.83340626e-02 -9.83340626e-02
      2.40000000       0.10000000  -1.66128903e-02  9.86412672e-02  9.87641724e-02  1.66128903e-02 -9.86412672e-02 -9.87641724e-02  9.86412672e-02 -9.86412672e-02
      2.50000000       0.10000000  -1.72089904e-02  9.88925850e-02  9.89964541e-02  1.72089904e-02 -9.88925850e-02 -9.89964541e-02  9.88925850e-02 -9.88925850e-02
      2.60000000       0.10000000  -1.77927053e-02  9.90979541e-02  9.91854869e-02  1.77927053e-02 -9.90979541e-02 -9.91854869e-02  9.90979541e-02 -9.90979541e-02
      2.70000000       0.10000000  -1.83647126e-02  9.92656142e-02  9.93391954e-02  1.83647126e-02 -9.92656142e-02 -9.93391954e-02  9.92656142e-02 -9.92656142e-02
      2.80000000       0.10000000  -1.89256364e-02  9.94023759e-02  9.94640920e-02  1.89256364e-02 -9.94023759e-02 -9.94640920e-02  9.94023759e-02 -9.94023759e-02
      2.90000000       0.10000000  -1.94760480e-02  9.95138541e-02  9.95655161e-02  1.94760480e-02 -9.95138541e-02 -9.95655161e-02  9.95138541e-02 -9.95138541e-02
      3.00000000       0.10000000  -2.00164677e-02  9.96046674e-02  9.96478370e-02  2.00164677e-02 -9.96046674e-02 -9.96478370e-02  9.96046674e-02 -9.96046674e-02
      3.10000000       0.10000000  -2.05473681e-02  9.96786076e-02  9.97146236e-02  2.05473681e-02 -9.96786076e-02 -9.97146236e-02  9.96786076e-02 -9.96786076e-02
      3.20000000       0.10000000  -2.10691776e-02  9.97387826e-02  9.97687875e-02  2.10691776e-02 -9.97387826e-02 -9.97687875e-02  9.97387826e-02 -9.97387826e-02
      3.30000000       0.10000000  -2.15822847e-02  9.97877360e-02  9.98127008e-02  2.15822847e-02 -9.97877360e-02 -9.98127008e-02  9.97877360e-02 -9.97877360e-02
      3.40000000       0.10000000  -2.20870414e-02  9.98275472e-02  9.98482940e-02  2.20870414e-02 -9.98275472e-02 -9.98482940e-02  9.98275472e-02 -9.98275472e-02
      3.50000000       0.10000000  -2.25837679e-02  9.98599142e-02  9.98771372e-02  2.25837679e-02 -9.98599142e-02 -9.98771372e-02  9.98599142e-02 -9.98599142e-02
      3.60000000       0.10000000  -2.30727552e-02  9.98862224e-02  9.99005061e-02  2.30727552e-02 -9.98862224e-02 -9.99005061e-02  9.98862224e-02 -9.98862224e-02
      3.70000000       0.10000000  -2.35542695e-02  9.99076015e-02  9.99194367e-02  2.35542695e-02 -9.99076015e-02 -9.99194367e-02  9.99076015e-02 -9.99076015e-02
      3.80000000       0.10000000  -2.40285545e-02  9.99249717e-02  9.99347698e-02  2.40285545e-02 -9.99249717e-02 -9.99347698e-02  9.99249717e-02 -9.99249717e-02
      3.90000000       0.10000000  -2.44958343e-02  9.99390824e-02  9.99471879e-02  2.44958343e-02 -9.99390824e-02 -9.99471879e-02  9.99390824e-02 -9.99390824e-02
      4.00000000       0.10000000  -2.49563160e-02  9.99505436e-02  9.99572440e-02  2.49563160e-02 -9.99505436e-02 -9.99572440e-02  9.99505436e-02 -9.99505436e-02
      0.00000000       0.20000000  -0.00000000e+00  0.00000000e+00  0.00000000e+00  0.00000000e+00 -0.00000000e+00 -0.00000000e+00  0.00000000e+00 -0.00000000e+00
      0.10000000       0.20000000  -5.89241081e-04  2.45355909e-02  2.46495336e-02  5.89241081e-04 -2.45355909e-02 -2.46495336e-02  2.45355909e-02 -2.45355909e-02
      0.20000000       0.20000000  -1.86795425e-03  4.58525485e-02  4.62532644e-02  1.86795425e-03 -4.58525485e-02 -4.62532644e-02  4.58525485e-02 -4.58525485e-02
      0.30000000       0.20000000  -3.53701641e-03  6.45829107e-02  6.53678982e-02  3.53701641e-03 -6.45829107e-02 -6.53678982e-02  6.45829107e-02 -6.45829107e-02
      0.40000000       0.20000000  -5.46275953e-03  8.10961697e-02  8.23002979e-02  5.46275953e-03 -8.10961697e-02 -8.23002979e-02  8.10961697e-02 -8.10961697e-02
      0.50000000       0.20000000  -7.56321034e-03  9.56762850e-02  9.72873347e-02  7.56321034e-03 -9.56762850e-02 -9.72873347e-02  9.56762850e-02 -9.56762850e-02
      0.60000000       0.20000000  -9.78148171e-03  1.08559284e-01  1.10533053e-01  9.78148171e-03 -1.08559284e-01 -1.10533053e-01  1.08559284e-01 -1.08559284e-01
      0.70000000       0.20000000  -1.20755903e-02  1.19946329e-01  1.22219520e-01  1.20755903e-02 -1.19946329e-01 -1.22219520e-01  1.19946329e-01 -1.19946329e-01
      0.80000000       0.20000000  -1.44134687e-02  1.30010608e-01  1.32510965e-01  1.44134687e-02 -1.30010608e-01 -1.32510965e-01  1.30010608e-01 -1.30010608e-01
      0.90000000       0.20000000  -1.67701350e-02  1.38902173e-01  1.41555957e-01  1.67701350e-02 -1.38902173e-01 -1.41555957e-01  1.38902173e-01 -1.38902173e-01
      1.00000000       0.20000000  -1.91259272e-02  1.46751796e-01  1.49488959e-01  1.91259272e-02 -1.46751796e-01 -1.49488959e-01  1.46751796e-01 -1.46751796e-01
      1.10000000       0.20000000  -2.14653270e-02  1.53674132e-01  1.56431641e-01  2.14653270e-02 -1.53674132e-01 -1.56431641e-01  1.53674132e-01 -1.53674132e-01
      1.20000000       0.20000000  -2.37761338e-02  1.59770337e-01  1.62494038e-01  2.37761338e-02 -1.59770337e-01 -1.62494038e-01  1.59770337e-01 -1.59770337e-01
      1.30000000       0.20000000  -2.60488608e-02  1.65130198e-01  1.67775596e-01  2.60488608e-02 -1.65130198e-01 -1.67775596e-01  1.65130198e-01 -1.65130198e-01
      1.40000000       0.20000000  -2.82762724e-02  1.69833851e-01  1.72366110e-01  2.82762724e-02 -1.69833851e-01 -1.72366110e-01  1.69833851e-01 -1.69833851e-01
      1.50000000       0.20000000  -3.04530191e-02  1.73953159e-01  1.76346558e-01  3.04530191e-02 -1.73953159e-01 -1.76346558e-01  1.73953159e-01 -1.73953159e-01
      1.60000000       0.20000000  -3.25753361e-02  1.77552794e-01  1.79789843e-01  3.25753361e-02 -1.77552794e-01 -1.79789843e-01  1.77552794e-01 -1.77552794e-01
      1.70000000       0.20000000  -3.46407888e-02  1.80691098e-01  1.82761464e-01  3.46407888e-02 -1.80691098e-01 -1.82761464e-01  1.80691098e-01 -1.80691098e-01
      1.80000000       0.20000000  -3.66480523e-02  1.83420762e-01  1.85320115e-01  3.66480523e-02 -1.83420762e-01 -1.85320115e-01  1.83420762e-01 -1.83420762e-01
      1.90000000       0.20000000  -3.85967170e-02  1.85789372e-01  1.87518244e-01  3.85967170e-02 -1.85789372e-01 -1.87518244e-01  1.85789372e-01 -1.85789372e-01
      2.00000000       0.20000000  -4.04871170e-02  1.87839849e-01  1.89402562e-01  4.04871170e-02 -1.87839849e-01 -1.89402562e-01  1.87839849e-01 -1.87839849e-01
      2.10000000       0.20000000  -4.23201772e-02  1.89610833e-01  1.91014527e-01  4.23201772e-02 -1.89610833e-01 -1.91014527e-01  1.89610833e-01 -1.89610833e-01
      2.20000000       0.20000000  -4.40972795e-02  1.91137009e-01  1.92390797e-01  4.40972795e-02 -1.91137009e-01 -1.92390797e-01  1.91137009e-01 -1.91137009e-01
      2.30000000       0.20000000  -4.58201456e-02  1.92449408e-01  1.93563665e-01  4.58201456e-02 -1.92449408e-01 -1.93563665e-01  1.92449408e-01 -1.92449408e-01
      2.40000000       0.20000000  -4.74907369e-02  1.93575686e-01  1.94561469e-01  4.74907369e-02 -1.93575686e-01 -1.94561469e-01  1.93575686e-01 -1.93575686e-01
      2.50000000       0.20000000  -4.91111694e-02  1.94540396e-01  1.95408983e-01  4.91111694e-02 -1.94540396e-01 -1.95408983e-01  1.94540396e-01 -1.94540396e-01
      2.60000000       0.20000000  -5.06836442e-02  1.95365247e-01  1.96127783e-01  5.06836442e-02 -1.95365247e-01 -1.96127783e-01  1.95365247e-01 -1.95365247e-01
      2.70000000       0.20000000  -5.22103903e-02  1.96069352e-01  1.96736595e-01  5.22103903e-02 -1.96069352e-01 -1.96736595e-01  1.96069352e-01 -1.96069352e-01
      2.80000000       0.20000000  -5.36936205e-02  1.96669474e-01  1.97251616e-01  5.36936205e-02 -1.96669474e-01 -1.97251616e-01  1.96669474e-01 -1.96669474e-01
      2.90000000       0.20000000  -5.51354974e-02  1.97180260e-01  1.97686811e-01  5.51354974e-02 -1.97180260e-01 -1.97686811e-01  1.97180260e-01 -1.97180260e-01
      3.00000000       0.20000000  -5.65381086e-02  1.97614458e-01  1.98054184e-01  5.65381086e-02 -1.97614458e-01 -1.98054184e-01  1.97614458e-01 -1.97614458e-01
      3.10000000       0.20000000  -5.79034496e-02  1.97983127e-01  1.98364026e-01  5.79034496e-02 -1.97983127e-01 -1.98364026e-01  1.97983127e-01 -1.97983127e-01
      3.20000000       0.20000000  -5.92334127e-02  1.98295833e-01  1.98625137e-01  5.92334127e-02 -1.98295833e-01 -1.98625137e-01  1.98295833e-01 -1.98295833e-01
      3.30000000       0.20000000  -6.05297816e-02  1.98560823e-01  1.98845022e-01  6.05297816e-02 -1.98560823e-01 -1.98845022e-01  1.98560823e-01 -1.98560823e-01
      3.40000000       0.20000000  -6.17942288e-02  1.98785188e-01  1.99030074e-01  6.17942288e-02 -1.98785188e-01 -1.99030074e-01  1.98785188e-01 -1.98785188e-01
      3.50000000       0.20000000  -6.30283172e-02  1.98975014e-01  1.99185723e-01  6.30283172e-02 -1.98975014e-01 -1.99185723e-01  1.98975014e-01 -1.98975014e-01
      3.60000000       0.20000000  -6.42335029e-02  1.99135510e-01  1.99316575e-01  6.42335029e-02 -1.99135510e-01 -1.99316575e-01  1.99135510e-01 -1.99135510e-01
      3.70000000       0.20000000  -6.54111396e-02  1.99271125e-01  1.99426533e-01  6.54111396e-02 -1.99271125e-01 -1.99426533e-01  1.99271125e-01 -1.99271125e-01
      3.80000000       0.20000000  -6.65624848e-02  1.99385656e-01  1.99518898e-01  6.65624848e-02 -1.99385656e-01 -1.99518898e-01  1.99385656e-01 -1.99385656e-01
      3.90000000       0.20000000  -6.76887053e-02  1.99482333e-01  1.99596459e-01  6.76887053e-02 -1.99482333e-01 -1.99596459e-01  1.99482333e-01 -1.99482333e-01
      4.00000000       0.20000000  -6.87908843e-02  1.99563905e-01  1.99661568e-01  6.87908843e-02 -1.99563905e-01 -1.99661568e-01  1.99563905e-01 -1.99563905e-01
      0.00000000       0.30000000  -0.00000000e+00  0.00000000e+00  0.00000000e+00  0.00000000e+00 -0.00000000e+00 -0.00000000e+00  0.00000000e+00 -0.00000000e+00
      0.10000000       0.30000000  -1.17268863e-03  3.57393616e-02  3.59856986e-02  1.17268863e-03 -3.57393616e-02 -3.59856986e-02  3.57393616e-02 -3.57393616e-02
      0.20000000       0.30000000  -3.58238612e-03  6.57191003e-02  6.65682807e-02  3.58238612e-03 -6.57191003e-02 -6.65682807e-02  6.57191003e-02 -6.57191003e-02
      0.30000000       0.30000000  -6.65096756e-03  9.15668563e-02  9.32134319e-02  6.65096756e-03 -9.15668563e-02 -9.32134319e-02  9.15668563e-02 -9.15668563e-02
      0.40000000       0.30000000  -1.01416129e-02  1.14119531e-01  1.16637787e-01  1.01416129e-02 -1.14119531e-01 -1.16637787e-01  1.14119531e-01 -1.14119531e-01
      0.50000000       0.30000000  -1.39137545e-02  1.33949539e-01  1.37328878e-01  1.39137545e-02 -1.33949539e-01 -1.37328878e-01  1.33949539e-01 -1.33949539e-01
      0.60000000       0.30000000  -1.78723799e-02  1.51486823e-01  1.55660505e-01  1.78723799e-02 -1.51486823e-01 -1.55660505e-01  1.51486823e-01 -1.51486823e-01
      0.70000000       0.30000000  -2.19489607e-02  1.67068002e-01  1.71935147e-01  2.19489607e-02 -1.67068002e-01 -1.71935147e-01  1.67068002e-01 -1.67068002e-01
      0.80000000       0.30000000  -2.60921421e-02  1.80962827e-01  1.86404579e-01  2.60921421e-02 -1.80962827e-01 -1.86404579e-01  1.80962827e-01 -1.80962827e-01
      0.90000000       0.30000000  -3.02624830e-02  1.93390942e-01  1.99281957e-01  3.02624830e-02 -1.93390942e-01 -1.99281957e-01  1.93390942e-01 -1.93390942e-01
      1.00000000       0.30000000  -3.44292025e-02  2.04533491e-01  2.10749859e-01  3.44292025e-02 -2.04533491e-01 -2.10749859e-01  2.04533491e-01 -2.04533491e-01
      1.10000000       0.30000000  -3.85680391e-02  2.14541551e-01  2.20966057e-01  3.85680391e-02 -2.14541551e-01 -2.20966057e-01  2.14541551e-01 -2.14541551e-01
      1.20000000       0.30000000  -4.26597792e-02  2.23542443e-01  2.30067878e-01  4.26597792e-02 -2.23542443e-01 -2.30067878e-01  2.23542443e-01 -2.23542443e-01
      1.30000000       0.30000000  -4.66892080e-02  2.31644542e-01  2.38175598e-01  4.66892080e-02 -2.31644542e-01 -2.38175598e-01  2.31644542e-01 -2.31644542e-01
      1.40000000       0.30000000  -5.06443411e-02  2.38940987e-01  2.45395141e-01  5.06443411e-02 -2.38940987e-01 -2.45395141e-01  2.38940987e-01 -2.38940987e-01
      1.50000000       0.30000000  -5.45158467e-02  2.45512575e-01  2.51820240e-01  5.45158467e-02 -2.45512575e-01 -2.51820240e-01  2.45512575e-01 -2.45512575e-01
      1.60000000       0.30000000  -5.82966003e-02  2.51430025e-01  2.57534200e-01  5.82966003e-02 -2.51430025e-01 -2.57534200e-01  2.51430025e-01 -2.51430025e-01
      1.70000000       0.30000000  -6.19813343e-02  2.56755769e-01  2.62611335e-01  6.19813343e-02 -2.56755769e-01 -2.62611335e-01  2.56755769e-01 -2.56755769e-01
      1.80000000       0.30000000  -6.55663552e-02  2.61545362e-01  2.67118152e-01  6.55663552e-02 -2.61545362e-01 -2.67118152e-01  2.61545362e-01 -2.61545362e-01
      1.90000000       0.30000000  -6.90493109e-02  2.65848599e-01  2.71114330e-01  6.90493109e-02 -2.65848599e-01 -2.71114330e-01  2.65848599e-01 -2.65848599e-01
      2.00000000       0.30000000  -7.24289946e-02  2.69710404e-01  2.74653533e-01  7.24289946e-02 -2.69710404e-01 -2.74653533e-01  2.69710404e-01 -2.69710404e-01
      2.10000000       0.30000000  -7.57051759e-02  2.73171527e-01  2.77784092e-01  7.57051759e-02 -2.73171527e-01 -2.77784092e-01  2.73171527e-01 -2.73171527e-01
      2.20000000       0.30000000  -7.88784534e-02  2.76269102e-01  2.80549581e-01  7.88784534e-02 -2.76269102e-01 -2.80549581e-01  2.76269102e-01 -2.76269102e-01
      2.30000000       0.30000000  -8.19501234e-02  2.79037083e-01  2.82989303e-01  8.19501234e-02 -2.79037083e-01 -2.82989303e-01  2.79037083e-01 -2.79037083e-01
      2.40000000       0.30000000  -8.49220628e-02  2.81506595e-01  2.85138713e-01  8.49220628e-02 -2.81506595e-01 -2.85138713e-01  2.81506595e-01 -2.81506595e-01
      2.50000000       0.30000000  -8.77966226e-02  2.83706207e-01  2.87029781e-01  8.77966226e-02 -2.83706207e-01 -2.87029781e-01  2.83706207e-01 -2.83706207e-01
      2.60000000       0.30000000  -9.05765322e-02  2.85662162e-01  2.88691308e-01  9.05765322e-02 -2.85662162e-01 -2.88691308e-01  2.85662162e-01 -2.85662162e-01
      2.70000000       0.30000000  -9.32648130e-02  2.87398555e-01  2.90149215e-01  9.32648130e-02 -2.87398555e-01 -2.90149215e-01  2.87398555e-01 -2.87398555e-01
      2.80000000       0.30000000  -9.58647013e-02  2.88937492e-01  2.91426796e-01  9.58647013e-02 -2.88937492e-01 -2.91426796e-01  2.88937492e-01 -2.88937492e-01
      2.90000000       0.30000000  -9.83795788e-02  2.90299222e-01  2.92544946e-01  9.83795788e-02 -2.90299222e-01 -2.92544946e-01  2.90299222e-01 -2.90299222e-01
      3.00000000       0.30000000  -1.00812913e-01  2.91502254e-01  2.93522379e-01  1.00812913e-01 -2.91502254e-01 -2.93522379e-01  2.91502254e-01 -2.91502254e-01
      3.10000000       0.30000000  -1.03168206e-01  2.92563469e-01  2.94375817e-01  1.03168206e-01 -2.92563469e-01 -2.94375817e-01  2.92563469e-01 -2.92563469e-01
      3.20000000       0.30000000  -1.05448946e-01  2.93498221e-01  2.95120171e-01  1.05448946e-01 -2.93498221e-01 -2.95120171e-01  2.93498221e-01 -2.93498221e-01
      3.30000000       0.30000000  -1.07658577e-01  2.94320439e-01  2.95768712e-01  1.07658577e-01 -2.94320439e-01 -2.95768712e-01  2.94320439e-01 -2.94320439e-01
      3.40000000       0.30000000  -1.09800465e-01  2.95042721e-01  2.96333224e-01  1.09800465e-01 -2.95042721e-01 -2.96333224e-01  2.95042721e-01 -2.95042721e-01
      3.50000000       0.30000000  -1.11877872e-01  2.95676429e-01  2.96824148e-01  1.11877872e-01 -2.95676429e-01 -2.96824148e-01  2.95676429e-01 -2.95676429e-01
      3.60000000       0.30000000  -1.13893943e-01  2.96231778e-01  2.97250716e-01  1.13893943e-01 -2.96231778e-01 -2.97250716e-01  2.96231778e-01 -2.96231778e-01
      3.70000000       0.30000000  -1.15851693e-01  2.96717930e-01  2.97621074e-01  1.15851693e-01 -2.96717930e-01 -2.97621074e-01  2.96717930e-01 -2.96717930e-01
      3.80000000       0.30000000  -1.17753992e-01  2.97143079e-01  2.97942397e-01  1.17753992e-01 -2.97143079e-01 -2.97942397e-01  2.97143079e-01 -2.97143079e-01
      3.90000000       0.30000000  -1.19603570e-01  2.97514531e-01  2.98220993e-01  1.19603570e-01 -2.97514531e-01 -2.98220993e-01  2.97514531e-01 -2.97514531e-01
      4.00000000       0.30000000  -1.21403007e-01  2.97838787e-01  2.98462396e-01  1.21403007e-01 -2.97838787e-01 -2.98462396e-01  2.97838787e-01 -2.97838787e-01
      0.00000000       0.40000000  -0.00000000e+00  0.00000000e+00  0.00000000e+00  0.00000000e+00 -0.00000000e+00 -0.00000000e+00  0.00000000e+00 -0.00000000e+00
      0.10000000       0.40000000  -1.88488869e-03  4.64081173e-02  4.68304732e-02  1.88488869e-03 -4.64081173e-02 -4.68304732e-02  4.64081173e-02 -4.64081173e-02
      0.20000000       0.40000000  -5.61172990e-03  8.41671511e-02  8.55973717e-02  5.61172990e-03 -8.41671511e-02 -8.55973717e-02  8.41671511e-02 -8.41671511e-02
      0.30000000       0.40000000  -1.02736151e-02  1.16177505e-01  1.18922905e-01  1.02736151e-02 -1.16177505e-01 -1.18922905e-01  1.16177505e-01 -1.16177505e-01
      0.40000000       0.40000000  -1.55161942e-02  1.43821515e-01  1.48001075e-01  1.55161942e-02 -1.43821515e-01 -1.48001075e-01  1.43821515e-01 -1.43821515e-01
      0.50000000       0.40000000  -2.11337909e-02  1.67990130e-01  1.73597662e-01  2.11337909e-02 -1.67990130e-01 -1.73597662e-01  1.67990130e-01 -1.67990130e-01
      0.60000000       0.40000000  -2.69905882e-02  1.89318941e-01  1.96268600e-01  2.69905882e-02 -1.89318941e-01 -1.96268600e-01  1.89318941e-01 -1.89318941e-01
      0.70000000       0.40000000  -3.29909499e-02  2.08284303e-01  2.16442615e-01  3.29909499e-02 -2.08284303e-01 -2.16442615e-01  2.08284303e-01 -2.08284303e-01
      0.80000000       0.40000000  -3.90649123e-02  2.25254040e-01  2.34461982e-01  3.90649123e-02 -2.25254040e-01 -2.34461982e-01  2.25254040e-01 -2.25254040e-01
      0.90000000       0.40000000  -4.51600081e-02  2.40518209e-01  2.50606157e-01  4.51600081e-02 -2.40518209e-01 -2.50606157e-01  2.40518209e-01 -2.40518209e-01
      1.00000000       0.40000000  -5.12362332e-02  2.54309321e-01  2.65106990e-01  5.12362332e-02 -2.54309321e-01 -2.65106990e-01  2.54309321e-01 -2.54309321e-01
      1.10000000       0.40000000  -5.72627557e-02  2.66816337e-01  2.78159230e-01  5.72627557e-02 -2.66816337e-01 -2.78159230e-01  2.66816337e-01 -2.66816337e-01
      1.20000000       0.40000000  -6.32156661e-02  2.78194667e-01  2.89928116e-01  6.32156661e-02 -2.78194667e-01 -2.89928116e-01  2.78194667e-01 -2.78194667e-01
      1.30000000       0.40000000  -6.90763869e-02  2.88573510e-01  3.00555061e-01  6.90763869e-02 -2.88573510e-01 -3.00555061e-01  2.88573510e-01 -2.88573510e-01
      1.40000000       0.40000000  -7.48305170e-02  2.98061337e-01  3.10162001e-01  7.48305170e-02 -2.98061337e-01 -3.10162001e-01  2.98061337e-01 -2.98061337e-01
      1.50000000       0.40000000  -8.04669726e-02  3.06750059e-01  3.18854789e-01  8.04669726e-02 -3.06750059e-01 -3.18854789e-01  3.06750059e-01 -3.06750059e-01
      1.60000000       0.40000000  -8.59773375e-02  3.14718231e-01  3.26725883e-01  8.59773375e-02 -3.14718231e-01 -3.26725883e-01  3.14718231e-01 -3.14718231e-01
      1.70000000       0.40000000  -9.13553626e-02  3.22033557e-01  3.33856498e-01  9.13553626e-02 -3.22033557e-01 -3.33856498e-01  3.22033557e-01 -3.22033557e-01
      1.80000000       0.40000000  -9.65965762e-02  3.28754849e-01  3.40318343e-01  9.65965762e-02 -3.28754849e-01 -3.40318343e-01  3.28754849e-01 -3.28754849e-01
      1.90000000       0.40000000  -1.01697976e-01  3.34933596e-01  3.46175040e-01  1.01697976e-01 -3.34933596e-01 -3.46175040e-01  3.34933596e-01 -3.34933596e-01
      2.00000000       0.40000000  -1.06657783e-01  3.40615210e-01  3.51483288e-01  1.06657783e-01 -3.40615210e-01 -3.51483288e-01  3.40615210e-01 -3.40615210e-01
      2.10000000       0.40000000  -1.11475242e-01  3.45840036e-01  3.56293822e-01  1.11475242e-01 -3.45840036e-01 -3.56293822e-01  3.45840036e-01 -3.45840036e-01
      2.20000000       0.40000000  -1.16150464e-01  3.50644163e-01  3.60652210e-01  1.16150464e-01 -3.50644163e-01 -3.60652210e-01  3.50644163e-01 -3.50644163e-01
      2.30000000       0.40000000  -1.20684287e-01  3.55060097e-01  3.64599524e-01  1.20684287e-01 -3.55060097e-01 -3.64599524e-01  3.55060097e-01 -3.55060097e-01
      2.40000000       0.40000000  -1.25078167e-01  3.59117296e-01  3.68172891e-01  1.25078167e-01 -3.59117296e-01 -3.68172891e-01  3.59117296e-01 -3.59117296e-01
      2.50000000       0.40000000  -1.29334086e-01  3.62842615e-01  3.71405968e-01  1.29334086e-01 -3.62842615e-01 -3.71405968e-01  3.62842615e-01 -3.62842615e-01
      2.60000000       0.40000000  -1.33454468e-01  3.66260674e-01  3.74329338e-01  1.33454468e-01 -3.66260674e-01 -3.74329338e-01  3.66260674e-01 -3.66260674e-01
      2.70000000       0.40000000  -1.37442112e-01  3.69394147e-01  3.76970847e-01  1.37442112e-01 -3.69394147e-01 -3.76970847e-01  3.69394147e-01 -3.69394147e-01
      2.80000000       0.40000000  -1.41300131e-01  3.72264015e-01  3.79355891e-01  1.41300131e-01 -3.72264015e-01 -3.79355891e-01  3.72264015e-01 -3.72264015e-01
      2.90000000       0.40000000  -1.45031894e-01  3.74889757e-01  3.81507667e-01  1.45031894e-01 -3.74889757e-01 -3.81507667e-01  3.74889757e-01 -3.74889757e-01
      3.00000000       0.40000000  -1.48640981e-01  3.77289516e-01  3.83447379e-01  1.48640981e-01 -3.77289516e-01 -3.83447379e-01  3.77289516e-01 -3.77289516e-01
      3.10000000       0.40000000  -1.52131137e-01  3.79480227e-01  3.85194427e-01  1.52131137e-01 -3.79480227e-01 -3.85194427e-01  3.79480227e-01 -3.79480227e-01
      3.20000000       0.40000000  -1.55506232e-01  3.81477731e-01  3.86766566e-01  1.55506232e-01 -3.81477731e-01 -3.86766566e-01  3.81477731e-01 -3.81477731e-01
      3.30000000       0.40000000  -1.58770224e-01  3.83296856e-01  3.88180049e-01  1.58770224e-01 -3.83296856e-01 -3.88180049e-01  3.83296856e-01 -3.83296856e-01
      3.40000000       0.40000000  -1.61927128e-01  3.84951491e-01  3.89449749e-01  1.61927128e-01 -3.84951491e-01 -3.89449749e-01  3.84951491e-01 -3.84951491e-01
      3.50000000       0.40000000  -1.64980977e-01  3.86454647e-01  3.90589273e-01  1.64980977e-01 -3.86454647e-01 -3.90589273e-01  3.86454647e-01 -3.86454647e-01
      3.60000000       0.40000000  -1.67935806e-01  3.87818505e-01  3.91611063e-01  1.67935806e-01 -3.87818505e-01 -3.91611063e-01  3.87818505e-01 -3.87818505e-01
      3.70000000       0.40000000  -1.70795617e-01  3.89054459e-01  3.92526484e-01  1.70795617e-01 -3.89054459e-01 -3.92526484e-01  3.89054459e-01 -3.89054459e-01
      3.80000000       0.40000000  -1.73564361e-01  3.90173154e-01  3.93345908e-01  1.73564361e-01 -3.90173154e-01 -3.93345908e-01  3.90173154e-01 -3.90173154e-01
      3.90000000       0.40000000  -1.76245919e-01  3.91184520e-01  3.94078794e-01  1.76245919e-01 -3.91184520e-01 -3.94078794e-01  3.91184520e-01 -3.91184520e-01
      4.00000000       0.40000000  -1.78844084e-01  3.92097803e-01  3.94733752e-01  1.78844084e-01 -3.92097803e-01 -3.94733752e-01  3.92097803e-01 -3.92097803e-01
      0.00000000       0.50000000  -0.00000000e+00  0.00000000e+00  0.00000000e+00  0.00000000e+00 -0.00000000e+00 -0.00000000e+00  0.00000000e+00 -0.00000000e+00
      0.10000000       0.50000000  -2.70268261e-03  5.66165383e-02  5.72547218e-02  2.70268261e-03 -5.66165383e-02 -5.72547218e-02  5.66165383e-02 -5.66165383e-02
      0.20000000       0.50000000  -7.88926773e-03  1.01433112e-01  1.03558925e-01  7.88926773e-03 -1.01433112e-01 -1.03558925e-01  1.01433112e-01 -1.01433112e-01
      0.30000000       0.50000000  -1.42821896e-02  1.38841389e-01  1.42881511e-01  1.42821896e-02 -1.38841389e-01 -1.42881511e-01  1.38841389e-01 -1.38841389e-01
      0.40000000       0.50000000  -2.13972180e-02  1.70822224e-01  1.76938717e-01  2.13972180e-02 -1.70822224e-01 -1.76938717e-01  1.70822224e-01 -1.70822224e-01
      0.50000000       0.50000000  -2.89586573e-02  1.98601837e-01  2.06790474e-01  2.89586573e-02 -1.98601837e-01 -2.06790474e-01  1.98601837e-01 -1.98601837e-01
      0.60000000       0.50000000  -3.67884359e-02  2.23025315e-01  2.33180530e-01  3.67884359e-02 -2.23025315e-01 -2.33180530e-01  2.23025315e-01 -2.23025315e-01
      0.70000000       0.50000000  -4.47641346e-02  2.44707876e-01  2.56665548e-01  4.47641346e-02 -2.44707876e-01 -2.56665548e-01  2.44707876e-01 -2.44707876e-01
      0.80000000       0.50000000  -5.27984581e-02  2.64113108e-01  2.77678514e-01  5.27984581e-02 -2.64113108e-01 -2.77678514e-01  2.64113108e-01 -2.64113108e-01
      0.90000000       0.50000000  -6.08277079e-02  2.81599106e-01  2.96564984e-01  6.08277079e-02 -2.81599106e-01 -2.96564984e-01  2.81599106e-01 -2.81599106e-01
      1.00000000       0.50000000  -6.88047289e-02  2.97447887e-01  3.13605949e-01  6.88047289e-02 -2.97447887e-01 -3.13605949e-01  2.97447887e-01 -2.97447887e-01
      1.10000000       0.50000000  -7.66943293e-02  3.11885128e-01  3.29033233e-01  7.66943293e-02 -3.11885128e-01 -3.29033233e-01  3.11885128e-01 -3.11885128e-01
      1.20000000       0.50000000  -8.44701739e-02  3.25093908e-01  3.43040363e-01  8.44701739e-02 -3.25093908e-01 -3.43040363e-01  3.25093908e-01 -3.25093908e-01
      1.30000000       0.50000000  -9.21126048e-02  3.37224527e-01  3.55790504e-01  9.21126048e-02 -3.37224527e-01 -3.55790504e-01  3.37224527e-01 -3.37224527e-01
      1.40000000       0.50000000  -9.96070700e-02  3.48401694e-01  3.67422410e-01  9.96070700e-02 -3.48401694e-01 -3.67422410e-01  3.48401694e-01 -3.48401694e-01
      1.50000000       0.50000000  -1.06942968e-01  3.58729878e-01  3.78054972e-01  1.06942968e-01 -3.58729878e-01 -3.78054972e-01  3.58729878e-01 -3.58729878e-01
      1.60000000       0.50000000  -1.14112777e-01  3.68297360e-01  3.87790758e-01  1.14112777e-01 -3.68297360e-01 -3.87790758e-01  3.68297360e-01 -3.68297360e-01
      1.70000000       0.50000000  -1.21111400e-01  3.77179340e-01  3.96718804e-01  1.21111400e-01 -3.77179340e-01 -3.96718804e-01  3.77179340e-01 -3.77179340e-01
      1.80000000       0.50000000  -1.27935649e-01  3.85440348e-01  4.04916835e-01  1.27935649e-01 -3.85440348e-01 -4.04916835e-01  3.85440348e-01 -3.85440348e-01
      1.90000000       0.50000000  -1.34583857e-01  3.93136145e-01  4.12453062e-01  1.34583857e-01 -3.93136145e-01 -4.12453062e-01  3.93136145e-01 -3.93136145e-01
      2.00000000       0.50000000  -1.41055559e-01  4.00315228e-01  4.19387639e-01  1.41055559e-01 -4.00315228e-01 -4.19387639e-01  4.00315228e-01 -4.00315228e-01
      2.10000000       0.50000000  -1.47351250e-01  4.07020032e-01  4.25773856e-01  1.47351250e-01 -4.07020032e-01 -4.25773856e-01  4.07020032e-01 -4.07020032e-01
      2.20000000       0.50000000  -1.53472192e-01  4.13287909e-01  4.31659129e-01  1.53472192e-01 -4.13287909e-01 -4.31659129e-01  4.13287909e-01 -4.13287909e-01
      2.30000000       0.50000000  -1.59420253e-01  4.19151919e-01  4.37085813e-01  1.59420253e-01 -4.19151919e-01 -4.37085813e-01  4.19151919e-01 -4.19151919e-01
      2.40000000       0.50000000  -1.65197783e-01  4.24641482e-01  4.42091891e-01  1.65197783e-01 -4.24641482e-01 -4.42091891e-01  4.24641482e-01 -4.24641482e-01
      2.50000000       0.50000000  -1.70807518e-01  4.29782916e-01  4.46711548e-01  1.70807518e-01 -4.29782916e-01 -4.46711548e-01  4.29782916e-01 -4.29782916e-01
      2.60000000       0.50000000  -1.76252494e-01  4.34599884e-01  4.50975653e-01  1.76252494e-01 -4.34599884e-01 -4.50975653e-01  4.34599884e-01 -4.34599884e-01
      2.70000000       0.50000000  -1.81535982e-01  4.39113769e-01  4.54912172e-01  1.81535982e-01 -4.39113769e-01 -4.54912172e-01  4.39113769e-01 -4.39113769e-01
      2.80000000       0.50000000  -1.86661438e-01  4.43343982e-01  4.58546519e-01  1.86661438e-01 -4.43343982e-01 -4.58546519e-01  4.43343982e-01 -4.43343982e-01
      2.90000000       0.50000000  -1.91632460e-01  4.47308234e-01  4.61901854e-01  1.91632460e-01 -4.47308234e-01 -4.61901854e-01  4.47308234e-01 -4.47308234e-01
      3.00000000       0.50000000  -1.96452750e-01  4.51022757e-01  4.64999338e-01  1.96452750e-01 -4.51022757e-01 -4.64999338e-01  4.51022757e-01 -4.51022757e-01
      3.10000000       0.50000000  -2.01126090e-01  4.54502492e-01  4.67858357e-01  2.01126090e-01 -4.54502492e-01 -4.67858357e-01  4.54502492e-01 -4.54502492e-01
      3.20000000       0.50000000  -2.05656318e-01  4.57761254e-01  4.70496708e-01  2.05656318e-01 -4.57761254e-01 -4.70496708e-01  4.57761254e-01 -4.57761254e-01
      3.30000000       0.50000000  -2.10047306e-01  4.60811869e-01  4.72930770e-01  2.10047306e-01 -4.60811869e-01 -4.72930770e-01  4.60811869e-01 -4.60811869e-01
      3.40000000       0.50000000  -2.14302948e-01  4.63666291e-01  4.75175638e-01  2.14302948e-01 -4.63666291e-01 -4.75175638e-01  4.63666291e-01 -4.63666291e-01
      3.50000000       0.50000000  -2.18427147e-01  4.66335704e-01  4.77245258e-01  2.18427147e-01 -4.66335704e-01 -4.77245258e-01  4.66335704e-01 -4.66335704e-01
      3.60000000       0.50000000  -2.22423801e-01  4.68830605e-01  4.79152528e-01  2.22423801e-01 -4.68830605e-01 -4.79152528e-01  4.68830605e-01 -4.68830605e-01
      3.70000000       0.50000000  -2.26296796e-01  4.71160881e-01  4.80909397e-01  2.26296796e-01 -4.71160881e-01 -4.80909397e-01  4.71160881e-01 -4.71160881e-01
      3.80000000       0.50000000  -2.30049998e-01  4.73335864e-01  4.82526945e-01  2.30049998e-01 -4.73335864e-01 -4.82526945e-01  4.73335864e-01 -4.73335864e-01
      3.90000000       0.50000000  -2.33687241e-01  4.75364391e-01  4.84015461e-01  2.33687241e-01 -4.75364391e-01 -4.84015461e-01  4.75364391e-01 -4.75364391e-01
      4.00000000       0.50000000  -2.37212327e-01  4.77254844e-01  4.85384505e-01  2.37212327e-01 -4.77254844e-01 -4.85384505e-01  4.77254844e-01 -4.77254844e-01
      0.00000000       0.60000000   0.00000000e+00  0.00000000e+00  0.00000000e+00 -0.00000000e+00 -0.00000000e+00 -0.00000000e+00  0.00000000e+00 -0.00000000e+00
      0.10000000       0.60000000  -3.61021087e-03  6.64192481e-02  6.73098082e-02  3.61021087e-03 -6.64192481e-02 -6.73098082e-02  6.64192481e-02 -6.64192481e-02
      0.20000000       0.60000000  -1.03698048e-02  1.17683716e-01  1.20604698e-01  1.03698048e-02 -1.17683716e-01 -1.20604698e-01  1.17683716e-01 -1.17683716e-01
      0.30000000       0.60000000  -1.85935124e-02  1.59857122e-01  1.65353971e-01  1.85935124e-02 -1.59857122e-01 -1.65353971e-01  1.59857122e-01 -1.59857122e-01
      0.40000000       0.60000000  -2.76568956e-02  1.95557725e-01  2.03828384e-01  2.76568956e-02 -1.95557725e-01 -2.03828384e-01  1.95557725e-01 -1.95557725e-01
      0.50000000       0.60000000  -3.72109840e-02  2.26356821e-01  2.37391922e-01  3.72109840e-02 -2.26356821e-01 -2.37391922e-01  2.26356821e-01 -2.26356821e-01
      0.60000000       0.60000000  -4.70352658e-02  2.53309198e-01  2.66978591e-01  4.70352658e-02 -2.53309198e-01 -2.66978591e-01  2.53309198e-01 -2.53309198e-01
      0.70000000       0.60000000  -5.69817807e-02  2.77165955e-01  2.93272714e-01  5.69817807e-02 -2.77165955e-01 -2.93272714e-01  2.77165955e-01 -2.77165955e-01
      0.80000000       0.60000000  -6.69477963e-02  2.98482695e-01  3.16796808e-01  6.69477963e-02 -2.98482695e-01 -3.16796808e-01  2.98482695e-01 -2.98482695e-01
      0.90000000       0.60000000  -7.68605393e-02  3.17681956e-01  3.37961215e-01  7.68605393e-02 -3.17681956e-01 -3.37961215e-01  3.17681956e-01 -3.17681956e-01
      1.00000000       0.60000000  -8.66679165e-02  3.35092155e-01  3.57094918e-01  8.66679165e-02 -3.35092155e-01 -3.57094918e-01  3.35092155e-01 -3.35092155e-01
      1.10000000       0.60000000  -9.63325396e-02  3.50973160e-01  3.74465954e-01  9.63325396e-02 -3.50973160e-01 -3.74465954e-01  3.50973160e-01 -3.50973160e-01
      1.20000000       0.60000000  -1.05827709e-01  3.65533759e-01  3.90295580e-01  1.05827709e-01 -3.65533759e-01 -3.90295580e-01  3.65533759e-01 -3.65533759e-01
      1.30000000       0.60000000  -1.15134625e-01  3.78943925e-01  4.04768459e-01  1.15134625e-01 -3.78943925e-01 -4.04768459e-01  3.78943925e-01 -3.78943925e-01
      1.40000000       0.60000000  -1.24240398e-01  3.91343654e-01  4.18040170e-01  1.24240398e-01 -3.91343654e-01 -4.18040170e-01  3.91343654e-01 -3.91343654e-01
      1.50000000       0.60000000  -1.33136604e-01  4.02849455e-01  4.30242877e-01  1.33136604e-01 -4.02849455e-01 -4.30242877e-01  4.02849455e-01 -4.02849455e-01
      1.60000000       0.60000000  -1.41818206e-01  4.13559199e-01  4.41489685e-01  1.41818206e-01 -4.13559199e-01 -4.41489685e-01  4.13559199e-01 -4.13559199e-01
      1.70000000       0.60000000  -1.50282756e-01  4.23555796e-01  4.51878028e-01  1.50282756e-01 -4.23555796e-01 -4.51878028e-01  4.23555796e-01 -4.23555796e-01
      1.80000000       0.60000000  -1.58529779e-01  4.32910029e-01  4.61492343e-01  1.58529779e-01 -4.32910029e-01 -4.61492343e-01  4.32910029e-01 -4.32910029e-01
      1.90000000       0.60000000  -1.66560304e-01  4.41682749e-01  4.70406214e-01  1.66560304e-01 -4.41682749e-01 -4.70406214e-01  4.41682749e-01 -4.41682749e-01
      2.00000000       0.60000000  -1.74376503e-01  4.49926611e-01  4.78684086e-01  1.74376503e-01 -4.49926611e-01 -4.78684086e-01  4.49926611e-01 -4.49926611e-01
      2.10000000       0.60000000  -1.81981409e-01  4.57687454e-01  4.86382669e-01  1.81981409e-01 -4.57687454e-01 -4.86382669e-01  4.57687454e-01 -4.57687454e-01
      2.20000000       0.60000000  -1.89378693e-01  4.65005399e-01  4.93552084e-01  1.89378693e-01 -4.65005399e-01 -4.93552084e-01  4.65005399e-01 -4.65005399e-01
      2.30000000       0.60000000  -1.96572494e-01  4.71915747e-01  5.00236811e-01  1.96572494e-01 -4.71915747e-01 -5.00236811e-01  4.71915747e-01 -4.71915747e-01
      2.40000000       0.60000000  -2.03567285e-01  4.78449708e-01  5.06476476e-01  2.03567285e-01 -4.78449708e-01 -5.06476476e-01  4.78449708e-01 -4.78449708e-01
      2.50000000       0.60000000  -2.10367761e-01  4.84634996e-01  5.12306508e-01  2.10367761e-01 -4.84634996e-01 -5.12306508e-01  4.84634996e-01 -4.84634996e-01
      2.60000000       0.60000000  -2.16978763e-01  4.90496331e-01  5.17758691e-01  2.16978763e-01 -4.90496331e-01 -5.17758691e-01  4.90496331e-01 -4.90496331e-01
      2.70000000       0.60000000  -2.23405204e-01  4.96055843e-01  5.22861634e-01  2.23405204e-01 -4.96055843e-01 -5.22861634e-01  4.96055843e-01 -4.96055843e-01
      2.80000000       0.60000000  -2.29652027e-01  5.01333425e-01  5.27641169e-01  2.29652027e-01 -5.01333425e-01 -5.27641169e-01  5.01333425e-01 -5.01333425e-01
      2.90000000       0.60000000  -2.35724156e-01  5.06347019e-01  5.32120683e-01  2.35724156e-01 -5.06347019e-01 -5.32120683e-01  5.06347019e-01 -5.06347019e-01
      3.00000000       0.60000000  -2.41626474e-01  5.11112867e-01  5.36321415e-01  2.41626474e-01 -5.11112867e-01 -5.36321415e-01  5.11112867e-01 -5.11112867e-01
      3.10000000       0.60000000  -2.47363792e-01  5.15645717e-01  5.40262703e-01  2.47363792e-01 -5.15645717e-01 -5.40262703e-01  5.15645717e-01 -5.15645717e-01
      3.20000000       0.60000000  -2.52940838e-01  5.19959005e-01  5.43962199e-01  2.52940838e-01 -5.19959005e-01 -5.43962199e-01  5.19959005e-01 -5.19959005e-01
      3.30000000       0.60000000  -2.58362241e-01  5.24065010e-01  5.47436055e-01  2.58362241e-01 -5.24065010e-01 -5.47436055e-01  5.24065010e-01 -5.24065010e-01
      3.40000000       0.60000000  -2.63632525e-01  5.27974986e-01  5.50699086e-01  2.63632525e-01 -5.27974986e-01 -5.50699086e-01  5.27974986e-01 -5.27974986e-01
      3.50000000       0.60000000  -2.68756097e-01  5.31699278e-01  5.53764912e-01  2.68756097e-01 -5.31699278e-01 -5.53764912e-01  5.31699278e-01 -5.31699278e-01
      3.60000000       0.60000000  -2.73737252e-01  5.35247424e-01  5.56646080e-01  2.73737252e-01 -5.35247424e-01 -5.56646080e-01  5.35247424e-01 -5.35247424e-01
      3.70000000       0.60000000  -2.78580166e-01  5.38628240e-01  5.59354175e-01  2.78580166e-01 -5.38628240e-01 -5.59354175e-01  5.38628240e-01 -5.38628240e-01
      3.80000000       0.60000000  -2.83288895e-01  5.41849900e-01  5.61899912e-01  2.83288895e-01 -5.41849900e-01 -5.61899912e-01  5.41849900e-01 -5.41849900e-01
      3.90000000       0.60000000  -2.87867381e-01  5.44920003e-01  5.64293222e-01  2.87867381e-01 -5.44920003e-01 -5.64293222e-01  5.44920003e-01 -5.44920003e-01
      4.00000000       0.60000000  -2.92319452e-01  5.47845632e-01  5.66543325e-01  2.92319452e-01 -5.47845632e-01 -5.66543325e-01  5.47845632e-01 -5.47845632e-01
      0.00000000       0.70000000   0.00000000e+00  0.00000000e+00  0.00000000e+00 -0.00000000e+00 -0.00000000e+00 -0.00000000e+00  0.00000000e+00 -0.00000000e+00
      0.10000000       0.70000000  -4.59577025e-03  7.58583841e-02  7.70350196e-02  4.59577025e-03 -7.58583841e-02 -7.70350196e-02  7.58583841e-02 -7.58583841e-02
      0.20000000       0.70000000  -1.30200785e-02  1.33044491e-01  1.36847484e-01  1.30200785e-02 -1.33044491e-01 -1.36847484e-01  1.33044491e-01 -1.33044491e-01
      0.30000000       0.70000000  -2.31465862e-02  1.79448362e-01  1.86535662e-01  2.31465862e-02 -1.79448362e-01 -1.86535662e-01  1.79448362e-01 -1.79448362e-01
      0.40000000       0.70000000  -3.42023991e-02  2.18355318e-01  2.28949304e-01  3.42023991e-02 -2.18355318e-01 -2.28949304e-01  2.18355318e-01 -2.18355318e-01
      0.50000000       0.70000000  -4.57636920e-02  2.51687393e-01  2.65762933e-01  4.57636920e-02 -2.51687393e-01 -2.65762933e-01  2.51687393e-01 -2.51687393e-01
      0.60000000       0.70000000  -5.75686014e-02  2.80707405e-01  2.98101588e-01  5.75686014e-02 -2.80707405e-01 -2.98101588e-01  2.80707405e-01 -2.80707405e-01
      0.70000000       0.70000000  -6.94457992e-02  3.06298538e-01  3.26776068e-01  6.94457992e-02 -3.06298538e-01 -3.26776068e-01  3.06298538e-01 -3.06298538e-01
      0.80000000       0.70000000  -8.12796592e-02  3.29104298e-01  3.52396670e-01  8.12796592e-02 -3.29104298e-01 -3.52396670e-01  3.29104298e-01 -3.29104298e-01
      0.90000000       0.70000000  -9.29909055e-02  3.49607893e-01  3.75436744e-01  9.29909055e-02 -3.49607893e-01 -3.75436744e-01  3.49607893e-01 -3.49607893e-01
      1.00000000       0.70000000  -1.04524946e-01  3.68180862e-01  3.96271676e-01  1.04524946e-01 -3.68180862e-01 -3.96271676e-01  3.68180862e-01 -3.68180862e-01
      1.10000000       0.70000000  -1.15844426e-01  3.85114511e-01  4.15204385e-01  1.15844426e-01 -3.85114511e-01 -4.15204385e-01  3.85114511e-01 -3.85114511e-01
      1.20000000       0.70000000  -1.26924285e-01  4.00641046e-01  4.32482802e-01  1.26924285e-01 -4.00641046e-01 -4.32482802e-01  4.00641046e-01 -4.00641046e-01
      1.30000000       0.70000000  -1.37748348e-01  4.14948230e-01  4.48312270e-01  1.37748348e-01 -4.14948230e-01 -4.48312270e-01  4.14948230e-01 -4.14948230e-01
      1.40000000       0.70000000  -1.48306942e-01  4.28189805e-01  4.62864606e-01  1.48306942e-01 -4.28189805e-01 -4.62864606e-01  4.28189805e-01 -4.28189805e-01
      1.50000000       0.70000000  -1.58595172e-01  4.40493068e-01  4.76284858e-01  1.58595172e-01 -4.40493068e-01 -4.76284858e-01  4.40493068e-01 -4.40493068e-01
      1.60000000       0.70000000  -1.68611669e-01  4.51964479e-01  4.88696442e-01  1.68611669e-01 -4.51964479e-01 -4.88696442e-01  4.51964479e-01 -4.51964479e-01
      1.70000000       0.70000000  -1.78357665e-01  4.62693876e-01  5.00205114e-01  1.78357665e-01 -4.62693876e-01 -5.00205114e-01  4.62693876e-01 -4.62693876e-01
      1.80000000       0.70000000  -1.87836298e-01  4.72757687e-01  5.10902076e-01  1.87836298e-01 -4.72757687e-01 -5.10902076e-01  4.72757687e-01 -4.72757687e-01
      1.90000000       0.70000000  -1.97052095e-01  4.82221426e-01  5.20866436e-01  1.97052095e-01 -4.82221426e-01 -5.20866436e-01  4.82221426e-01 -4.82221426e-01
      2.00000000       0.70000000  -2.06010572e-01  4.91141626e-01  5.30167177e-01  2.06010572e-01 -4.91141626e-01 -5.30167177e-01  4.91141626e-01 -4.91141626e-01
      2.10000000       0.70000000  -2.14717938e-01  4.99567382e-01  5.38864751e-01  2.14717938e-01 -4.99567382e-01 -5.38864751e-01  4.99567382e-01 -4.99567382e-01
      2.20000000       0.70000000  -2.23180864e-01  5.07541573e-01  5.47012372e-01  2.23180864e-01 -5.07541573e-01 -5.47012372e-01  5.07541573e-01 -5.07541573e-01
      2.30000000       0.70000000  -2.31406308e-01  5.15101851e-01  5.54657083e-01  2.31406308e-01 -5.15101851e-01 -5.54657083e-01  5.15101851e-01 -5.15101851e-01
      2.40000000       0.70000000  -2.39401382e-01  5.22281438e-01  5.61840633e-01  2.39401382e-01 -5.22281438e-01 -5.61840633e-01  5.22281438e-01 -5.22281438e-01
      2.50000000       0.70000000  -2.47173246e-01  5.29109786e-01  5.68600215e-01  2.47173246e-01 -5.29109786e-01 -5.68600215e-01  5.29109786e-01 -5.29109786e-01
      2.60000000       0.70000000  -2.54729039e-01  5.35613112e-01  5.74969069e-01  2.54729039e-01 -5.35613112e-01 -5.74969069e-01  5.35613112e-01 -5.35613112e-01
      2.70000000       0.70000000  -2.62075813e-01  5.41814849e-01  5.80977007e-01  2.62075813e-01 -5.41814849e-01 -5.80977007e-01  5.41814849e-01 -5.41814849e-01
      2.80000000       0.70000000  -2.69220494e-01  5.47736019e-01  5.86650847e-01  2.69220494e-01 -5.47736019e-01 -5.86650847e-01  5.47736019e-01 -5.47736019e-01
      2.90000000       0.70000000  -2.76169849e-01  5.53395546e-01  5.92014781e-01  2.76169849e-01 -5.53395546e-01 -5.92014781e-01  5.53395546e-01 -5.53395546e-01
      3.00000000       0.70000000  -2.82930464e-01  5.58810520e-01  5.97090695e-01  2.82930464e-01 -5.58810520e-01 -5.97090695e-01  5.58810520e-01 -5.58810520e-01
      3.10000000       0.70000000  -2.89508730e-01  5.63996426e-01  6.01898439e-01  2.89508730e-01 -5.63996426e-01 -6.01898439e-01  5.63996426e-01 -5.63996426e-01
      3.20000000       0.70000000  -2.95910830e-01  5.68967330e-01  6.06456065e-01  2.95910830e-01 -5.68967330e-01 -6.06456065e-01  5.68967330e-01 -5.68967330e-01
      3.30000000       0.70000000  -3.02142736e-01  5.73736049e-01  6.10780023e-01  3.02142736e-01 -5.73736049e-01 -6.10780023e-01  5.73736049e-01 -5.73736049e-01
      3.40000000       0.70000000  -3.08210206e-01  5.78314287e-01  6.14885342e-01  3.08210206e-01 -5.78314287e-01 -6.14885342e-01  5.78314287e-01 -5.78314287e-01
      3.50000000       0.70000000  -3.14118785e-01  5.82712760e-01  6.18785781e-01  3.14118785e-01 -5.82712760e-01 -6.18785781e-01  5.82712760e-01 -5.82712760e-01
      3.60000000       0.70000000  -3.19873805e-01  5.86941305e-01  6.22493963e-01  3.19873805e-01 -5.86941305e-01 -6.22493963e-01  5.86941305e-01 -5.86941305e-01
      3.70000000       0.70000000  -3.25480391e-01  5.91008966e-01  6.26021489e-01  3.25480391e-01 -5.91008966e-01 -6.26021489e-01  5.91008966e-01 -5.91008966e-01
      3.80000000       0.70000000  -3.30943466e-01  5.94924079e-01  6.29379046e-01  3.30943466e-01 -5.94924079e-01 -6.29379046e-01  5.94924079e-01 -5.94924079e-01
      3.90000000       0.70000000  -3.36267756e-01  5.98694342e-01  6.32576493e-01  3.36267756e-01 -5.98694342e-01 -6.32576493e-01  5.98694342e-01 -5.98694342e-01
      4.00000000       0.70000000  -3.41457794e-01  6.02326877e-01  6.35622944e-01  3.41457794e-01 -6.02326877e-01 -6.35622944e-01  6.02326877e-01 -6.02326877e-01
      0.00000000       0.80000000   0.00000000e+00  0.00000000e+00  0.00000000e+00 -0.00000000e+00 -0.00000000e+00 -0.00000000e+00  0.00000000e+00 -0.00000000e+00
      0.10000000       0.80000000  -5.65027203e-03  8.49676906e-02  8.64615684e-02  5.65027203e-03 -8.49676906e-02 -8.64615684e-02  8.49676906e-02 -8.49676906e-02
      0.20000000       0.80000000  -1.58142937e-02  1.47614160e-01  1.52375018e-01  1.58142937e-02 -1.47614160e-01 -1.52375018e-01  1.47614160e-01 -1.47614160e-01
      0.30000000       0.80000000  -2.78944738e-02  1.97790143e-01  2.06577760e-01  2.78944738e-02 -1.97790143e-01 -2.06577760e-01  1.97790143e-01 -1.97790143e-01
      0.40000000       0.80000000  -4.09633005e-02  2.39471072e-01  2.52517775e-01  4.09633005e-02 -2.39471072e-01 -2.52517775e-01  2.39471072e-01 -2.39471072e-01
      0.50000000       0.80000000  -5.45221421e-02  2.74932573e-01  2.92184482e-01  5.45221421e-02 -2.74932573e-01 -2.92184482e-01  2.74932573e-01 -2.74932573e-01
      0.60000000       0.80000000  -6.82700784e-02  3.05642695e-01  3.26893816e-01  6.82700784e-02 -3.05642695e-01 -3.26893816e-01  3.05642695e-01 -3.05642695e-01
      0.70000000       0.80000000  -8.20154478e-02  3.32612554e-01  3.57581467e-01  8.20154478e-02 -3.32612554e-01 -3.57581467e-01  3.32612554e-01 -3.32612554e-01
      0.80000000       0.80000000  -9.56328643e-02  3.56569465e-01  3.84943571e-01  9.56328643e-02 -3.56569465e-01 -3.84943571e-01  3.56569465e-01 -3.56569465e-01
      0.90000000       0.80000000  -1.09039504e-01  3.78053676e-01  4.09514597e-01  1.09039504e-01 -3.78053676e-01 -4.09514597e-01  3.78053676e-01 -3.78053676e-01
      1.00000000       0.80000000  -1.22180934e-01  3.97476777e-01  4.31714647e-01  1.22180934e-01 -3.97476777e-01 -4.31714647e-01  3.97476777e-01 -3.97476777e-01
      1.10000000       0.80000000  -1.35022171e-01  4.15158945e-01  4.51880074e-01  1.35022171e-01 -4.15158945e-01 -4.51880074e-01  4.15158945e-01 -4.15158945e-01
      1.20000000       0.80000000  -1.47541796e-01  4.31353675e-01  4.70284261e-01  1.47541796e-01 -4.31353675e-01 -4.70284261e-01  4.31353675e-01 -4.31353675e-01
      1.30000000       0.80000000  -1.59727975e-01  4.46264746e-01  4.87152232e-01  1.59727975e-01 -4.46264746e-01 -4.87152232e-01  4.46264746e-01 -4.46264746e-01
      1.40000000       0.80000000  -1.71575691e-01  4.60058168e-01  5.02671224e-01  1.71575691e-01 -4.60058168e-01 -5.02671224e-01  4.60058168e-01 -4.60058168e-01
      1.50000000       0.80000000  -1.83084786e-01  4.72870786e-01  5.16998508e-01  1.83084786e-01 -4.72870786e-01 -5.16998508e-01  4.72870786e-01 -4.72870786e-01
      1.60000000       0.80000000  -1.94258564e-01  4.84816598e-01  5.30267293e-01  1.94258564e-01 -4.84816598e-01 -5.30267293e-01  4.84816598e-01 -4.84816598e-01
      1.70000000       0.80000000  -2.05102764e-01  4.95991472e-01  5.42591252e-01  2.05102764e-01 -4.95991472e-01 -5.42591252e-01  4.95991472e-01 -4.95991472e-01
      1.80000000       0.80000000  -2.15624824e-01  5.06476723e-01  5.54068043e-01  2.15624824e-01 -5.06476723e-01 -5.54068043e-01  5.06476723e-01 -5.06476723e-01
      1.90000000       0.80000000  -2.25833320e-01  5.16341861e-01  5.64782078e-01  2.25833320e-01 -5.16341861e-01 -5.64782078e-01  5.16341861e-01 -5.16341861e-01
      2.00000000       0.80000000  -2.35737571e-01  5.25646732e-01  5.74806729e-01  2.35737571e-01 -5.25646732e-01 -5.74806729e-01  5.25646732e-01 -5.25646732e-01
      2.10000000       0.80000000  -2.45347328e-01  5.34443193e-01  5.84206099e-01  2.45347328e-01 -5.34443193e-01 -5.84206099e-01  5.34443193e-01 -5.34443193e-01
      2.20000000       0.80000000  -2.54672557e-01  5.42776452e-01  5.93036462e-01  2.54672557e-01 -5.42776452e-01 -5.93036462e-01  5.42776452e-01 -5.42776452e-01
      2.30000000       0.80000000  -2.63723270e-01  5.50686138e-01  6.01347435e-01  2.63723270e-01 -5.50686138e-01 -6.01347435e-01  5.50686138e-01 -5.50686138e-01
      2.40000000       0.80000000  -2.72509406e-01  5.58207165e-01  6.09182944e-01  2.72509406e-01 -5.58207165e-01 -6.09182944e-01  5.58207165e-01 -5.58207165e-01
      2.50000000       0.80000000  -2.81040746e-01  5.65370446e-01  6.16582026e-01  2.81040746e-01 -5.65370446e-01 -6.16582026e-01  5.65370446e-01 -5.65370446e-01
      2.60000000       0.80000000  -2.89326842e-01  5.72203462e-01  6.23579501e-01  2.89326842e-01 -5.72203462e-01 -6.23579501e-01  5.72203462e-01 -5.72203462e-01
      2.70000000       0.80000000  -2.97376982e-01  5.78730752e-01  6.30206525e-01  2.97376982e-01 -5.78730752e-01 -6.30206525e-01  5.78730752e-01 -5.78730752e-01
      2.80000000       0.80000000  -3.05200156e-01  5.84974309e-01  6.36491070e-01  3.05200156e-01 -5.84974309e-01 -6.36491070e-01  5.84974309e-01 -5.84974309e-01
      2.90000000       0.80000000  -3.12805039e-01  5.90953913e-01  6.42458322e-01  3.12805039e-01 -5.90953913e-01 -6.42458322e-01  5.90953913e-01 -5.90953913e-01
      3.00000000       0.80000000  -3.20199982e-01  5.96687416e-01  6.48131021e-01  3.20199982e-01 -5.96687416e-01 -6.48131021e-01  5.96687416e-01 -5.96687416e-01
      3.10000000       0.80000000  -3.27393005e-01  6.02190980e-01  6.53529756e-01  3.27393005e-01 -6.02190980e-01 -6.53529756e-01  6.02190980e-01 -6.02190980e-01
      3.20000000       0.80000000  -3.34391803e-01  6.07479279e-01  6.58673213e-01  3.34391803e-01 -6.07479279e-01 -6.58673213e-01  6.07479279e-01 -6.07479279e-01
      3.30000000       0.80000000  -3.41203746e-01  6.12565675e-01  6.63578394e-01  3.41203746e-01 -6.12565675e-01 -6.63578394e-01  6.12565675e-01 -6.12565675e-01
      3.40000000       0.80000000  -3.47835887e-01  6.17462366e-01  6.68260801e-01  3.47835887e-01 -6.17462366e-01 -6.68260801e-01  6.17462366e-01 -6.17462366e-01
      3.50000000       0.80000000  -3.54294972e-01  6.22180516e-01  6.72734603e-01  3.54294972e-01 -6.22180516e-01 -6.72734603e-01  6.22180516e-01 -6.22180516e-01
      3.60000000       0.80000000  -3.60587451e-01  6.26730366e-01  6.77012775e-01  3.60587451e-01 -6.26730366e-01 -6.77012775e-01  6.26730366e-01 -6.26730366e-01
      3.70000000       0.80000000  -3.66719484e-01  6.31121332e-01  6.81107221e-01  3.66719484e-01 -6.31121332e-01 -6.81107221e-01  6.31121332e-01 -6.31121332e-01
      3.80000000       0.80000000  -3.72696956e-01  6.35362087e-01  6.85028887e-01  3.72696956e-01 -6.35362087e-01 -6.85028887e-01  6.35362087e-01 -6.35362087e-01
      3.90000000       0.80000000  -3.78525488e-01  6.39460639e-01  6.88787852e-01  3.78525488e-01 -6.39460639e-01 -6.88787852e-01  6.39460639e-01 -6.39460639e-01
      4.00000000       0.80000000  -3.84210449e-01  6.43424396e-01  6.92393417e-01  3.84210449e-01 -6.43424396e-01 -6.92393417e-01  6.43424396e-01 -6.43424396e-01
      0.00000000       0.90000000   0.00000000e+00  0.00000000e+00  0.00000000e+00 -0.00000000e+00 -0.00000000e+00 -0.00000000e+00  0.00000000e+00 -0.00000000e+00
      0.10000000       0.90000000  -6.76639341e-03  9.37749514e-02  9.56149632e-02  6.76639341e-03 -9.37749514e-02 -9.56149632e-02  9.37749514e-02 -9.37749514e-02
      0.20000000       0.90000000  -1.87317224e-02  1.61472828e-01  1.67257821e-01  1.87317224e-02 -1.61472828e-01 -1.67257821e-01  1.61472828e-01 -1.61472828e-01
      0.30000000       0.90000000  -3.27998858e-02  2.15023741e-01  2.25601254e-01  3.27998858e-02 -2.15023741e-01 -2.25601254e-01  2.15023741e-01 -2.15023741e-01
      0.40000000       0.90000000  -4.78846345e-02  2.59111179e-01  2.74706967e-01  4.78846345e-02 -2.59111179e-01 -2.74706967e-01  2.59111179e-01 -2.59111179e-01
      0.50000000       0.90000000  -6.34141030e-02  2.96365101e-01  3.16882216e-01  6.34141030e-02 -2.96365101e-01 -3.16882216e-01  2.96365101e-01 -2.96365101e-01
      0.60000000       0.90000000  -7.90516847e-02  3.28455183e-01  3.53633151e-01  7.90516847e-02 -3.28455183e-01 -3.53633151e-01  3.28455183e-01 -3.28455183e-01
      0.70000000       0.90000000  -9.45891461e-02  3.56516114e-01  3.86018593e-01  9.45891461e-02 -3.56516114e-01 -3.86018593e-01  3.56516114e-01 -3.56516114e-01
      0.80000000       0.90000000  -1.09894941e-01  3.81354987e-01  4.14818552e-01  1.09894941e-01 -3.81354987e-01 -4.14818552e-01  3.81354987e-01 -3.81354987e-01
      0.90000000       0.90000000  -1.24885926e-01  4.03565650e-01  4.40626762e-01  1.24885926e-01 -4.03565650e-01 -4.40626762e-01  4.03565650e-01 -4.03565650e-01
      1.00000000       0.90000000  -1.39510627e-01  4.23596900e-01  4.63906392e-01  1.39510627e-01 -4.23596900e-01 -4.63906392e-01  4.23596900e-01 -4.23596900e-01
      1.10000000       0.90000000  -1.53738804e-01  4.41795454e-01  4.85025815e-01  1.53738804e-01 -4.41795454e-01 -4.85025815e-01  4.41795454e-01 -4.41795454e-01
      1.20000000       0.90000000  -1.67554673e-01  4.58434195e-01  5.04282667e-01  1.67554673e-01 -4.58434195e-01 -5.04282667e-01  4.58434195e-01 -4.58434195e-01
      1.30000000       0.90000000  -1.80952385e-01  4.73731358e-01  5.21920646e-01  1.80952385e-01 -4.73731358e-01 -5.21920646e-01  4.73731358e-01 -4.73731358e-01
      1.40000000       0.90000000  -1.93932935e-01  4.87863933e-01  5.38141561e-01  1.93932935e-01 -4.87863933e-01 -5.38141561e-01  4.87863933e-01 -4.87863933e-01
      1.50000000       0.90000000  -2.06502012e-01  5.00977239e-01  5.53114203e-01  2.06502012e-01 -5.00977239e-01 -5.53114203e-01  5.00977239e-01 -5.00977239e-01
      1.60000000       0.90000000  -2.18668485e-01  5.13191913e-01  5.66980984e-01  2.18668485e-01 -5.13191913e-01 -5.66980984e-01  5.13191913e-01 -5.13191913e-01
      1.70000000       0.90000000  -2.30443328e-01  5.24609095e-01  5.79863002e-01  2.30443328e-01 -5.24609095e-01 -5.79863002e-01  5.24609095e-01 -5.24609095e-01
      1.80000000       0.90000000  -2.41838851e-01  5.35314335e-01  5.91863962e-01  2.41838851e-01 -5.35314335e-01 -5.91863962e-01  5.35314335e-01 -5.35314335e-01
      1.90000000       0.90000000  -2.52868144e-01  5.45380586e-01  6.03073237e-01  2.52868144e-01 -5.45380586e-01 -6.03073237e-01  5.45380586e-01 -5.45380586e-01
      2.00000000       0.90000000  -2.63544681e-01  5.54870514e-01  6.13568305e-01  2.63544681e-01 -5.54870514e-01 -6.13568305e-01  5.54870514e-01 -5.54870514e-01
      2.10000000       0.90000000  -2.73882037e-01  5.63838315e-01  6.23416686e-01  2.73882037e-01 -5.63838315e-01 -6.23416686e-01  5.63838315e-01 -5.63838315e-01
      2.20000000       0.90000000  -2.83893681e-01  5.72331149e-01  6.32677520e-01  2.83893681e-01 -5.72331149e-01 -6.32677520e-01  5.72331149e-01 -5.72331149e-01
      2.30000000       0.90000000  -2.93592836e-01  5.80390287e-01  6.41402838e-01  2.93592836e-01 -5.80390287e-01 -6.41402838e-01  5.80390287e-01 -5.80390287e-01
      2.40000000       0.90000000  -3.02992380e-01  5.88052037e-01  6.49638615e-01  3.02992380e-01 -5.88052037e-01 -6.49638615e-01  5.88052037e-01 -5.88052037e-01
      2.50000000       0.90000000  -3.12104781e-01  5.95348496e-01  6.57425633e-01  3.12104781e-01 -5.95348496e-01 -6.57425633e-01  5.95348496e-01 -5.95348496e-01
      2.60000000       0.90000000  -3.20942055e-01  6.02308168e-01  6.64800207e-01  3.20942055e-01 -6.02308168e-01 -6.64800207e-01  6.02308168e-01 -6.02308168e-01
      2.70000000       0.90000000  -3.29515741e-01  6.08956471e-01  6.71794778e-01  3.29515741e-01 -6.08956471e-01 -6.71794778e-01  6.08956471e-01 -6.08956471e-01
      2.80000000       0.90000000  -3.37836895e-01  6.15316160e-01  6.78438430e-01  3.37836895e-01 -6.15316160e-01 -6.78438430e-01  6.15316160e-01 -6.15316160e-01
      2.90000000       0.90000000  -3.45916083e-01  6.21407681e-01  6.84757312e-01  3.45916083e-01 -6.21407681e-01 -6.84757312e-01  6.21407681e-01 -6.21407681e-01
      3.00000000       0.90000000  -3.53763388e-01  6.27249470e-01  6.90775004e-01  3.53763388e-01 -6.27249470e-01 -6.90775004e-01  6.27249470e-01 -6.27249470e-01
      3.10000000       0.90000000  -3.61388426e-01  6.32858200e-01  6.96512826e-01  3.61388426e-01 -6.32858200e-01 -6.96512826e-01  6.32858200e-01 -6.32858200e-01
      3.20000000       0.90000000  -3.68800353e-01  6.38249000e-01  7.01990109e-01  3.68800353e-01 -6.38249000e-01 -7.01990109e-01  6.38249000e-01 -6.38249000e-01
      3.30000000       0.90000000  -3.76007883e-01  6.43435633e-01  7.07224420e-01  3.76007883e-01 -6.43435633e-01 -7.07224420e-01  6.43435633e-01 -6.43435633e-01
      3.40000000       0.90000000  -3.83019310e-01  6.48430654e-01  7.12231759e-01  3.83019310e-01 -6.48430654e-01 -7.12231759e-01  6.48430654e-01 -6.48430654e-01
      3.50000000       0.90000000  -3.89842521e-01  6.53245546e-01  7.17026736e-01  3.89842521e-01 -6.53245546e-01 -7.17026736e-01  6.53245546e-01 -6.53245546e-01
      3.60000000       0.90000000  -3.96485015e-01  6.57890837e-01  7.21622717e-01  3.96485015e-01 -6.57890837e-01 -7.21622717e-01  6.57890837e-01 -6.57890837e-01
      3.70000000       0.90000000  -4.02953926e-01  6.62376199e-01  7.26031956e-01  4.02953926e-01 -6.62376199e-01 -7.26031956e-01  6.62376199e-01 -6.62376199e-01
      3.80000000       0.90000000  -4.09256038e-01  6.66710538e-01  7.30265705e-01  4.09256038e-01 -6.66710538e-01 -7.30265705e-01  6.66710538e-01 -6.66710538e-01
      3.90000000       0.90000000  -4.15397803e-01  6.70902072e-01  7.34334323e-01  4.15397803e-01 -6.70902072e-01 -7.34334323e-01  6.70902072e-01 -6.70902072e-01
      4.00000000       0.90000000  -4.21385358e-01  6.74958397e-01  7.38247356e-01  4.21385358e-01 -6.74958397e-01 -7.38247356e-01  6.74958397e-01 -6.74958397e-01
      0.00000000       1.00000000   0.00000000e+00  0.00000000e+00  0.00000000e+00 -0.00000000e+00 -0.00000000e+00 -0.00000000e+00  0.00000000e+00 -0.00000000e+00
      0.10000000       1.00000000  -7.93806959e-03  1.02303538e-01  1.04516514e-01  7.93806959e-03 -1.02303538e-01 -1.04516514e-01  1.02303538e-01 -1.02303538e-01
      0.20000000       1.00000000  -2.17552774e-02  1.74687037e-01  1.81554008e-01  2.17552774e-02 -1.74687037e-01 -1.81554008e-01  1.74687037e-01 -1.74687037e-01
      0.30000000       1.00000000  -3.78325246e-02  2.31265817e-01  2.43705462e-01  3.78325246e-02 -2.31265817e-01 -2.43705462e-01  2.31265817e-01 -2.31265817e-01
      0.40000000       1.00000000  -5.49226593e-02  2.77445214e-01  2.95658984e-01  5.49226593e-02 -2.77445214e-01 -2.95658984e-01  2.77445214e-01 -2.77445214e-01
      0.50000000       1.00000000  -7.23835353e-02  3.16208554e-01  3.40041596e-01  7.23835353e-02 -3.16208554e-01 -3.40041596e-01  3.16208554e-01 -3.16208554e-01
      0.60000000       1.00000000  -8.98471403e-02  3.49422877e-01  3.78548626e-01  8.98471403e-02 -3.49422877e-01 -3.78548626e-01  3.49422877e-01 -3.49422877e-01
      0.70000000       1.00000000  -1.07092992e-01  3.78341912e-01  4.12360182e-01  1.07092992e-01 -3.78341912e-01 -4.12360182e-01  3.78341912e-01 -3.78341912e-01
      0.80000000       1.00000000  -1.23987297e-01  4.03848537e-01  4.42338210e-01  1.23987297e-01 -4.03848537e-01 -4.42338210e-01  4.03848537e-01 -4.03848537e-01
      0.90000000       1.00000000  -1.40449959e-01  4.26586895e-01  4.69133921e-01  1.40449959e-01 -4.26586895e-01 -4.69133921e-01  4.26586895e-01 -4.26586895e-01
      1.00000000       1.00000000  -1.56435287e-01  4.47040310e-01  4.93251992e-01  1.56435287e-01 -4.47040310e-01 -4.93251992e-01  4.47040310e-01 -4.47040310e-01
      1.10000000       1.00000000  -1.71920110e-01  4.65579889e-01  5.15091476e-01  1.71920110e-01 -4.65579889e-01 -5.15091476e-01  4.65579889e-01 -4.65579889e-01
      1.20000000       1.00000000  -1.86896175e-01  4.82496164e-01  5.34973138e-01  1.86896175e-01 -4.82496164e-01 -5.34973138e-01  4.82496164e-01 -4.82496164e-01
      1.30000000       1.00000000  -2.01365152e-01  4.98020423e-01  5.53158392e-01  2.01365152e-01 -4.98020423e-01 -5.53158392e-01  4.98020423e-01 -4.98020423e-01
      1.40000000       1.00000000  -2.15335276e-01  5.12339489e-01  5.69862825e-01  2.15335276e-01 -5.12339489e-01 -5.69862825e-01  5.12339489e-01 -5.12339489e-01
      1.50000000       1.00000000  -2.28819060e-01  5.25606216e-01  5.85266073e-01  2.28819060e-01 -5.25606216e-01 -5.85266073e-01  5.25606216e-01 -5.25606216e-01
      1.60000000       1.00000000  -2.41831717e-01  5.37947104e-01  5.99519181e-01  2.41831717e-01 -5.37947104e-01 -5.99519181e-01  5.37947104e-01 -5.37947104e-01
      1.70000000       1.00000000  -2.54390064e-01  5.49467912e-01  6.12750196e-01  2.54390064e-01 -5.49467912e-01 -6.12750196e-01  5.49467912e-01 -5.49467912e-01
      1.80000000       1.00000000  -2.66511761e-01  5.60257879e-01  6.25068460e-01  2.66511761e-01 -5.60257879e-01 -6.25068460e-01  5.60257879e-01 -5.60257879e-01
      1.90000000       1.00000000  -2.78214777e-01  5.70392931e-01  6.36567962e-01  2.78214777e-01 -5.70392931e-01 -6.36567962e-01  5.70392931e-01 -5.70392931e-01
      2.00000000       1.00000000  -2.89517025e-01  5.79938161e-01  6.47329988e-01  2.89517025e-01 -5.79938161e-01 -6.47329988e-01  5.79938161e-01 -5.79938161e-01
      2.10000000       1.00000000  -3.00436107e-01  5.88949760e-01  6.57425224e-01  3.00436107e-01 -5.88949760e-01 -6.57425224e-01  5.88949760e-01 -5.88949760e-01
      2.20000000       1.00000000  -3.10989151e-01  5.97476540e-01  6.66915454e-01  3.10989151e-01 -5.97476540e-01 -6.66915454e-01  5.97476540e-01 -5.97476540e-01
      2.30000000       1.00000000  -3.21192696e-01  6.05561155e-01  6.75854938e-01  3.21192696e-01 -6.05561155e-01 -6.75854938e-01  6.05561155e-01 -6.05561155e-01
      2.40000000       1.00000000  -3.31062630e-01  6.13241075e-01  6.84291535e-01  3.31062630e-01 -6.13241075e-01 -6.84291535e-01  6.13241075e-01 -6.13241075e-01
      2.50000000       1.00000000  -3.40614151e-01  6.20549382e-01  6.92267632e-01  3.40614151e-01 -6.20549382e-01 -6.92267632e-01  6.20549382e-01 -6.20549382e-01
      2.60000000       1.00000000  -3.49861755e-01  6.27515417e-01  6.99820913e-01  3.49861755e-01 -6.27515417e-01 -6.99820913e-01  6.27515417e-01 -6.27515417e-01
      2.70000000       1.00000000  -3.58819236e-01  6.34165315e-01  7.06984999e-01  3.58819236e-01 -6.34165315e-01 -7.06984999e-01  6.34165315e-01 -6.34165315e-01
      2.80000000       1.00000000  -3.67499697e-01  6.40522449e-01  7.13789991e-01  3.67499697e-01 -6.40522449e-01 -7.13789991e-01  6.40522449e-01 -6.40522449e-01
      2.90000000       1.00000000  -3.75915570e-01  6.46607797e-01  7.20262919e-01  3.75915570e-01 -6.46607797e-01 -7.20262919e-01  6.46607797e-01 -6.46607797e-01
      3.00000000       1.00000000  -3.84078641e-01  6.52440257e-01  7.26428128e-01  3.84078641e-01 -6.52440257e-01 -7.26428128e-01  6.52440257e-01 -6.52440257e-01
      3.10000000       1.00000000  -3.92000076e-01  6.58036905e-01  7.32307611e-01  3.92000076e-01 -6.58036905e-01 -7.32307611e-01  6.58036905e-01 -6.58036905e-01
      3.20000000       1.00000000  -3.99690449e-01  6.63413221e-01  7.37921283e-01  3.99690449e-01 -6.63413221e-01 -7.37921283e-01  6.63413221e-01 -6.63413221e-01
      3.30000000       1.00000000  -4.07159770e-01  6.68583276e-01  7.43287227e-01  4.07159770e-01 -6.68583276e-01 -7.43287227e-01  6.68583276e-01 -6.68583276e-01
      3.40000000       1.00000000  -4.14417520e-01  6.73559898e-01  7.48421901e-01  4.14417520e-01 -6.73559898e-01 -7.48421901e-01  6.73559898e-01 -6.73559898e-01
      3.50000000       1.00000000  -4.21472671e-01  6.78354807e-01  7.53340316e-01  4.21472671e-01 -6.78354807e-01 -7.53340316e-01  6.78354807e-01 -6.78354807e-01
      3.60000000       1.00000000  -4.28333724e-01  6.82978741e-01  7.58056196e-01  4.28333724e-01 -6.82978741e-01 -7.58056196e-01  6.82978741e-01 -6.82978741e-01
      3.70000000       1.00000000  -4.35008728e-01  6.87441561e-01  7.62582111e-01  4.35008728e-01 -6.87441561e-01 -7.62582111e-01  6.87441561e-01 -6.87441561e-01
      3.80000000       1.00000000  -4.41505309e-01  6.91752337e-01  7.66929601e-01  4.41505309e-01 -6.91752337e-01 -7.66929601e-01  6.91752337e-01 -6.91752337e-01
      3.90000000       1.00000000  -4.47830697e-01  6.95919434e-01  7.71109277e-01  4.47830697e-01 -6.95919434e-01 -7.71109277e-01  6.95919434e-01 -6.95919434e-01
      4.00000000       1.00000000  -4.53991745e-01  6.99950581e-01  7.75130912e-01  4.53991745e-01 -6.99950581e-01 -7.75130912e-01  6.99950581e-01 -6.99950581e-01
      0.00000000       1.10000000   0.00000000e+00  0.00000000e+00  0.00000000e+00 -0.00000000e+00 -0.00000000e+00 -0.00000000e+00  0.00000000e+00 -0.00000000e+00
      0.10000000       1.10000000  -9.16016971e-03  1.10573448e-01  1.13184337e-01  9.16016971e-03 -1.10573448e-01 -1.13184337e-01  1.10573448e-01 -1.10573448e-01
      0.20000000       1.10000000  -2.48706028e-02  1.87313076e-01  1.95312415e-01  2.48706028e-02 -1.87313076e-01 -1.95312415e-01  1.87313076e-01 -1.87313076e-01
      0.30000000       1.10000000  -4.29673647e-02  2.46614414e-01  2.60973536e-01  4.29673647e-02 -2.46614414e-01 -2.60973536e-01  2.46614414e-01 -2.46614414e-01
      0.40000000       1.10000000  -6.20420750e-02  2.94614924e-01  3.15492690e-01  6.20420750e-02 -2.94614924e-01 -3.15492690e-01  2.94614924e-01 -2.94614924e-01
      0.50000000       1.10000000  -8.13864745e-02  3.34648892e-01  3.61817820e-01  8.13864745e-02 -3.34648892e-01 -3.61817820e-01  3.34648892e-01 -3.34648892e-01
      0.60000000       1.10000000  -1.00606159e-01  3.68775888e-01  4.01832131e-01  1.00606159e-01 -3.68775888e-01 -4.01832131e-01  3.68775888e-01 -3.68775888e-01
      0.70000000       1.10000000  -1.19473111e-01  3.98363985e-01  4.36835116e-01  1.19473111e-01 -3.98363985e-01 -4.36835116e-01  3.98363985e-01 -3.98363985e-01
      0.80000000       1.10000000  -1.37855361e-01  4.24367860e-01  4.67768750e-01  1.37855361e-01 -4.24367860e-01 -4.67768750e-01  4.24367860e-01 -4.24367860e-01
      0.90000000       1.10000000  -1.55679243e-01  4.47478732e-01  4.95340001e-01  1.55679243e-01 -4.47478732e-01 -4.95340001e-01  4.47478732e-01 -4.47478732e-01
      1.00000000       1.10000000  -1.72907588e-01  4.68211883e-01  5.20093567e-01  1.72907588e-01 -4.68211883e-01 -5.20093567e-01  4.68211883e-01 -4.68211883e-01
      1.10000000       1.10000000  -1.89526488e-01  4.86960767e-01  5.42457921e-01  1.89526488e-01 -4.86960767e-01 -5.42457921e-01  4.86960767e-01 -4.86960767e-01
      1.20000000       1.10000000  -2.05536955e-01  5.04031939e-01  5.62775890e-01  2.05536955e-01 -5.04031939e-01 -5.62775890e-01  5.04031939e-01 -5.04031939e-01
      1.30000000       1.10000000  -2.20949540e-01  5.19668431e-01  5.81325717e-01  2.20949540e-01 -5.19668431e-01 -5.81325717e-01  5.19668431e-01 -5.19668431e-01
      1.40000000       1.10000000  -2.35780778e-01  5.34065839e-01  5.98336018e-01  2.35780778e-01 -5.34065839e-01 -5.98336018e-01  5.34065839e-01 -5.34065839e-01
      1.50000000       1.10000000  -2.50050827e-01  5.47383691e-01  6.13996643e-01  2.50050827e-01 -5.47383691e-01 -6.13996643e-01  5.47383691e-01 -5.47383691e-01
      1.60000000       1.10000000  -2.63781870e-01  5.59753631e-01  6.28466743e-01  2.63781870e-01 -5.59753631e-01 -6.28466743e-01  5.59753631e-01 -5.59753631e-01
      1.70000000       1.10000000  -2.76997045e-01  5.71285448e-01  6.41880860e-01  2.76997045e-01 -5.71285448e-01 -6.41880860e-01  5.71285448e-01 -5.71285448e-01
      1.80000000       1.10000000  -2.89719713e-01  5.82071570e-01  6.54353591e-01  2.89719713e-01 -5.82071570e-01 -6.54353591e-01  5.82071570e-01 -5.82071570e-01
      1.90000000       1.10000000  -3.01972983e-01  5.92190478e-01  6.65983217e-01  3.01972983e-01 -5.92190478e-01 -6.65983217e-01  5.92190478e-01 -5.92190478e-01
      2.00000000       1.10000000  -3.13779389e-01  6.01709333e-01  6.76854551e-01  3.13779389e-01 -6.01709333e-01 -6.76854551e-01  6.01709333e-01 -6.01709333e-01
      2.10000000       1.10000000  -3.25160691e-01  6.10686009e-01  6.87041201e-01  3.25160691e-01 -6.10686009e-01 -6.87041201e-01  6.10686009e-01 -6.10686009e-01
      2.20000000       1.10000000  -3.36137752e-01  6.19170709e-01  6.96607389e-01  3.36137752e-01 -6.19170709e-01 -6.96607389e-01  6.19170709e-01 -6.19170709e-01
      2.30000000       1.10000000  -3.46730473e-01  6.27207234e-01  7.05609420e-01  3.46730473e-01 -6.27207234e-01 -7.05609420e-01  6.27207234e-01 -6.27207234e-01
      2.40000000       1.10000000  -3.56957766e-01  6.34834016e-01  7.14096879e-01  3.56957766e-01 -6.34834016e-01 -7.14096879e-01  6.34834016e-01 -6.34834016e-01
      2.50000000       1.10000000  -3.66837556e-01  6.42084940e-01  7.22113617e-01  3.66837556e-01 -6.42084940e-01 -7.22113617e-01  6.42084940e-01 -6.42084940e-01
      2.60000000       1.10000000  -3.76386797e-01  6.48990027e-01  7.29698567e-01  3.76386797e-01 -6.48990027e-01 -7.29698567e-01  6.48990027e-01 -6.48990027e-01
      2.70000000       1.10000000  -3.85621502e-01  6.55575988e-01  7.36886421e-01  3.85621502e-01 -6.55575988e-01 -7.36886421e-01  6.55575988e-01 -6.55575988e-01
      2.80000000       1.10000000  -3.94556781e-01  6.61866686e-01  7.43708200e-01  3.94556781e-01 -6.61866686e-01 -7.43708200e-01  6.61866686e-01 -6.61866686e-01
      2.90000000       1.10000000  -4.03206883e-01  6.67883520e-01  7.50191729e-01  4.03206883e-01 -6.67883520e-01 -7.50191729e-01  6.67883520e-01 -6.67883520e-01
      3.00000000       1.10000000  -4.11585240e-01  6.73645747e-01  7.56362044e-01  4.11585240e-01 -6.73645747e-01 -7.56362044e-01  6.73645747e-01 -6.73645747e-01
      3.10000000       1.10000000  -4.19704513e-01  6.79170753e-01  7.62241738e-01  4.19704513e-01 -6.79170753e-01 -7.62241738e-01  6.79170753e-01 -6.79170753e-01
      3.20000000       1.10000000  -4.27576632e-01  6.84474286e-01  7.67851252e-01  4.27576632e-01 -6.84474286e-01 -7.67851252e-01  6.84474286e-01 -6.84474286e-01
      3.30000000       1.10000000  -4.35212847e-01  6.89570648e-01  7.73209129e-01  4.35212847e-01 -6.89570648e-01 -7.73209129e-01  6.89570648e-01 -6.89570648e-01
      3.40000000       1.10000000  -4.42623761e-01  6.94472867e-01  7.78332231e-01  4.42623761e-01 -6.94472867e-01 -7.78332231e-01  6.94472867e-01 -6.94472867e-01
      3.50000000       1.10000000  -4.49819378e-01  6.99192839e-01  7.83235927e-01  4.49819378e-01 -6.99192839e-01 -7.83235927e-01  6.99192839e-01 -6.99192839e-01
      3.60000000       1.10000000  -4.56809135e-01  7.03741454e-01  7.87934256e-01  4.56809135e-01 -7.03741454e-01 -7.87934256e-01  7.03741454e-01 -7.03741454e-01
      3.70000000       1.10000000  -4.63601941e-01  7.08128703e-01  7.92440070e-01  4.63601941e-01 -7.08128703e-01 -7.92440070e-01  7.08128703e-01 -7.08128703e-01
      3.80000000       1.10000000  -4.70206210e-01  7.12363774e-01  7.96765156e-01  4.70206210e-01 -7.12363774e-01 -7.96765156e-01  7.12363774e-01 -7.12363774e-01
      3.90000000       1.10000000  -4.76629892e-01  7.16455133e-01  8.00920346e-01  4.76629892e-01 -7.16455133e-01 -8.00920346e-01  7.16455133e-01 -7.16455133e-01
      4.00000000       1.10000000  -4.82880503e-01  7.20410594e-01  8.04915614e-01  4.82880503e-01 -7.20410594e-01 -8.04915614e-01  7.20410594e-01 -7.20410594e-01
