       deltaK      control[0]       control[1]        control[2]      control[3]       control[4]        control[5]      control[6]        contorl[7]      
        0.00000000  1.24109385e-03  -1.00000000e-02  -1.00000000e-02  -1.24109385e-03   1.00000000e-02   1.00000000e-02  -1.00000000e-02   1.00000000e-02 
      0.01000000  1.90673149e-03  -1.00000000e-02  -1.00000000e-02  -1.90673149e-03   1.00000000e-02   1.00000000e-02  -1.00000000e-02   1.00000000e-02 
      0.02000000  2.52235071e-03  -1.00000000e-02  -1.00000000e-02  -2.52235071e-03   1.00000000e-02   1.00000000e-02  -1.00000000e-02   1.00000000e-02 
      0.03000000  3.09078306e-03  -1.00000000e-02  -1.00000000e-02  -3.09078306e-03   1.00000000e-02   1.00000000e-02  -1.00000000e-02   1.00000000e-02 
      0.04000000  3.61488562e-03  -1.00000000e-02  -1.00000000e-02  -3.61488562e-03   1.00000000e-02   1.00000000e-02  -1.00000000e-02   1.00000000e-02 
      0.05000000  4.09751525e-03  -1.00000000e-02  -1.00000000e-02  -4.09751525e-03   1.00000000e-02   1.00000000e-02  -1.00000000e-02   1.00000000e-02 
      0.06000000  4.54149653e-03  -1.00000000e-02  -1.00000000e-02  -4.54149653e-03   1.00000000e-02   1.00000000e-02  -1.00000000e-02   1.00000000e-02 
      0.07000000  4.94959052e-03  -1.00000000e-02  -1.00000000e-02  -4.94959052e-03   1.00000000e-02   1.00000000e-02  -1.00000000e-02   1.00000000e-02 
      0.08000000  5.32446767e-03  -1.00000000e-02  -1.00000000e-02  -5.32446767e-03   1.00000000e-02   1.00000000e-02  -1.00000000e-02   1.00000000e-02 
      0.09000000  5.66868613e-03  -1.00000000e-02  -1.00000000e-02  -5.66868613e-03   1.00000000e-02   1.00000000e-02  -1.00000000e-02   1.00000000e-02 
      0.10000000  5.98467587e-03  -1.00000000e-02  -1.00000000e-02  -5.98467587e-03   1.00000000e-02   1.00000000e-02  -1.00000000e-02   1.00000000e-02 
      0.11000000  6.27472806e-03  -1.00000000e-02  -1.00000000e-02  -6.27472806e-03   1.00000000e-02   1.00000000e-02  -1.00000000e-02   1.00000000e-02 
      0.12000000  6.54098919e-03  -1.00000000e-02  -1.00000000e-02  -6.54098920e-03   1.00000000e-02   1.00000000e-02  -1.00000000e-02   1.00000000e-02 
      0.13000000  6.78545909e-03  -1.00000000e-02  -1.00000000e-02  -6.78545909e-03   1.00000000e-02   1.00000000e-02  -1.00000000e-02   1.00000000e-02 
      0.14000000  7.00999209e-03  -1.00000000e-02  -1.00000000e-02  -7.00999210e-03   1.00000000e-02   1.00000000e-02  -1.00000000e-02   1.00000000e-02 
      0.15000000  7.21630071e-03  -1.00000000e-02  -1.00000000e-02  -7.21630072e-03   1.00000000e-02   1.00000000e-02  -1.00000000e-02   1.00000000e-02 
      0.16000000  7.40596103e-03  -1.00000000e-02  -1.00000000e-02  -7.40596103e-03   1.00000000e-02   1.00000000e-02  -1.00000000e-02   1.00000000e-02 
      0.17000000  7.58041937e-03  -1.00000000e-02  -1.00000000e-02  -7.58041937e-03   1.00000000e-02   1.00000000e-02  -1.00000000e-02   1.00000000e-02 
      0.18000000  7.74099982e-03  -1.00000000e-02  -1.00000000e-02  -7.74099983e-03   1.00000000e-02   1.00000000e-02  -1.00000000e-02   1.00000000e-02 
      0.19000000  7.88891215e-03  -1.00000000e-02  -1.00000000e-02  -7.88891216e-03   1.00000000e-02   1.00000000e-02  -1.00000000e-02   1.00000000e-02 
      0.20000000  8.02525989e-03  -1.00000000e-02  -9.99999999e-03  -8.02525991e-03   1.00000000e-02   1.00000000e-02  -1.00000000e-02   1.00000000e-02 
      0.21000000  8.15104841e-03  -1.00000000e-02  -9.99999999e-03  -8.15104842e-03   1.00000000e-02   1.00000000e-02  -1.00000000e-02   1.00000000e-02 
      0.22000000  8.26719270e-03  -1.00000000e-02  -9.99999999e-03  -8.26719271e-03   1.00000000e-02   1.00000000e-02  -1.00000000e-02   1.00000000e-02 
      0.23000000  8.37452491e-03  -9.99999999e-03  -9.99999999e-03  -8.37452493e-03   1.00000000e-02   1.00000000e-02  -9.99999999e-03   1.00000000e-02 
      0.24000000  8.47380147e-03  -9.99999999e-03  -9.99999999e-03  -8.47380149e-03   1.00000000e-02   1.00000000e-02  -9.99999999e-03   1.00000000e-02 
      0.25000000  8.56570974e-03  -9.99999999e-03  -9.99999999e-03  -8.56570976e-03   1.00000000e-02   1.00000000e-02  -9.99999999e-03   1.00000000e-02 
      0.26000000  8.65087424e-03  -9.99999999e-03  -9.99999999e-03  -8.65087427e-03   1.00000000e-02   1.00000000e-02  -9.99999999e-03   1.00000000e-02 
      0.27000000  8.72986239e-03  -9.99999999e-03  -9.99999999e-03  -8.72986242e-03   1.00000000e-02   1.00000000e-02  -9.99999999e-03   1.00000000e-02 
      0.28000000  8.80318980e-03  -9.99999999e-03  -9.99999999e-03  -8.80318983e-03   1.00000000e-02   1.00000000e-02  -9.99999999e-03   1.00000000e-02 
      0.29000000  8.87132512e-03  -9.99999999e-03  -9.99999998e-03  -8.87132515e-03   1.00000000e-02   1.00000000e-02  -9.99999999e-03   1.00000000e-02 
      0.30000000  8.93469445e-03  -9.99999999e-03  -9.99999998e-03  -8.93469449e-03   1.00000000e-02   1.00000000e-02  -9.99999999e-03   1.00000000e-02 
      0.31000000  8.99368539e-03  -9.99999999e-03  -9.99999998e-03  -8.99368543e-03   1.00000000e-02   1.00000000e-02  -9.99999999e-03   1.00000000e-02 
      0.32000000  9.04865068e-03  -9.99999999e-03  -9.99999998e-03  -9.04865072e-03   1.00000000e-02   1.00000000e-02  -9.99999999e-03   1.00000000e-02 
      0.33000000  9.09991150e-03  -9.99999999e-03  -9.99999998e-03  -9.09991156e-03   1.00000000e-02   1.00000000e-02  -9.99999999e-03   1.00000000e-02 
      0.34000000  9.14776052e-03  -9.99999999e-03  -9.99999997e-03  -9.14776058e-03   1.00000000e-02   1.00000000e-02  -9.99999999e-03   1.00000000e-02 
      0.35000000  9.19246456e-03  -9.99999998e-03  -9.99999997e-03  -9.19246462e-03   1.00000000e-02   1.00000000e-02  -9.99999998e-03   1.00000000e-02 
      0.36000000  9.23426707e-03  -9.99999998e-03  -9.99999997e-03  -9.23426713e-03   1.00000000e-02   1.00000000e-02  -9.99999998e-03   1.00000000e-02 
      0.37000000  9.27339032e-03  -9.99999998e-03  -9.99999997e-03  -9.27339039e-03   1.00000000e-02   1.00000000e-02  -9.99999998e-03   1.00000000e-02 
      0.38000000  9.31003741e-03  -9.99999998e-03  -9.99999996e-03  -9.31003749e-03   1.00000000e-02   1.00000000e-02  -9.99999998e-03   1.00000000e-02 
      0.39000000  9.34439407e-03  -9.99999998e-03  -9.99999996e-03  -9.34439416e-03   1.00000000e-02   1.00000000e-02  -9.99999998e-03   1.00000000e-02 
      0.40000000  9.37663028e-03  -9.99999998e-03  -9.99999996e-03  -9.37663038e-03   1.00000000e-02   1.00000000e-02  -9.99999998e-03   1.00000000e-02 
      0.41000000  9.40690172e-03  -9.99999997e-03  -9.99999995e-03  -9.40690182e-03   1.00000000e-02   1.00000000e-02  -9.99999997e-03   1.00000000e-02 
      0.42000000  9.43535110e-03  -9.99999997e-03  -9.99999995e-03  -9.43535121e-03   1.00000000e-02   1.00000000e-02  -9.99999997e-03   1.00000000e-02 
      0.43000000  9.46210935e-03  -9.99999997e-03  -9.99999994e-03  -9.46210946e-03   1.00000000e-02   1.00000000e-02  -9.99999997e-03   1.00000000e-02 
      0.44000000  9.48729667e-03  -9.99999997e-03  -9.99999994e-03  -9.48729679e-03   1.00000000e-02   1.00000000e-02  -9.99999997e-03   1.00000000e-02 
      0.45000000  9.51102354e-03  -9.99999997e-03  -9.99999994e-03  -9.51102368e-03   1.00000000e-02   1.00000000e-02  -9.99999997e-03   1.00000000e-02 
      0.46000000  9.53339158e-03  -9.99999996e-03  -9.99999993e-03  -9.53339172e-03   1.00000000e-02   1.00000000e-02  -9.99999996e-03   1.00000000e-02 
      0.47000000  9.55449431e-03  -9.99999996e-03  -9.99999993e-03  -9.55449446e-03   1.00000000e-02   1.00000000e-02  -9.99999996e-03   1.00000000e-02 
      0.48000000  9.57441789e-03  -9.99999996e-03  -9.99999992e-03  -9.57441806e-03   1.00000000e-02   1.00000000e-02  -9.99999996e-03   1.00000000e-02 
      0.49000000  9.59324179e-03  -9.99999996e-03  -9.99999991e-03  -9.59324196e-03   1.00000000e-02   1.00000000e-02  -9.99999996e-03   1.00000000e-02 
      0.50000000  9.61103931e-03  -9.99999995e-03  -9.99999991e-03  -9.61103950e-03   1.00000000e-02   1.00000000e-02  -9.99999995e-03   1.00000000e-02 
      0.51000000  9.62787818e-03  -9.99999995e-03  -9.99999990e-03  -9.62787838e-03   1.00000000e-02   1.00000000e-02  -9.99999995e-03   1.00000000e-02 
      0.52000000  9.64382099e-03  -9.99999995e-03  -9.99999989e-03  -9.64382120e-03   1.00000000e-02   1.00000000e-02  -9.99999995e-03   1.00000000e-02 
      0.53000000  9.65892564e-03  -9.99999994e-03  -9.99999989e-03  -9.65892587e-03   1.00000000e-02   1.00000000e-02  -9.99999994e-03   1.00000000e-02 
      0.54000000  9.67324575e-03  -9.99999994e-03  -9.99999988e-03  -9.67324599e-03   1.00000000e-02   1.00000000e-02  -9.99999994e-03   1.00000000e-02 
      0.55000000  9.68683099e-03  -9.99999994e-03  -9.99999987e-03  -9.68683125e-03   1.00000000e-02   1.00000000e-02  -9.99999994e-03   1.00000000e-02 
      0.56000000  9.69972744e-03  -9.99999993e-03  -9.99999986e-03  -9.69972771e-03   1.00000000e-02   1.00000000e-02  -9.99999993e-03   1.00000000e-02 
      0.57000000  9.71197785e-03  -9.99999993e-03  -9.99999986e-03  -9.71197814e-03   1.00000000e-02   1.00000000e-02  -9.99999993e-03   1.00000000e-02 
      0.58000000  9.72362193e-03  -9.99999992e-03  -9.99999985e-03  -9.72362226e-03   1.00000000e-02   1.00000000e-02  -9.99999992e-03   1.00000000e-02 
      0.59000000  9.73469662e-03  -9.99999992e-03  -9.99999984e-03  -9.73469698e-03   1.00000000e-02   1.00000000e-02  -9.99999992e-03   1.00000000e-02 
      0.60000000  9.74523626e-03  -9.99999992e-03  -9.99999983e-03  -9.74523665e-03   1.00000000e-02   1.00000000e-02  -9.99999992e-03   1.00000000e-02 
      0.61000000  9.75527283e-03  -9.99999991e-03  -9.99999982e-03  -9.75527326e-03   1.00000000e-02   1.00000000e-02  -9.99999991e-03   1.00000000e-02 
      0.62000000  9.76483613e-03  -9.99999991e-03  -9.99999981e-03  -9.76483662e-03   1.00000000e-02   1.00000000e-02  -9.99999991e-03   1.00000000e-02 
