        deltaK      control[0]       control[1]        control[2]      control[3]       control[4]        control[5]      control[6]        contorl[7]
      0.00000000  7.56321034e-03  -9.56762850e-02  -9.72873347e-02  -7.56321034e-03   9.56762850e-02   9.72873347e-02  -9.56762850e-02   9.56762850e-02 
      0.01000000  7.70186663e-03  -9.54095527e-02  -9.69340526e-02  -8.06807609e-03   9.54791448e-02   9.71610781e-02  -9.54095527e-02   9.54791448e-02 
      0.02000000  7.83721373e-03  -9.51489978e-02  -9.65884814e-02  -8.56226157e-03   9.52866999e-02   9.70381252e-02  -9.51489978e-02   9.52866999e-02 
      0.03000000  7.96938547e-03  -9.48943802e-02  -9.62503374e-02  -9.04616074e-03   9.50987677e-02   9.69183378e-02  -9.48943802e-02   9.50987677e-02 
      0.04000000  8.09850766e-03  -9.46454738e-02  -9.59193529e-02  -9.52014536e-03   9.49151761e-02   9.68015861e-02  -9.46454738e-02   9.49151761e-02 
      0.05000000  8.22469874e-03  -9.44020655e-02  -9.55952746e-02  -9.98456673e-03   9.47357627e-02   9.66877481e-02  -9.44020655e-02   9.47357627e-02 
      0.06000000  8.34807035e-03  -9.41639537e-02  -9.52778630e-02  -1.04397572e-02   9.45603742e-02   9.65767088e-02  -9.41639537e-02   9.45603742e-02 
      0.07000000  8.46872784e-03  -9.39309479e-02  -9.49668908e-02  -1.08860318e-02   9.43888655e-02   9.64683597e-02  -9.39309479e-02   9.43888655e-02 
      0.08000000  8.58677081e-03  -9.37028678e-02  -9.46621426e-02  -1.13236891e-02   9.42210990e-02   9.63625984e-02  -9.37028678e-02   9.42210990e-02 
      0.09000000  8.70229348e-03  -9.34795424e-02  -9.43634134e-02  -1.17530127e-02   9.40569447e-02   9.62593281e-02  -9.34795424e-02   9.40569447e-02 
      0.10000000  8.81538509e-03  -9.32608094e-02  -9.40705085e-02  -1.21742723e-02   9.38962787e-02   9.61584573e-02  -9.32608094e-02   9.38962787e-02 
      0.11000000  8.92613027e-03  -9.30465147e-02  -9.37832426e-02  -1.25877244e-02   9.37389836e-02   9.60598990e-02  -9.30465147e-02   9.37389836e-02 
      0.12000000  9.03460936e-03  -9.28365117e-02  -9.35014388e-02  -1.29936134e-02   9.35849477e-02   9.59635710e-02  -9.28365117e-02   9.35849477e-02 
      0.13000000  9.14089869e-03  -9.26306608e-02  -9.32249287e-02  -1.33921723e-02   9.34340645e-02   9.58693950e-02  -9.26306608e-02   9.34340645e-02 
      0.14000000  9.24507086e-03  -9.24288292e-02  -9.29535514e-02  -1.37836234e-02   9.32862327e-02   9.57772969e-02  -9.24288292e-02   9.32862327e-02 
      0.15000000  9.34719496e-03  -9.22308901e-02  -9.26871532e-02  -1.41681790e-02   9.31413557e-02   9.56872059e-02  -9.22308901e-02   9.31413557e-02 
      0.16000000  9.44733685e-03  -9.20367225e-02  -9.24255871e-02  -1.45460420e-02   9.29993412e-02   9.55990549e-02  -9.20367225e-02   9.29993412e-02 
      0.17000000  9.54555929e-03  -9.18462110e-02  -9.21687124e-02  -1.49174067e-02   9.28601011e-02   9.55127797e-02  -9.18462110e-02   9.28601011e-02 
      0.18000000  9.64192221e-03  -9.16592451e-02  -9.19163945e-02  -1.52824588e-02   9.27235510e-02   9.54283192e-02  -9.16592451e-02   9.27235510e-02 
      0.19000000  9.73648283e-03  -9.14757193e-02  -9.16685042e-02  -1.56413764e-02   9.25896105e-02   9.53456153e-02  -9.14757193e-02   9.25896105e-02 
      0.20000000  9.82929582e-03  -9.12955324e-02  -9.14249178e-02  -1.59943302e-02   9.24582024e-02   9.52646121e-02  -9.12955324e-02   9.24582024e-02 
      0.21000000  9.92041349e-03  -9.11185876e-02  -9.11855166e-02  -1.63414838e-02   9.23292528e-02   9.51852565e-02  -9.11185876e-02   9.23292528e-02 
      0.22000000  1.00098859e-02  -9.09447922e-02  -9.09501863e-02  -1.66829946e-02   9.22026908e-02   9.51074977e-02  -9.09447922e-02   9.22026908e-02 
      0.23000000  1.00977610e-02  -9.07740571e-02  -9.07188176e-02  -1.70190133e-02   9.20784485e-02   9.50312870e-02  -9.07740571e-02   9.20784485e-02 
      0.24000000  1.01840848e-02  -9.06062969e-02  -9.04913049e-02  -1.73496852e-02   9.19564607e-02   9.49565777e-02  -9.06062969e-02   9.19564607e-02 
      0.25000000  1.02689012e-02  -9.04414296e-02  -9.02675470e-02  -1.76751497e-02   9.18366647e-02   9.48833253e-02  -9.04414296e-02   9.18366647e-02 
      0.26000000  1.03522526e-02  -9.02793765e-02  -9.00474464e-02  -1.79955411e-02   9.17190005e-02   9.48114869e-02  -9.02793765e-02   9.17190005e-02 
      0.27000000  1.04341796e-02  -9.01200617e-02  -8.98309091e-02  -1.83109886e-02   9.16034100e-02   9.47410215e-02  -9.01200617e-02   9.16034100e-02 
      0.28000000  1.05147211e-02  -8.99634124e-02  -8.96178447e-02  -1.86216167e-02   9.14898378e-02   9.46718897e-02  -8.99634124e-02   9.14898378e-02 
      0.29000000  1.05939146e-02  -8.98093586e-02  -8.94081660e-02  -1.89275454e-02   9.13782302e-02   9.46040536e-02  -8.98093586e-02   9.13782302e-02 
      0.30000000  1.06717961e-02  -8.96578326e-02  -8.92017888e-02  -1.92288903e-02   9.12685356e-02   9.45374769e-02  -8.96578326e-02   9.12685356e-02 
      0.31000000  1.07484004e-02  -8.95087696e-02  -8.89986320e-02  -1.95257629e-02   9.11607045e-02   9.44721247e-02  -8.95087696e-02   9.11607045e-02 
      0.32000000  1.08237608e-02  -8.93621068e-02  -8.87986174e-02  -1.98182709e-02   9.10546889e-02   9.44079633e-02  -8.93621068e-02   9.10546889e-02 
      0.33000000  1.08979094e-02  -8.92177837e-02  -8.86016693e-02  -2.01065183e-02   9.09504426e-02   9.43449604e-02  -8.92177837e-02   9.09504426e-02 
      0.34000000  1.09708773e-02  -8.90757422e-02  -8.84077145e-02  -2.03906055e-02   9.08479212e-02   9.42830849e-02  -8.90757422e-02   9.08479212e-02 
      0.35000000  1.10426941e-02  -8.89359260e-02  -8.82166827e-02  -2.06706295e-02   9.07470816e-02   9.42223068e-02  -8.89359260e-02   9.07470816e-02 
      0.36000000  1.11133888e-02  -8.87982808e-02  -8.80285053e-02  -2.09466840e-02   9.06478824e-02   9.41625973e-02  -8.87982808e-02   9.06478824e-02 
      0.37000000  1.11829892e-02  -8.86627542e-02  -8.78431166e-02  -2.12188597e-02   9.05502836e-02   9.41039284e-02  -8.86627542e-02   9.05502836e-02 
      0.38000000  1.12515219e-02  -8.85292955e-02  -8.76604525e-02  -2.14872444e-02   9.04542463e-02   9.40462733e-02  -8.85292955e-02   9.04542463e-02 
      0.39000000  1.13190130e-02  -8.83978557e-02  -8.74804512e-02  -2.17519231e-02   9.03597332e-02   9.39896062e-02  -8.83978557e-02   9.03597332e-02 
      0.40000000  1.13854873e-02  -8.82683874e-02  -8.73030529e-02  -2.20129778e-02   9.02667081e-02   9.39339021e-02  -8.82683874e-02   9.02667081e-02 
      0.41000000  1.14509692e-02  -8.81408450e-02  -8.71281996e-02  -2.22704883e-02   9.01751360e-02   9.38791367e-02  -8.81408450e-02   9.01751360e-02 
      0.42000000  1.15154818e-02  -8.80151841e-02  -8.69558351e-02  -2.25245316e-02   9.00849831e-02   9.38252869e-02  -8.80151841e-02   9.00849831e-02 
      0.43000000  1.15790479e-02  -8.78913617e-02  -8.67859050e-02  -2.27751825e-02   8.99962165e-02   9.37723301e-02  -8.78913617e-02   8.99962165e-02 
      0.44000000  1.16416892e-02  -8.77693364e-02  -8.66183564e-02  -2.30225135e-02   8.99088045e-02   9.37202444e-02  -8.77693364e-02   8.99088045e-02 
      0.45000000  1.17034270e-02  -8.76490679e-02  -8.64531381e-02  -2.32665949e-02   8.98227164e-02   9.36690090e-02  -8.76490679e-02   8.98227164e-02 
      0.46000000  1.17642816e-02  -8.75305172e-02  -8.62902006e-02  -2.35074948e-02   8.97379224e-02   9.36186034e-02  -8.75305172e-02   8.97379224e-02 
      0.47000000  1.18242729e-02  -8.74136466e-02  -8.61294955e-02  -2.37452795e-02   8.96543937e-02   9.35690079e-02  -8.74136466e-02   8.96543937e-02 
      0.48000000  1.18834202e-02  -8.72984194e-02  -8.59709761e-02  -2.39800130e-02   8.95721021e-02   9.35202036e-02  -8.72984194e-02   8.95721021e-02 
      0.49000000  1.19417419e-02  -8.71848002e-02  -8.58145969e-02  -2.42117579e-02   8.94910207e-02   9.34721718e-02  -8.71848002e-02   8.94910207e-02 
      0.50000000  1.19992562e-02  -8.70727543e-02  -8.56603139e-02  -2.44405745e-02   8.94111230e-02   9.34248948e-02  -8.70727543e-02   8.94111230e-02 
      0.51000000  1.20559806e-02  -8.69622485e-02  -8.55080841e-02  -2.46665219e-02   8.93323836e-02   9.33783553e-02  -8.69622485e-02   8.93323836e-02 
      0.52000000  1.21119319e-02  -8.68532503e-02  -8.53578660e-02  -2.48896570e-02   8.92547776e-02   9.33325365e-02  -8.68532503e-02   8.92547776e-02 
      0.53000000  1.21671267e-02  -8.67457281e-02  -8.52096189e-02  -2.51100356e-02   8.91782809e-02   9.32874221e-02  -8.67457281e-02   8.91782809e-02 
      0.54000000  1.22215809e-02  -8.66396513e-02  -8.50633036e-02  -2.53277116e-02   8.91028702e-02   9.32429964e-02  -8.66396513e-02   8.91028702e-02 
      0.55000000  1.22753100e-02  -8.65349902e-02  -8.49188818e-02  -2.55427376e-02   8.90285228e-02   9.31992441e-02  -8.65349902e-02   8.90285228e-02 
      0.56000000  1.23283291e-02  -8.64317160e-02  -8.47763161e-02  -2.57551646e-02   8.89552166e-02   9.31561503e-02  -8.64317160e-02   8.89552166e-02 
      0.57000000  1.23806528e-02  -8.63298005e-02  -8.46355705e-02  -2.59650425e-02   8.88829302e-02   9.31137007e-02  -8.63298005e-02   8.88829302e-02 
      0.58000000  1.24322953e-02  -8.62292164e-02  -8.44966096e-02  -2.61724196e-02   8.88116427e-02   9.30718813e-02  -8.62292164e-02   8.88116427e-02 
      0.59000000  1.24832703e-02  -8.61299373e-02  -8.43593991e-02  -2.63773430e-02   8.87413339e-02   9.30306786e-02  -8.61299373e-02   8.87413339e-02 
      0.60000000  1.25335914e-02  -8.60319373e-02  -8.42239056e-02  -2.65798586e-02   8.86719840e-02   9.29900794e-02  -8.60319373e-02   8.86719840e-02 
      0.61000000  1.25832715e-02  -8.59351912e-02  -8.40900966e-02  -2.67800110e-02   8.86035738e-02   9.29500708e-02  -8.59351912e-02   8.86035738e-02 
      0.62000000  1.26323234e-02  -8.58396747e-02  -8.39579403e-02  -2.69778438e-02   8.85360849e-02   9.29106405e-02  -8.58396747e-02   8.85360849e-02 
      0.63000000  1.26807593e-02  -8.57453640e-02  -8.38274059e-02  -2.71733994e-02   8.84694988e-02   9.28717764e-02  -8.57453640e-02   8.84694988e-02 
      0.64000000  1.27285912e-02  -8.56522359e-02  -8.36984632e-02  -2.73667191e-02   8.84037981e-02   9.28334668e-02  -8.56522359e-02   8.84037981e-02 
      0.65000000  1.27758309e-02  -8.55602679e-02  -8.35710830e-02  -2.75578432e-02   8.83389655e-02   9.27957002e-02  -8.55602679e-02   8.83389655e-02 
      0.66000000  1.28224897e-02  -8.54694380e-02  -8.34452367e-02  -2.77468109e-02   8.82749842e-02   9.27584656e-02  -8.54694380e-02   8.82749842e-02 
      0.67000000  1.28685786e-02  -8.53797248e-02  -8.33208964e-02  -2.79336605e-02   8.82118379e-02   9.27217521e-02  -8.53797248e-02   8.82118379e-02 
      0.68000000  1.29141085e-02  -8.52911075e-02  -8.31980349e-02  -2.81184293e-02   8.81495107e-02   9.26855493e-02  -8.52911075e-02   8.81495107e-02 
      0.69000000  1.29590898e-02  -8.52035658e-02  -8.30766256e-02  -2.83011538e-02   8.80879872e-02   9.26498469e-02  -8.52035658e-02   8.80879872e-02 
      0.70000000  1.30035328e-02  -8.51170799e-02  -8.29566428e-02  -2.84818696e-02   8.80272522e-02   9.26146351e-02  -8.51170799e-02   8.80272522e-02 
      0.71000000  1.30474474e-02  -8.50316305e-02  -8.28380612e-02  -2.86606112e-02   8.79672910e-02   9.25799040e-02  -8.50316305e-02   8.79672910e-02 
      0.72000000  1.30908433e-02  -8.49471988e-02  -8.27208561e-02  -2.88374126e-02   8.79080893e-02   9.25456443e-02  -8.49471988e-02   8.79080893e-02 
      0.73000000  1.31337300e-02  -8.48637664e-02  -8.26050036e-02  -2.90123067e-02   8.78496331e-02   9.25118469e-02  -8.48637664e-02   8.78496331e-02 
      0.74000000  1.31761166e-02  -8.47813154e-02  -8.24904801e-02  -2.91853259e-02   8.77919087e-02   9.24785027e-02  -8.47813154e-02   8.77919087e-02 
      0.75000000  1.32180124e-02  -8.46998285e-02  -8.23772627e-02  -2.93565016e-02   8.77349029e-02   9.24456031e-02  -8.46998285e-02   8.77349029e-02 
      0.76000000  1.32594258e-02  -8.46192884e-02  -8.22653290e-02  -2.95258646e-02   8.76786026e-02   9.24131395e-02  -8.46192884e-02   8.76786026e-02 
      0.77000000  1.33003657e-02  -8.45396787e-02  -8.21546573e-02  -2.96934451e-02   8.76229951e-02   9.23811037e-02  -8.45396787e-02   8.76229951e-02 
      0.78000000  1.33408402e-02  -8.44609830e-02  -8.20452261e-02  -2.98592722e-02   8.75680682e-02   9.23494877e-02  -8.44609830e-02   8.75680682e-02 
      0.79000000  1.33808575e-02  -8.43831855e-02  -8.19370145e-02  -3.00233748e-02   8.75138097e-02   9.23182835e-02  -8.43831855e-02   8.75138097e-02 
      0.80000000  1.34204256e-02  -8.43062708e-02  -8.18300022e-02  -3.01857810e-02   8.74602078e-02   9.22874836e-02  -8.43062708e-02   8.74602078e-02 
      0.81000000  1.34595523e-02  -8.42302238e-02  -8.17241693e-02  -3.03465180e-02   8.74072511e-02   9.22570804e-02  -8.42302238e-02   8.74072511e-02 
      0.82000000  1.34982451e-02  -8.41550296e-02  -8.16194963e-02  -3.05056128e-02   8.73549283e-02   9.22270666e-02  -8.41550296e-02   8.73549283e-02 
      0.83000000  1.35365114e-02  -8.40806739e-02  -8.15159641e-02  -3.06630914e-02   8.73032284e-02   9.21974351e-02  -8.40806739e-02   8.73032284e-02 
      0.84000000  1.35743585e-02  -8.40071426e-02  -8.14135541e-02  -3.08189797e-02   8.72521407e-02   9.21681790e-02  -8.40071426e-02   8.72521407e-02 
      0.85000000  1.36117934e-02  -8.39344219e-02  -8.13122481e-02  -3.09733026e-02   8.72016548e-02   9.21392915e-02  -8.39344219e-02   8.72016548e-02 
      0.86000000  1.36488230e-02  -8.38624983e-02  -8.12120283e-02  -3.11260847e-02   8.71517603e-02   9.21107660e-02  -8.38624983e-02   8.71517603e-02 
      0.87000000  1.36854540e-02  -8.37913587e-02  -8.11128773e-02  -3.12773499e-02   8.71024473e-02   9.20825960e-02  -8.37913587e-02   8.71024473e-02 
      0.88000000  1.37216931e-02  -8.37209903e-02  -8.10147780e-02  -3.14271218e-02   8.70537060e-02   9.20547752e-02  -8.37209903e-02   8.70537060e-02 
      0.89000000  1.37575467e-02  -8.36513804e-02  -8.09177138e-02  -3.15754233e-02   8.70055268e-02   9.20272975e-02  -8.36513804e-02   8.70055268e-02 
      0.90000000  1.37930210e-02  -8.35825168e-02  -8.08216683e-02  -3.17222769e-02   8.69579004e-02   9.20001569e-02  -8.35825168e-02   8.69579004e-02 
      0.91000000  1.38281223e-02  -8.35143875e-02  -8.07266256e-02  -3.18677047e-02   8.69108177e-02   9.19733474e-02  -8.35143875e-02   8.69108177e-02 
      0.92000000  1.38628565e-02  -8.34469806e-02  -8.06325700e-02  -3.20117282e-02   8.68642697e-02   9.19468634e-02  -8.34469806e-02   8.68642697e-02 
      0.93000000  1.38972296e-02  -8.33802847e-02  -8.05394862e-02  -3.21543684e-02   8.68182476e-02   9.19206992e-02  -8.33802847e-02   8.68182476e-02 
      0.94000000  1.39312472e-02  -8.33142885e-02  -8.04473593e-02  -3.22956462e-02   8.67727429e-02   9.18948494e-02  -8.33142885e-02   8.67727429e-02 
      0.95000000  1.39649150e-02  -8.32489810e-02  -8.03561745e-02  -3.24355816e-02   8.67277473e-02   9.18693086e-02  -8.32489810e-02   8.67277473e-02 
      0.96000000  1.39982386e-02  -8.31843514e-02  -8.02659176e-02  -3.25741946e-02   8.66832524e-02   9.18440715e-02  -8.31843514e-02   8.66832524e-02 
      0.97000000  1.40312232e-02  -8.31203891e-02  -8.01765743e-02  -3.27115046e-02   8.66392505e-02   9.18191331e-02  -8.31203891e-02   8.66392505e-02 
      0.98000000  1.40638743e-02  -8.30570839e-02  -8.00881310e-02  -3.28475307e-02   8.65957334e-02   9.17944883e-02  -8.30570839e-02   8.65957334e-02 
      0.99000000  1.40961969e-02  -8.29944256e-02  -8.00005742e-02  -3.29822914e-02   8.65526937e-02   9.17701323e-02  -8.29944256e-02   8.65526937e-02 
      1.00000000  1.41281961e-02  -8.29324042e-02  -7.99138905e-02  -3.31158050e-02   8.65101238e-02   9.17460602e-02  -8.29324042e-02   8.65101238e-02 
