        deltaK      control[0]       control[1]        control[2]      control[3]       control[4]        control[5]      control[6]        contorl[7]
      0.00000000  2.26374760e-03  -1.99998502e-02  -1.99998565e-02  -2.26374760e-03   1.99998502e-02   1.99998565e-02  -1.99998502e-02   1.99998502e-02 
      0.01000000  2.85033640e-03  -1.99998331e-02  -1.99998378e-02  -2.85038187e-03   1.99998471e-02   1.99998552e-02  -1.99998331e-02   1.99998471e-02 
      0.02000000  3.40635221e-03  -1.99998150e-02  -1.99998178e-02  -3.40644699e-03   1.99998442e-02   1.99998541e-02  -1.99998150e-02   1.99998442e-02 
      0.03000000  3.93429796e-03  -1.99997960e-02  -1.99997963e-02  -3.93444589e-03   1.99998415e-02   1.99998532e-02  -1.99997960e-02   1.99998415e-02 
      0.04000000  4.43633369e-03  -1.99997760e-02  -1.99997735e-02  -4.43653864e-03   1.99998390e-02   1.99998524e-02  -1.99997760e-02   1.99998390e-02 
      0.05000000  4.91434801e-03  -1.99997549e-02  -1.99997491e-02  -4.91461389e-03   1.99998366e-02   1.99998516e-02  -1.99997549e-02   1.99998366e-02 
      0.06000000  5.37001041e-03  -1.99997329e-02  -1.99997233e-02  -5.37034114e-03   1.99998344e-02   1.99998510e-02  -1.99997329e-02   1.99998344e-02 
      0.07000000  5.80481032e-03  -1.99997098e-02  -1.99996959e-02  -5.80520988e-03   1.99998322e-02   1.99998505e-02  -1.99997098e-02   1.99998322e-02 
      0.08000000  6.22008694e-03  -1.99996856e-02  -1.99996670e-02  -6.22055933e-03   1.99998302e-02   1.99998501e-02  -1.99996856e-02   1.99998302e-02 
      0.09000000  6.61705243e-03  -1.99996604e-02  -1.99996364e-02  -6.61760166e-03   1.99998283e-02   1.99998498e-02  -1.99996604e-02   1.99998283e-02 
      0.10000000  6.99681013e-03  -1.99996342e-02  -1.99996042e-02  -6.99744026e-03   1.99998266e-02   1.99998495e-02  -1.99996342e-02   1.99998266e-02 
      0.11000000  7.36036929e-03  -1.99996068e-02  -1.99995703e-02  -7.36108441e-03   1.99998249e-02   1.99998493e-02  -1.99996068e-02   1.99998249e-02 
      0.12000000  7.70865693e-03  -1.99995784e-02  -1.99995347e-02  -7.70946116e-03   1.99998233e-02   1.99998492e-02  -1.99995784e-02   1.99998233e-02 
      0.13000000  8.04252764e-03  -1.99995490e-02  -1.99994975e-02  -8.04342511e-03   1.99998219e-02   1.99998491e-02  -1.99995490e-02   1.99998219e-02 
      0.14000000  8.36277173e-03  -1.99995184e-02  -1.99994584e-02  -8.36376660e-03   1.99998205e-02   1.99998491e-02  -1.99995184e-02   1.99998205e-02 
      0.15000000  8.67012210e-03  -1.99994867e-02  -1.99994176e-02  -8.67121856e-03   1.99998192e-02   1.99998492e-02  -1.99994867e-02   1.99998192e-02 
      0.16000000  8.96526005e-03  -1.99994540e-02  -1.99993750e-02  -8.96646230e-03   1.99998180e-02   1.99998493e-02  -1.99994540e-02   1.99998180e-02 
      0.17000000  9.24882027e-03  -1.99994201e-02  -1.99993306e-02  -9.25013254e-03   1.99998168e-02   1.99998494e-02  -1.99994201e-02   1.99998168e-02 
      0.18000000  9.52139520e-03  -1.99993851e-02  -1.99992843e-02  -9.52282173e-03   1.99998158e-02   1.99998496e-02  -1.99993851e-02   1.99998158e-02 
      0.19000000  9.78353871e-03  -1.99993491e-02  -1.99992362e-02  -9.78508376e-03   1.99998148e-02   1.99998498e-02  -1.99993491e-02   1.99998148e-02 
      0.20000000  1.00357695e-02  -1.99993119e-02  -1.99991862e-02  -1.00374373e-02   1.99998139e-02   1.99998500e-02  -1.99993119e-02   1.99998139e-02 
      0.21000000  1.02785739e-02  -1.99992736e-02  -1.99991344e-02  -1.02803688e-02   1.99998130e-02   1.99998503e-02  -1.99992736e-02   1.99998130e-02 
      0.22000000  1.05124086e-02  -1.99992342e-02  -1.99990806e-02  -1.05143349e-02   1.99998123e-02   1.99998507e-02  -1.99992342e-02   1.99998123e-02 
      0.23000000  1.07377028e-02  -1.99991937e-02  -1.99990249e-02  -1.07397648e-02   1.99998115e-02   1.99998510e-02  -1.99991937e-02   1.99998115e-02 
      0.24000000  1.09548605e-02  -1.99991520e-02  -1.99989672e-02  -1.09570624e-02   1.99998109e-02   1.99998514e-02  -1.99991520e-02   1.99998109e-02 
      0.25000000  1.11642619e-02  -1.99991093e-02  -1.99989076e-02  -1.11666081e-02   1.99998103e-02   1.99998518e-02  -1.99991093e-02   1.99998103e-02 
      0.26000000  1.13662659e-02  -1.99990654e-02  -1.99988461e-02  -1.13687606e-02   1.99998097e-02   1.99998522e-02  -1.99990654e-02   1.99998097e-02 
      0.27000000  1.15612106e-02  -1.99990205e-02  -1.99987826e-02  -1.15638582e-02   1.99998092e-02   1.99998527e-02  -1.99990205e-02   1.99998092e-02 
      0.28000000  1.17494157e-02  -1.99989744e-02  -1.99987171e-02  -1.17522205e-02   1.99998088e-02   1.99998532e-02  -1.99989744e-02   1.99998088e-02 
      0.29000000  1.19311831e-02  -1.99989273e-02  -1.99986497e-02  -1.19341494e-02   1.99998084e-02   1.99998537e-02  -1.99989273e-02   1.99998084e-02 
      0.30000000  1.21067983e-02  -1.99988790e-02  -1.99985802e-02  -1.21099303e-02   1.99998081e-02   1.99998542e-02  -1.99988790e-02   1.99998081e-02 
      0.31000000  1.22765314e-02  -1.99988297e-02  -1.99985088e-02  -1.22798335e-02   1.99998078e-02   1.99998547e-02  -1.99988297e-02   1.99998078e-02 
      0.32000000  1.24406383e-02  -1.99987792e-02  -1.99984354e-02  -1.24441148e-02   1.99998075e-02   1.99998553e-02  -1.99987792e-02   1.99998075e-02 
      0.33000000  1.25993612e-02  -1.99987277e-02  -1.99983599e-02  -1.26030164e-02   1.99998073e-02   1.99998558e-02  -1.99987277e-02   1.99998073e-02 
      0.34000000  1.27529301e-02  -1.99986751e-02  -1.99982825e-02  -1.27567681e-02   1.99998072e-02   1.99998564e-02  -1.99986751e-02   1.99998072e-02 
      0.35000000  1.29015626e-02  -1.99986214e-02  -1.99982031e-02  -1.29055878e-02   1.99998071e-02   1.99998570e-02  -1.99986214e-02   1.99998071e-02 
      0.36000000  1.30454657e-02  -1.99985667e-02  -1.99981217e-02  -1.30496823e-02   1.99998070e-02   1.99998576e-02  -1.99985667e-02   1.99998070e-02 
      0.37000000  1.31848357e-02  -1.99985109e-02  -1.99980382e-02  -1.31892478e-02   1.99998069e-02   1.99998582e-02  -1.99985109e-02   1.99998069e-02 
      0.38000000  1.33198590e-02  -1.99984540e-02  -1.99979528e-02  -1.33244709e-02   1.99998069e-02   1.99998589e-02  -1.99984540e-02   1.99998069e-02 
      0.39000000  1.34507130e-02  -1.99983961e-02  -1.99978654e-02  -1.34555288e-02   1.99998070e-02   1.99998595e-02  -1.99983961e-02   1.99998070e-02 
      0.40000000  1.35775661e-02  -1.99983371e-02  -1.99977760e-02  -1.35825901e-02   1.99998070e-02   1.99998602e-02  -1.99983371e-02   1.99998070e-02 
      0.41000000  1.37005788e-02  -1.99982771e-02  -1.99976847e-02  -1.37058150e-02   1.99998071e-02   1.99998608e-02  -1.99982771e-02   1.99998071e-02 
      0.42000000  1.38199036e-02  -1.99982161e-02  -1.99975913e-02  -1.38253561e-02   1.99998073e-02   1.99998615e-02  -1.99982161e-02   1.99998073e-02 
      0.43000000  1.39356857e-02  -1.99981541e-02  -1.99974960e-02  -1.39413587e-02   1.99998074e-02   1.99998622e-02  -1.99981541e-02   1.99998074e-02 
      0.44000000  1.40480637e-02  -1.99980910e-02  -1.99973987e-02  -1.40539611e-02   1.99998076e-02   1.99998629e-02  -1.99980910e-02   1.99998076e-02 
      0.45000000  1.41571693e-02  -1.99980269e-02  -1.99972995e-02  -1.41632952e-02   1.99998079e-02   1.99998635e-02  -1.99980269e-02   1.99998079e-02 
      0.46000000  1.42631282e-02  -1.99979619e-02  -1.99971983e-02  -1.42694867e-02   1.99998081e-02   1.99998642e-02  -1.99979619e-02   1.99998081e-02 
      0.47000000  1.43660604e-02  -1.99978958e-02  -1.99970952e-02  -1.43726554e-02   1.99998084e-02   1.99998650e-02  -1.99978958e-02   1.99998084e-02 
      0.48000000  1.44660803e-02  -1.99978288e-02  -1.99969902e-02  -1.44729157e-02   1.99998087e-02   1.99998657e-02  -1.99978288e-02   1.99998087e-02 
      0.49000000  1.45632970e-02  -1.99977608e-02  -1.99968832e-02  -1.45703767e-02   1.99998091e-02   1.99998664e-02  -1.99977608e-02   1.99998091e-02 
      0.50000000  1.46578147e-02  -1.99976918e-02  -1.99967744e-02  -1.46651426e-02   1.99998094e-02   1.99998671e-02  -1.99976918e-02   1.99998094e-02 
      0.51000000  1.47497331e-02  -1.99976219e-02  -1.99966637e-02  -1.47573130e-02   1.99998098e-02   1.99998678e-02  -1.99976219e-02   1.99998098e-02 
      0.52000000  1.48391472e-02  -1.99975510e-02  -1.99965511e-02  -1.48469830e-02   1.99998102e-02   1.99998686e-02  -1.99975510e-02   1.99998102e-02 
      0.53000000  1.49261480e-02  -1.99974792e-02  -1.99964367e-02  -1.49342434e-02   1.99998106e-02   1.99998693e-02  -1.99974792e-02   1.99998106e-02 
      0.54000000  1.50108224e-02  -1.99974065e-02  -1.99963204e-02  -1.50191812e-02   1.99998111e-02   1.99998700e-02  -1.99974065e-02   1.99998111e-02 
      0.55000000  1.50932536e-02  -1.99973329e-02  -1.99962023e-02  -1.51018795e-02   1.99998116e-02   1.99998708e-02  -1.99973329e-02   1.99998116e-02 
      0.56000000  1.51735213e-02  -1.99972584e-02  -1.99960823e-02  -1.51824179e-02   1.99998121e-02   1.99998715e-02  -1.99972584e-02   1.99998121e-02 
      0.57000000  1.52517015e-02  -1.99971829e-02  -1.99959606e-02  -1.52608724e-02   1.99998126e-02   1.99998723e-02  -1.99971829e-02   1.99998126e-02 
      0.58000000  1.53278672e-02  -1.99971066e-02  -1.99958371e-02  -1.53373161e-02   1.99998131e-02   1.99998730e-02  -1.99971066e-02   1.99998131e-02 
      0.59000000  1.54020883e-02  -1.99970295e-02  -1.99957119e-02  -1.54118186e-02   1.99998137e-02   1.99998738e-02  -1.99970295e-02   1.99998137e-02 
      0.60000000  1.54744317e-02  -1.99969514e-02  -1.99955849e-02  -1.54844470e-02   1.99998143e-02   1.99998745e-02  -1.99969514e-02   1.99998143e-02 
      0.61000000  1.55449616e-02  -1.99968725e-02  -1.99954562e-02  -1.55552653e-02   1.99998149e-02   1.99998753e-02  -1.99968725e-02   1.99998149e-02 
      0.62000000  1.56137395e-02  -1.99967928e-02  -1.99953258e-02  -1.56243351e-02   1.99998155e-02   1.99998761e-02  -1.99967928e-02   1.99998155e-02 
      0.63000000  1.56808244e-02  -1.99967122e-02  -1.99951937e-02  -1.56917152e-02   1.99998161e-02   1.99998768e-02  -1.99967122e-02   1.99998161e-02 
      0.64000000  1.57462729e-02  -1.99966309e-02  -1.99950600e-02  -1.57574623e-02   1.99998168e-02   1.99998776e-02  -1.99966309e-02   1.99998168e-02 
      0.65000000  1.58101394e-02  -1.99965487e-02  -1.99949246e-02  -1.58216306e-02   1.99998174e-02   1.99998783e-02  -1.99965487e-02   1.99998174e-02 
      0.66000000  1.58724760e-02  -1.99964657e-02  -1.99947876e-02  -1.58842723e-02   1.99998181e-02   1.99998791e-02  -1.99964657e-02   1.99998181e-02 
      0.67000000  1.59333328e-02  -1.99963819e-02  -1.99946491e-02  -1.59454374e-02   1.99998188e-02   1.99998799e-02  -1.99963819e-02   1.99998188e-02 
      0.68000000  1.59927579e-02  -1.99962974e-02  -1.99945089e-02  -1.60051739e-02   1.99998195e-02   1.99998806e-02  -1.99962974e-02   1.99998195e-02 
      0.69000000  1.60507976e-02  -1.99962121e-02  -1.99943672e-02  -1.60635281e-02   1.99998202e-02   1.99998814e-02  -1.99962121e-02   1.99998202e-02 
      0.70000000  1.61074963e-02  -1.99961260e-02  -1.99942240e-02  -1.61205444e-02   1.99998210e-02   1.99998822e-02  -1.99961260e-02   1.99998210e-02 
      0.71000000  1.61628967e-02  -1.99960392e-02  -1.99940792e-02  -1.61762653e-02   1.99998217e-02   1.99998829e-02  -1.99960392e-02   1.99998217e-02 
      0.72000000  1.62170399e-02  -1.99959517e-02  -1.99939330e-02  -1.62307321e-02   1.99998225e-02   1.99998837e-02  -1.99959517e-02   1.99998225e-02 
      0.73000000  1.62699655e-02  -1.99958635e-02  -1.99937854e-02  -1.62839842e-02   1.99998233e-02   1.99998845e-02  -1.99958635e-02   1.99998233e-02 
      0.74000000  1.63217115e-02  -1.99957745e-02  -1.99936363e-02  -1.63360595e-02   1.99998241e-02   1.99998852e-02  -1.99957745e-02   1.99998241e-02 
      0.75000000  1.63723146e-02  -1.99956849e-02  -1.99934858e-02  -1.63869948e-02   1.99998249e-02   1.99998860e-02  -1.99956849e-02   1.99998249e-02 
      0.76000000  1.64218100e-02  -1.99955946e-02  -1.99933339e-02  -1.64368251e-02   1.99998257e-02   1.99998868e-02  -1.99955946e-02   1.99998257e-02 
      0.77000000  1.64702318e-02  -1.99955036e-02  -1.99931807e-02  -1.64855845e-02   1.99998265e-02   1.99998876e-02  -1.99955036e-02   1.99998265e-02 
      0.78000000  1.65176126e-02  -1.99954119e-02  -1.99930262e-02  -1.65333056e-02   1.99998274e-02   1.99998883e-02  -1.99954119e-02   1.99998274e-02 
      0.79000000  1.65639840e-02  -1.99953196e-02  -1.99928704e-02  -1.65800199e-02   1.99998282e-02   1.99998891e-02  -1.99953196e-02   1.99998282e-02 
      0.80000000  1.66093765e-02  -1.99952267e-02  -1.99927132e-02  -1.66257579e-02   1.99998291e-02   1.99998899e-02  -1.99952267e-02   1.99998291e-02 
      0.81000000  1.66538194e-02  -1.99951331e-02  -1.99925549e-02  -1.66705487e-02   1.99998299e-02   1.99998906e-02  -1.99951331e-02   1.99998299e-02 
      0.82000000  1.66973409e-02  -1.99950389e-02  -1.99923953e-02  -1.67144208e-02   1.99998308e-02   1.99998914e-02  -1.99950389e-02   1.99998308e-02 
      0.83000000  1.67399685e-02  -1.99949442e-02  -1.99922346e-02  -1.67574012e-02   1.99998317e-02   1.99998922e-02  -1.99949442e-02   1.99998317e-02 
      0.84000000  1.67817285e-02  -1.99948488e-02  -1.99920727e-02  -1.67995165e-02   1.99998326e-02   1.99998929e-02  -1.99948488e-02   1.99998326e-02 
      0.85000000  1.68226464e-02  -1.99947529e-02  -1.99919096e-02  -1.68407918e-02   1.99998335e-02   1.99998937e-02  -1.99947529e-02   1.99998335e-02 
      0.86000000  1.68627467e-02  -1.99946563e-02  -1.99917455e-02  -1.68812519e-02   1.99998345e-02   1.99998945e-02  -1.99946563e-02   1.99998345e-02 
      0.87000000  1.69020532e-02  -1.99945593e-02  -1.99915803e-02  -1.69209204e-02   1.99998354e-02   1.99998952e-02  -1.99945593e-02   1.99998354e-02 
      0.88000000  1.69405889e-02  -1.99944617e-02  -1.99914140e-02  -1.69598203e-02   1.99998363e-02   1.99998960e-02  -1.99944617e-02   1.99998363e-02 
      0.89000000  1.69783761e-02  -1.99943635e-02  -1.99912467e-02  -1.69979736e-02   1.99998373e-02   1.99998968e-02  -1.99943635e-02   1.99998373e-02 
      0.90000000  1.70154360e-02  -1.99942649e-02  -1.99910785e-02  -1.70354019e-02   1.99998382e-02   1.99998975e-02  -1.99942649e-02   1.99998382e-02 
      0.91000000  1.70517897e-02  -1.99941657e-02  -1.99909092e-02  -1.70721258e-02   1.99998392e-02   1.99998983e-02  -1.99941657e-02   1.99998392e-02 
      0.92000000  1.70874571e-02  -1.99940660e-02  -1.99907391e-02  -1.71081654e-02   1.99998402e-02   1.99998990e-02  -1.99940660e-02   1.99998402e-02 
      0.93000000  1.71224578e-02  -1.99939659e-02  -1.99905681e-02  -1.71435401e-02   1.99998412e-02   1.99998998e-02  -1.99939659e-02   1.99998412e-02 
      0.94000000  1.71568106e-02  -1.99938653e-02  -1.99903962e-02  -1.71782688e-02   1.99998422e-02   1.99999006e-02  -1.99938653e-02   1.99998422e-02 
      0.95000000  1.71905337e-02  -1.99937642e-02  -1.99902235e-02  -1.72123696e-02   1.99998432e-02   1.99999013e-02  -1.99937642e-02   1.99998432e-02 
      0.96000000  1.72236450e-02  -1.99936626e-02  -1.99900500e-02  -1.72458602e-02   1.99998442e-02   1.99999021e-02  -1.99936626e-02   1.99998442e-02 
      0.97000000  1.72561616e-02  -1.99935607e-02  -1.99898757e-02  -1.72787577e-02   1.99998452e-02   1.99999029e-02  -1.99935607e-02   1.99998452e-02 
      0.98000000  1.72881001e-02  -1.99934583e-02  -1.99897008e-02  -1.73110789e-02   1.99998462e-02   1.99999036e-02  -1.99934583e-02   1.99998462e-02 
      0.99000000  1.73194767e-02  -1.99933555e-02  -1.99895251e-02  -1.73428396e-02   1.99998473e-02   1.99999044e-02  -1.99933555e-02   1.99998473e-02 
      1.00000000  1.73503071e-02  -1.99932523e-02  -1.99893487e-02  -1.73740557e-02   1.99998483e-02   1.99999051e-02  -1.99932523e-02   1.99998483e-02 
