        deltaK      control[0]       control[1]        control[2]      control[3]       control[4]        control[5]      control[6]        contorl[7]
      0.00000000  6.60201168e-03  -7.93358164e-02  -7.99753732e-02  -6.60201168e-03   7.93358164e-02   7.99753732e-02  -7.93358164e-02   7.93358164e-02 
      0.01000000  6.80811042e-03  -7.91650736e-02  -7.97654827e-02  -7.11293213e-03   7.92410943e-02   7.99182630e-02  -7.91650736e-02   7.92410943e-02 
      0.02000000  7.00808717e-03  -7.89981724e-02  -7.95596709e-02  -7.61193097e-03   7.91485831e-02   7.98626931e-02  -7.89981724e-02   7.91485831e-02 
      0.03000000  7.20225009e-03  -7.88349565e-02  -7.93577902e-02  -8.09951452e-03   7.90581886e-02   7.98085905e-02  -7.88349565e-02   7.90581886e-02 
      0.04000000  7.39088428e-03  -7.86752801e-02  -7.91597028e-02  -8.57615446e-03   7.89698230e-02   7.97558872e-02  -7.86752801e-02   7.89698230e-02 
      0.05000000  7.57425417e-03  -7.85190069e-02  -7.89652791e-02  -9.04229115e-03   7.88834048e-02   7.97045203e-02  -7.85190069e-02   7.88834048e-02 
      0.06000000  7.75260548e-03  -7.83660088e-02  -7.87743973e-02  -9.49833668e-03   7.87988574e-02   7.96544312e-02  -7.83660088e-02   7.87988574e-02 
      0.07000000  7.92616706e-03  -7.82161657e-02  -7.85869427e-02  -9.94467740e-03   7.87161095e-02   7.96055655e-02  -7.82161657e-02   7.87161095e-02 
      0.08000000  8.09515243e-03  -7.80693647e-02  -7.84028066e-02  -1.03816763e-02   7.86350939e-02   7.95578721e-02  -7.80693647e-02   7.86350939e-02 
      0.09000000  8.25976114e-03  -7.79254991e-02  -7.82218866e-02  -1.08096748e-02   7.85557476e-02   7.95113032e-02  -7.79254991e-02   7.85557476e-02 
      0.10000000  8.42018007e-03  -7.77844682e-02  -7.80440853e-02  -1.12289951e-02   7.84780112e-02   7.94658143e-02  -7.77844682e-02   7.84780112e-02 
      0.11000000  8.57658444e-03  -7.76461769e-02  -7.78693104e-02  -1.16399411e-02   7.84018288e-02   7.94213632e-02  -7.76461769e-02   7.84018288e-02 
      0.12000000  8.72913882e-03  -7.75105351e-02  -7.76974739e-02  -1.20428002e-02   7.83271475e-02   7.93779104e-02  -7.75105351e-02   7.83271475e-02 
      0.13000000  8.87799802e-03  -7.73774571e-02  -7.75284924e-02  -1.24378446e-02   7.82539172e-02   7.93354188e-02  -7.73774571e-02   7.82539172e-02 
      0.14000000  9.02330781e-03  -7.72468618e-02  -7.73622859e-02  -1.28253323e-02   7.81820904e-02   7.92938531e-02  -7.72468618e-02   7.81820904e-02 
      0.15000000  9.16520568e-03  -7.71186719e-02  -7.71987785e-02  -1.32055084e-02   7.81116224e-02   7.92531803e-02  -7.71186719e-02   7.81116224e-02 
      0.16000000  9.30382143e-03  -7.69928139e-02  -7.70378973e-02  -1.35786057e-02   7.80424702e-02   7.92133690e-02  -7.69928139e-02   7.80424702e-02 
      0.17000000  9.43927777e-03  -7.68692177e-02  -7.68795727e-02  -1.39448456e-02   7.79745933e-02   7.91743894e-02  -7.68692177e-02   7.79745933e-02 
      0.18000000  9.57169084e-03  -7.67478164e-02  -7.67237381e-02  -1.43044393e-02   7.79079530e-02   7.91362133e-02  -7.67478164e-02   7.79079530e-02 
      0.19000000  9.70117064e-03  -7.66285462e-02  -7.65703294e-02  -1.46575878e-02   7.78425125e-02   7.90988141e-02  -7.66285462e-02   7.78425125e-02 
      0.20000000  9.82782150e-03  -7.65113461e-02  -7.64192854e-02  -1.50044833e-02   7.77782366e-02   7.90621663e-02  -7.65113461e-02   7.77782366e-02 
      0.21000000  9.95174247e-03  -7.63961576e-02  -7.62705471e-02  -1.53453092e-02   7.77150916e-02   7.90262457e-02  -7.63961576e-02   7.77150916e-02 
      0.22000000  1.00730276e-02  -7.62829248e-02  -7.61240577e-02  -1.56802408e-02   7.76530456e-02   7.89910293e-02  -7.62829248e-02   7.76530456e-02 
      0.23000000  1.01917665e-02  -7.61715941e-02  -7.59797629e-02  -1.60094461e-02   7.75920678e-02   7.89564951e-02  -7.61715941e-02   7.75920678e-02 
      0.24000000  1.03080442e-02  -7.60621142e-02  -7.58376101e-02  -1.63330856e-02   7.75321287e-02   7.89226224e-02  -7.60621142e-02   7.75321287e-02 
      0.25000000  1.04219419e-02  -7.59544356e-02  -7.56975488e-02  -1.66513135e-02   7.74732003e-02   7.88893910e-02  -7.59544356e-02   7.74732003e-02 
      0.26000000  1.05335370e-02  -7.58485110e-02  -7.55595302e-02  -1.69642774e-02   7.74152554e-02   7.88567818e-02  -7.58485110e-02   7.74152554e-02 
      0.27000000  1.06429033e-02  -7.57442949e-02  -7.54235072e-02  -1.72721193e-02   7.73582682e-02   7.88247767e-02  -7.57442949e-02   7.73582682e-02 
      0.28000000  1.07501112e-02  -7.56417435e-02  -7.52894345e-02  -1.75749752e-02   7.73022136e-02   7.87933582e-02  -7.56417435e-02   7.73022136e-02 
      0.29000000  1.08552280e-02  -7.55408145e-02  -7.51572682e-02  -1.78729760e-02   7.72470679e-02   7.87625095e-02  -7.55408145e-02   7.72470679e-02 
      0.30000000  1.09583182e-02  -7.54414674e-02  -7.50269659e-02  -1.81662477e-02   7.71928078e-02   7.87322146e-02  -7.54414674e-02   7.71928078e-02 
      0.31000000  1.10594433e-02  -7.53436631e-02  -7.48984866e-02  -1.84549113e-02   7.71394113e-02   7.87024581e-02  -7.53436631e-02   7.71394113e-02 
      0.32000000  1.11586622e-02  -7.52473639e-02  -7.47717906e-02  -1.87390833e-02   7.70868571e-02   7.86732253e-02  -7.52473639e-02   7.70868571e-02 
      0.33000000  1.12560316e-02  -7.51525334e-02  -7.46468396e-02  -1.90188762e-02   7.70351245e-02   7.86445020e-02  -7.51525334e-02   7.70351245e-02 
      0.34000000  1.13516055e-02  -7.50591365e-02  -7.45235963e-02  -1.92943981e-02   7.69841937e-02   7.86162745e-02  -7.50591365e-02   7.69841937e-02 
      0.35000000  1.14454358e-02  -7.49671393e-02  -7.44020248e-02  -1.95657535e-02   7.69340456e-02   7.85885299e-02  -7.49671393e-02   7.69340456e-02 
      0.36000000  1.15375724e-02  -7.48765091e-02  -7.42820901e-02  -1.98330431e-02   7.68846617e-02   7.85612554e-02  -7.48765091e-02   7.68846617e-02 
      0.37000000  1.16280631e-02  -7.47872142e-02  -7.41637584e-02  -2.00963640e-02   7.68360243e-02   7.85344391e-02  -7.47872142e-02   7.68360243e-02 
      0.38000000  1.17169539e-02  -7.46992242e-02  -7.40469968e-02  -2.03558101e-02   7.67881161e-02   7.85080691e-02  -7.46992242e-02   7.67881161e-02 
      0.39000000  1.18042890e-02  -7.46125093e-02  -7.39317734e-02  -2.06114721e-02   7.67409204e-02   7.84821344e-02  -7.46125093e-02   7.67409204e-02 
      0.40000000  1.18901108e-02  -7.45270410e-02  -7.38180574e-02  -2.08634378e-02   7.66944212e-02   7.84566239e-02  -7.45270410e-02   7.66944212e-02 
      0.41000000  1.19744603e-02  -7.44427915e-02  -7.37058185e-02  -2.11117917e-02   7.66486028e-02   7.84315274e-02  -7.44427915e-02   7.66486028e-02 
      0.42000000  1.20573766e-02  -7.43597340e-02  -7.35950278e-02  -2.13566160e-02   7.66034503e-02   7.84068346e-02  -7.43597340e-02   7.66034503e-02 
      0.43000000  1.21388978e-02  -7.42778426e-02  -7.34856567e-02  -2.15979899e-02   7.65589491e-02   7.83825358e-02  -7.42778426e-02   7.65589491e-02 
      0.44000000  1.22190604e-02  -7.41970920e-02  -7.33776776e-02  -2.18359904e-02   7.65150849e-02   7.83586218e-02  -7.41970920e-02   7.65150849e-02 
      0.45000000  1.22978994e-02  -7.41174577e-02  -7.32710639e-02  -2.20706916e-02   7.64718442e-02   7.83350832e-02  -7.41174577e-02   7.64718442e-02 
      0.46000000  1.23754488e-02  -7.40389162e-02  -7.31657893e-02  -2.23021658e-02   7.64292136e-02   7.83119115e-02  -7.40389162e-02   7.64292136e-02 
      0.47000000  1.24517413e-02  -7.39614444e-02  -7.30618284e-02  -2.25304828e-02   7.63871803e-02   7.82890980e-02  -7.39614444e-02   7.63871803e-02 
      0.48000000  1.25268086e-02  -7.38850200e-02  -7.29591566e-02  -2.27557102e-02   7.63457318e-02   7.82666346e-02  -7.38850200e-02   7.63457318e-02 
      0.49000000  1.26006810e-02  -7.38096213e-02  -7.28577498e-02  -2.29779138e-02   7.63048560e-02   7.82445133e-02  -7.38096213e-02   7.63048560e-02 
      0.50000000  1.26733879e-02  -7.37352274e-02  -7.27575846e-02  -2.31971571e-02   7.62645411e-02   7.82227265e-02  -7.37352274e-02   7.62645411e-02 
      0.51000000  1.27449579e-02  -7.36618178e-02  -7.26586381e-02  -2.34135021e-02   7.62247757e-02   7.82012666e-02  -7.36618178e-02   7.62247757e-02 
      0.52000000  1.28154184e-02  -7.35893727e-02  -7.25608881e-02  -2.36270088e-02   7.61855487e-02   7.81801265e-02  -7.35893727e-02   7.61855487e-02 
      0.53000000  1.28847960e-02  -7.35178728e-02  -7.24643129e-02  -2.38377353e-02   7.61468494e-02   7.81592991e-02  -7.35178728e-02   7.61468494e-02 
      0.54000000  1.29531163e-02  -7.34472994e-02  -7.23688914e-02  -2.40457383e-02   7.61086673e-02   7.81387776e-02  -7.34472994e-02   7.61086673e-02 
      0.55000000  1.30204042e-02  -7.33776341e-02  -7.22746030e-02  -2.42510728e-02   7.60709921e-02   7.81185556e-02  -7.33776341e-02   7.60709921e-02 
      0.56000000  1.30866837e-02  -7.33088594e-02  -7.21814276e-02  -2.44537921e-02   7.60338141e-02   7.80986265e-02  -7.33088594e-02   7.60338141e-02 
      0.57000000  1.31519782e-02  -7.32409578e-02  -7.20893455e-02  -2.46539482e-02   7.59971235e-02   7.80789843e-02  -7.32409578e-02   7.59971235e-02 
      0.58000000  1.32163101e-02  -7.31739128e-02  -7.19983378e-02  -2.48515916e-02   7.59609110e-02   7.80596229e-02  -7.31739128e-02   7.59609110e-02 
      0.59000000  1.32797013e-02  -7.31077078e-02  -7.19083857e-02  -2.50467714e-02   7.59251675e-02   7.80405364e-02  -7.31077078e-02   7.59251675e-02 
      0.60000000  1.33421730e-02  -7.30423270e-02  -7.18194710e-02  -2.52395354e-02   7.58898841e-02   7.80217192e-02  -7.30423270e-02   7.58898841e-02 
      0.61000000  1.34037457e-02  -7.29777550e-02  -7.17315759e-02  -2.54299300e-02   7.58550522e-02   7.80031658e-02  -7.29777550e-02   7.58550522e-02 
      0.62000000  1.34644392e-02  -7.29139765e-02  -7.16446830e-02  -2.56180005e-02   7.58206633e-02   7.79848709e-02  -7.29139765e-02   7.58206633e-02 
      0.63000000  1.35242728e-02  -7.28509770e-02  -7.15587755e-02  -2.58037910e-02   7.57867092e-02   7.79668292e-02  -7.28509770e-02   7.57867092e-02 
      0.64000000  1.35832653e-02  -7.27887420e-02  -7.14738367e-02  -2.59873442e-02   7.57531820e-02   7.79490356e-02  -7.27887420e-02   7.57531820e-02 
      0.65000000  1.36414347e-02  -7.27272576e-02  -7.13898504e-02  -2.61687021e-02   7.57200738e-02   7.79314854e-02  -7.27272576e-02   7.57200738e-02 
      0.66000000  1.36987987e-02  -7.26665102e-02  -7.13068009e-02  -2.63479052e-02   7.56873771e-02   7.79141735e-02  -7.26665102e-02   7.56873771e-02 
      0.67000000  1.37553744e-02  -7.26064866e-02  -7.12246726e-02  -2.65249933e-02   7.56550845e-02   7.78970955e-02  -7.26064866e-02   7.56550845e-02 
      0.68000000  1.38111784e-02  -7.25471737e-02  -7.11434505e-02  -2.67000049e-02   7.56231887e-02   7.78802468e-02  -7.25471737e-02   7.56231887e-02 
      0.69000000  1.38662268e-02  -7.24885589e-02  -7.10631198e-02  -2.68729777e-02   7.55916828e-02   7.78636230e-02  -7.24885589e-02   7.55916828e-02 
      0.70000000  1.39205353e-02  -7.24306299e-02  -7.09836661e-02  -2.70439485e-02   7.55605597e-02   7.78472198e-02  -7.24306299e-02   7.55605597e-02 
      0.71000000  1.39741191e-02  -7.23733748e-02  -7.09050752e-02  -2.72129531e-02   7.55298129e-02   7.78310329e-02  -7.23733748e-02   7.55298129e-02 
      0.72000000  1.40269930e-02  -7.23167816e-02  -7.08273333e-02  -2.73800263e-02   7.54994357e-02   7.78150584e-02  -7.23167816e-02   7.54994357e-02 
      0.73000000  1.40791713e-02  -7.22608390e-02  -7.07504269e-02  -2.75452023e-02   7.54694219e-02   7.77992922e-02  -7.22608390e-02   7.54694219e-02 
      0.74000000  1.41306681e-02  -7.22055359e-02  -7.06743428e-02  -2.77085143e-02   7.54397650e-02   7.77837305e-02  -7.22055359e-02   7.54397650e-02 
      0.75000000  1.41814970e-02  -7.21508611e-02  -7.05990680e-02  -2.78699947e-02   7.54104592e-02   7.77683696e-02  -7.21508611e-02   7.54104592e-02 
      0.76000000  1.42316712e-02  -7.20968042e-02  -7.05245899e-02  -2.80296753e-02   7.53814983e-02   7.77532056e-02  -7.20968042e-02   7.53814983e-02 
      0.77000000  1.42812036e-02  -7.20433546e-02  -7.04508960e-02  -2.81875868e-02   7.53528766e-02   7.77382352e-02  -7.20433546e-02   7.53528766e-02 
      0.78000000  1.43301068e-02  -7.19905022e-02  -7.03779742e-02  -2.83437597e-02   7.53245885e-02   7.77234546e-02  -7.19905022e-02   7.53245885e-02 
      0.79000000  1.43783928e-02  -7.19382371e-02  -7.03058127e-02  -2.84982232e-02   7.52966282e-02   7.77088607e-02  -7.19382371e-02   7.52966282e-02 
      0.80000000  1.44260737e-02  -7.18865494e-02  -7.02343998e-02  -2.86510062e-02   7.52689905e-02   7.76944499e-02  -7.18865494e-02   7.52689905e-02 
      0.81000000  1.44731610e-02  -7.18354297e-02  -7.01637241e-02  -2.88021368e-02   7.52416701e-02   7.76802191e-02  -7.18354297e-02   7.52416701e-02 
      0.82000000  1.45196659e-02  -7.17848686e-02  -7.00937744e-02  -2.89516425e-02   7.52146616e-02   7.76661651e-02  -7.17848686e-02   7.52146616e-02 
      0.83000000  1.45655994e-02  -7.17348572e-02  -7.00245398e-02  -2.90995503e-02   7.51879601e-02   7.76522848e-02  -7.17348572e-02   7.51879601e-02 
      0.84000000  1.46109723e-02  -7.16853865e-02  -6.99560097e-02  -2.92458862e-02   7.51615607e-02   7.76385752e-02  -7.16853865e-02   7.51615607e-02 
      0.85000000  1.46557949e-02  -7.16364478e-02  -6.98881734e-02  -2.93906760e-02   7.51354583e-02   7.76250334e-02  -7.16364478e-02   7.51354583e-02 
      0.86000000  1.47000775e-02  -7.15880325e-02  -6.98210207e-02  -2.95339449e-02   7.51096484e-02   7.76116563e-02  -7.15880325e-02   7.51096484e-02 
      0.87000000  1.47438299e-02  -7.15401325e-02  -6.97545415e-02  -2.96757172e-02   7.50841262e-02   7.75984414e-02  -7.15401325e-02   7.50841262e-02 
      0.88000000  1.47870618e-02  -7.14927394e-02  -6.96887259e-02  -2.98160170e-02   7.50588872e-02   7.75853856e-02  -7.14927394e-02   7.50588872e-02 
      0.89000000  1.48297826e-02  -7.14458455e-02  -6.96235643e-02  -2.99548678e-02   7.50339269e-02   7.75724865e-02  -7.14458455e-02   7.50339269e-02 
      0.90000000  1.48720016e-02  -7.13994427e-02  -6.95590471e-02  -3.00922925e-02   7.50092411e-02   7.75597414e-02  -7.13994427e-02   7.50092411e-02 
      0.91000000  1.49137277e-02  -7.13535237e-02  -6.94951651e-02  -3.02283137e-02   7.49848254e-02   7.75471476e-02  -7.13535237e-02   7.49848254e-02 
      0.92000000  1.49549696e-02  -7.13080807e-02  -6.94319090e-02  -3.03629532e-02   7.49606756e-02   7.75347028e-02  -7.13080807e-02   7.49606756e-02 
      0.93000000  1.49957359e-02  -7.12631066e-02  -6.93692699e-02  -3.04962325e-02   7.49367877e-02   7.75224043e-02  -7.12631066e-02   7.49367877e-02 
      0.94000000  1.50360349e-02  -7.12185941e-02  -6.93072391e-02  -3.06281728e-02   7.49131577e-02   7.75102499e-02  -7.12185941e-02   7.49131577e-02 
      0.95000000  1.50758748e-02  -7.11745363e-02  -6.92458079e-02  -3.07587947e-02   7.48897815e-02   7.74982372e-02  -7.11745363e-02   7.48897815e-02 
      0.96000000  1.51152635e-02  -7.11309262e-02  -6.91849678e-02  -3.08881183e-02   7.48666555e-02   7.74863638e-02  -7.11309262e-02   7.48666555e-02 
      0.97000000  1.51542088e-02  -7.10877571e-02  -6.91247106e-02  -3.10161633e-02   7.48437758e-02   7.74746276e-02  -7.10877571e-02   7.48437758e-02 
      0.98000000  1.51927183e-02  -7.10450225e-02  -6.90650281e-02  -3.11429492e-02   7.48211388e-02   7.74630264e-02  -7.10450225e-02   7.48211388e-02 
      0.99000000  1.52307994e-02  -7.10027158e-02  -6.90059123e-02  -3.12684949e-02   7.47987407e-02   7.74515579e-02  -7.10027158e-02   7.47987407e-02 
      1.00000000  1.52684593e-02  -7.09608307e-02  -6.89473554e-02  -3.13928189e-02   7.47765781e-02   7.74402201e-02  -7.09608307e-02   7.47765781e-02 
