      0.01000000 -4.82094375e-03  4.82918090e-03  4.83740114e-03  4.82094939e-03 -4.82918090e-03 -4.83740677e-03  4.82918090e-03 -4.82918090e-03 -9.45105898e-02  9.48365857e-02  9.51615748e-02  9.45109252e-02 -9.48365857e-02 -9.51619103e-02  9.48365857e-02 -9.48365857e-02
      0.11000000 -1.84783956e-02  1.86045738e-02  1.87297204e-02  1.84787390e-02 -1.86045738e-02 -1.87300638e-02  1.86045738e-02 -1.86045738e-02 -1.76335009e-01  1.78802108e-01  1.81238768e-01  1.76345136e-01 -1.78802108e-01 -1.81248894e-01  1.78802108e-01 -1.78802108e-01
      0.21000000 -3.95980666e-02  4.02081313e-02  4.08070322e-02  3.96017757e-02 -4.02081314e-02 -4.08107412e-02  4.02081313e-02 -4.02081314e-02 -2.43489263e-01  2.51335199e-01  2.58963774e-01  2.43561396e-01 -2.51335199e-01 -2.59035907e-01  2.51335199e-01 -2.51335199e-01
      0.31000000 -6.66463553e-02  6.84830838e-02  7.02604271e-02  6.66660347e-02 -6.84830840e-02 -7.02801060e-02  6.84830838e-02 -6.84830840e-02 -2.94772953e-01  3.12224177e-01  3.28818155e-01  2.95056457e-01 -3.12224184e-01 -3.29101646e-01  3.12224177e-01 -3.12224184e-01
      0.41000000 -9.80088870e-02  1.02269113e-01  1.06315614e-01  9.80794815e-02 -1.02269116e-01 -1.06386202e-01  1.02269113e-01 -1.02269116e-01 -3.29768819e-01  3.61608885e-01  3.91012399e-01  3.30571068e-01 -3.61608953e-01 -3.91814514e-01  3.61608885e-01 -3.61608953e-01
      0.51000000 -1.32067639e-01  1.40436956e-01  1.48206299e-01  1.32265032e-01 -1.40436979e-01 -1.48403645e-01  1.40436956e-01 -1.40436979e-01 -3.48813345e-01  3.99966646e-01  4.45501311e-01  3.50653451e-01 -3.99967068e-01 -4.47340572e-01  3.99966646e-01 -3.99967068e-01
      0.61000000 -1.67273305e-01  1.81920627e-01  1.95150701e-01  1.67737451e-01 -1.81920751e-01 -1.95614600e-01  1.81920627e-01 -1.81920751e-01 -3.52929775e-01  4.28078289e-01  4.92030286e-01  3.56573975e-01 -4.28080202e-01 -4.95670659e-01  4.28078289e-01 -4.28080202e-01
      0.71000000 -2.02208903e-01  2.25745185e-01  2.46333960e-01  2.03169247e-01 -2.25745702e-01 -2.47293270e-01  2.25745185e-01 -2.25745702e-01 -3.43720060e-01  4.46972968e-01  5.30205577e-01  3.50191002e-01 -4.46979804e-01 -5.36662847e-01  4.46972968e-01 -4.46979804e-01
      0.81000000 -2.35640703e-01  2.71048030e-01  3.00898415e-01  2.37441043e-01 -2.71049802e-01 -3.02695213e-01  2.71048030e-01 -2.71049802e-01 -3.23220889e-01  4.57854999e-01  5.59580133e-01  3.33777067e-01 -4.57875324e-01 -5.70095661e-01  4.57854999e-01 -4.57875324e-01
      0.91000000 -2.66553489e-01  3.17092281e-01  3.57942874e-01  2.69673297e-01 -3.17097468e-01 -3.61052308e-01  3.17092281e-01 -3.17097468e-01 -2.93737144e-01  4.62020095e-01  5.79745635e-01  3.09822865e-01 -4.62072294e-01 -5.95726957e-01  4.62020095e-01 -4.62072294e-01
      1.01000000 -2.94168784e-01  3.63271645e-01  4.16530982e-01  2.99238197e-01 -3.63285010e-01 -4.21573665e-01  3.63271645e-01 -3.63285010e-01 -2.57670828e-01  4.60770691e-01  5.90421197e-01  2.80840777e-01 -4.60889650e-01 -6.13353227e-01  4.60770691e-01 -4.60889650e-01
      1.11000000 -3.17946507e-01  4.09107188e-01  4.75707919e-01  3.25752798e-01 -4.09138148e-01 -4.83452290e-01  4.09107188e-01 -4.09138148e-01 -2.17363618e-01  4.55339949e-01  5.91529705e-01  2.49189120e-01 -4.55585409e-01 -6.22864286e-01  4.55339949e-01 -4.55585409e-01
      1.21000000 -3.37572190e-01  4.54237244e-01  5.34523795e-01  3.49056322e-01 -4.54302818e-01 -5.45876780e-01  4.54237244e-01 -4.54302818e-01 -1.74967292e-01  4.46831751e-01  5.83254200e-01  2.16933493e-01 -4.47297525e-01 -6.24288854e-01  4.46831751e-01 -4.47297525e-01
      1.31000000 -3.52932992e-01  4.98402321e-01  5.92061437e-01  3.69175868e-01 -4.98530987e-01 -6.08046981e-01  4.98402321e-01 -4.98530987e-01 -1.32350318e-01  4.36180676e-01  5.66068932e-01  1.85754532e-01 -4.37003543e-01 -6.17827412e-01  4.36180676e-01 -4.37003543e-01
      1.41000000 -3.64086301e-01  5.41427022e-01  6.47465909e-01  3.86285324e-01 -5.41663398e-01 -6.69192179e-01  5.41427022e-01 -5.41663398e-01 -9.10427013e-02  4.24132480e-01  5.40742601e-01  1.56903995e-01 -4.25499480e-01 -6.03869895e-01  4.24132480e-01 -4.25499480e-01
      1.51000000 -3.71224627e-01  5.83200969e-01  6.99972984e-01  4.00662153e-01 -5.83611095e-01 -7.28590258e-01  5.83200969e-01 -5.83611095e-01 -5.22162438e-02  4.11242915e-01  5.08314622e-01  1.31204836e-01 -4.13395889e-01 -5.82997264e-01  4.11242915e-01 -4.13395889e-01
      1.61000000 -3.74640050e-01  6.23660365e-01  7.48934043e-01  4.12646027e-01 -6.24337261e-01 -7.85586228e-01  6.23660365e-01 -6.24337261e-01 -1.66941594e-02  3.97891028e-01  4.70048309e-01  1.09086585e-01 -4.01127619e-01 -5.55967553e-01  3.97891028e-01 -4.01127619e-01
      1.71000000 -3.74690775e-01  6.62771424e-01  7.93835391e-01  4.22602320e-01 -6.63840560e-01 -8.39608665e-01  6.62771424e-01 -6.63840560e-01  1.50175258e-02  3.84302478e-01  4.27367280e-01  9.06451414e-02 -3.88973192e-01 -5.23688519e-01  3.84302478e-01 -3.88973192e-01
      1.81000000 -3.71771611e-01  7.00516452e-01  8.34310696e-01  4.30892331e-01 -7.02140720e-01 -8.90182880e-01  7.00516452e-01 -7.02140720e-01  4.26845286e-02  3.70578565e-01  3.81782587e-01  7.57158288e-02 -3.77079922e-01 -4.87180231e-01  3.70578565e-01 -3.77079922e-01
      1.91000000 -3.66289376e-01  7.36882963e-01  8.70145978e-01  4.37851053e-01 -7.39266787e-01 -9.36940008e-01  7.36882963e-01 -7.39266787e-01  6.62918599e-02  3.56727343e-01  3.34818026e-01  6.39498129e-02 -3.65491384e-01 -4.47531618e-01  3.56727343e-01 -3.65491384e-01
      2.01000000 -3.58643666e-01  7.71855890e-01  9.01277319e-01  4.43772426e-01 -7.75248114e-01 -9.79621631e-01  7.71855890e-01 -7.75248114e-01  8.59901921e-02  3.42694058e-01  2.87939989e-01  5.48861764e-02 -3.54174671e-01 -4.05855132e-01  3.42694058e-01 -3.54174671e-01
      2.11000000 -3.49212852e-01  8.05412727e-01  9.27781981e-01  4.48901351e-01 -8.10108008e-01 -1.01807992e+00  8.05412727e-01 -8.10108008e-01  1.02045421e-01  3.28389012e-01  2.42496472e-01  4.80145236e-02 -3.43045604e-01 -3.63243235e-01  3.28389012e-01 -3.43045604e-01
      2.21000000 -3.38344829e-01  8.37521273e-01  9.49864010e-01  4.53431372e-01 -8.43859722e-01 -1.05227365e+00  8.37521273e-01 -8.43859722e-01  1.14794338e-01  3.13711674e-01  1.99668030e-01  4.28254422e-02 -3.31990782e-01 -3.20729593e-01  3.13711674e-01 -3.31990782e-01
      2.31000000 -3.26351832e-01  8.68139571e-01  9.67835582e-01  4.57506760e-01 -8.76504492e-01 -1.08226067e+00  8.68139571e-01 -8.76504492e-01  1.24607976e-01  2.98570425e-01  1.60431835e-01  3.88481442e-02 -3.20885949e-01 -2.79256908e-01  2.98570425e-01 -3.20885949e-01
      2.41000000 -3.13508500e-01  8.97217603e-01  9.82095415e-01  4.61227750e-01 -9.08031209e-01 -1.10818745e+00  8.97217603e-01 -9.08031209e-01  1.31863120e-01  2.82897717e-01  1.25538841e-01  3.56759993e-02 -3.09610558e-01 -2.39652277e-01  2.82897717e-01 -3.09610558e-01
      2.51000000 -3.00052398e-01  9.24700256e-01  9.93105529e-01  4.64657784e-01 -9.38417364e-01 -1.13027670e+00  9.24700256e-01 -9.38417364e-01  1.36921596e-01  2.66660644e-01  9.55033322e-02  3.29814674e-02 -2.98058723e-01 -2.02610237e-01  2.66660644e-01 -2.98058723e-01
      2.61000000 -2.86186259e-01  9.50531137e-01  1.00136753e+00  4.67831793e-01 -9.67630924e-01 -1.14881349e+00  9.50531137e-01 -9.67630924e-01  1.40116461e-01  2.49867173e-01  7.06037847e-02  3.05222500e-02 -2.86146900e-01 -1.68683040e-01  2.49867173e-01 -2.86146900e-01
      2.71000000 -2.72081307e-01  9.74656799e-01  1.00739950e+00  4.70764728e-01 -9.95632832e-01 -1.16413085e+00  9.74656799e-01 -9.95632832e-01  1.41743916e-01  2.32568341e-01  5.08937579e-02  2.81404813e-02 -2.73818725e-01 -1.38277386e-01  2.32568341e-01 -2.73818725e-01
      2.81000000 -2.57881153e-01  9.97031010e-01  1.01171441e+00  4.73459743e-01 -1.02237986e+00 -1.17659529e+00  9.97031010e-01 -1.02237986e+00  1.42059693e-01  2.14856922e-01  3.62214349e-02  2.57566132e-02 -2.61047436e-01 -1.11656712e-01  2.14856922e-01 -2.61047436e-01
      2.91000000 -2.43705883e-01  1.01761874e+00  1.01480086e+00  4.75915545e-01 -1.04782763e+00 -1.18659274e+00  1.01761874e+00 -1.04782763e+00  1.41278750e-01  1.96863120e-01  2.62562826e-02  2.33594338e-02 -2.47836302e-01 -8.89481020e-02  1.96863120e-01 -2.47836302e-01
      3.01000000 -2.29656048e-01  1.03639956e+00  1.01710679e+00  4.78132624e-01 -1.07193350e+00 -1.19451548e+00  1.03639956e+00 -1.07193350e+00  1.39577285e-01  1.78747954e-01  2.05211525e-02  2.09934690e-02 -2.34217440e-01 -7.01529335e-02  1.78747954e-01 -2.34217440e-01
      3.11000000 -2.15816377e-01  1.05337039e+00  1.01902657e+00  4.80118121e-01 -1.09465945e+00 -1.20075019e+00  1.05337039e+00 -1.09465945e+00  1.37096242e-01  1.60695032e-01  1.84279915e-02  1.87448538e-02 -2.20249354e-01 -5.51604435e-02  1.60695032e-01 -2.20249354e-01
      3.21000000 -2.02259087e-01  1.06854721e+00  1.02089177e+00  4.81889261e-01 -1.11597443e+00 -1.20566751e+00  1.06854721e+00 -1.11597443e+00  1.33945707e-01  1.42901433e-01  1.93152478e-02  1.67266471e-02 -2.06013515e-01 -4.37634365e-02  1.42901433e-01 -2.06013515e-01
      3.31000000 -1.89046726e-01  1.08196603e+00  1.02296570e+00  4.83475318e-01 -1.13585655e+00 -1.20961324e+00  1.08196603e+00 -1.13585655e+00  1.30209756e-01  1.25568337e-01  2.24850668e-02  1.50644528e-02 -1.91610269e-01 -3.56754120e-02  1.25568337e-01 -1.91610269e-01
      3.41000000 -1.76234530e-01  1.09368278e+00  1.02544154e+00  4.84918194e-01 -1.15429472e+00 -1.21290134e+00  1.09368278e+00 -1.15429472e+00  1.25951435e-01  1.08891998e-01  2.72385001e-02  1.38831029e-02 -1.77154311e-01 -3.05484122e-02  1.08891998e-01 -1.77154311e-01
      3.51000000 -1.63872275e-01  1.10377245e+00  1.02844385e+00  4.86271739e-01 -1.17128980e+00 -1.21580861e+00  1.10377245e+00 -1.17128980e+00  1.21217660e-01  9.30555024e-02  3.29071912e-02  1.32950278e-02 -1.62769975e-01 -2.79909338e-02  9.30555024e-02 -1.62769975e-01
      3.61000000 -1.52005657e-01  1.11232734e+00  1.03203304e+00  4.87600026e-01 -1.18685541e+00 -1.21857126e+00  1.11232734e+00 -1.18685541e+00  1.16043894e-01  7.82216791e-02  3.88803197e-02  1.33907906e-02 -1.48586532e-01 -2.75852976e-02  7.82216791e-02 -1.48586532e-01
      3.71000000 -1.40677215e-01  1.11945480e+00  1.03621222e+00  4.88974786e-01 -1.20101813e+00 -1.22138314e+00  1.11945480e+00 -1.20101813e+00  1.10458458e-01  6.45273887e-02  4.46259606e-02  1.42320941e-02 -1.34733675e-01 -2.89039401e-02  6.45273887e-02 -1.34733675e-01
      3.81000000 -1.29926852e-01  1.12527439e+00  1.04093594e+00  4.90472284e-01 -1.21381737e+00 -1.22439542e+00  1.12527439e+00 -1.21381737e+00  1.04486412e-01  5.20793201e-02  4.97063942e-02  1.58473950e-02 -1.21337330e-01 -3.15241824e-02  5.20793201e-02 -1.21337330e-01
      3.91000000 -1.19791985e-01  1.12991471e+00  1.04612006e+00  4.92169884e-01 -1.22530477e+00 -1.22771783e+00  1.12991471e+00 -1.22530477e+00  9.81528935e-02  4.09513485e-02  5.37872672e-02  1.82300928e-02 -1.08515908e-01 -3.50411350e-02  4.09513485e-02 -1.08515908e-01
      4.01000000 -1.10307397e-01  1.13351003e+00  1.05165236e+00  4.94142549e-01 -1.23554332e+00 -1.23142095e+00  1.13351003e+00 -1.23554332e+00  9.14858522e-02  3.11834331e-02  5.66408327e-02  2.13391124e-02 -9.63770783e-02 -3.90785072e-02  3.11834331e-02 -9.63770783e-02
      4.11000000 -1.01504844e-01  1.13619698e+00  1.05740310e+00  4.96459518e-01 -1.24460610e+00 -1.23553953e+00  1.13619698e+00 -1.24460610e+00  8.45181291e-02  2.27819768e-02  5.81437676e-02  2.51015753e-02 -8.50151126e-02 -4.32972005e-02  2.27819768e-02 -8.50151126e-02
      4.21000000 -9.34124976e-02  1.13811116e+00  1.06323514e+00  4.99181326e-01 -1.25257488e+00 -1.24007653e+00  1.13811116e+00 -1.25257488e+00  7.72888366e-02  1.57215220e-02  5.82702772e-02  2.94171708e-02 -7.45088328e-02 -4.74016629e-02  1.57215220e-02 -7.45088328e-02
      4.31000000 -8.60542684e-02  1.13938419e+00  1.06901323e+00  5.02357337e-01 -1.25953847e+00 -1.24500774e+00  1.13938419e+00 -1.25953847e+00  6.98440421e-02  9.94761679e-03  5.70813472e-02  3.41637907e-02 -6.49201714e-02 -5.11440707e-02  9.94761679e-03 -6.49201714e-02
      4.41000000 -7.94491119e-02  1.14014094e+00  1.07461197e+00  5.06023880e-01 -1.26559100e+00 -1.25028662e+00  1.14014094e+00 -1.26559100e+00  6.22367782e-02  5.38064747e-03  5.47110861e-02  3.92039772e-02 -5.62933323e-02 -5.43264718e-02  5.38064747e-03 -5.62933323e-02
      4.51000000 -7.36103544e-02  1.14049723e+00  1.07992241e+00  5.10203054e-01 -1.27083009e+00 -1.25584938e+00  1.14049723e+00 -1.27083009e+00  5.45264418e-02  1.92040801e-03  5.13511280e-02  4.43917535e-02 -4.86545297e-02 -5.68010800e-02  1.92040801e-03 -4.86545297e-02
      4.61000000 -6.85451088e-02  1.14055806e+00  1.08485693e+00  5.14902222e-01 -1.27535514e+00 -1.26161989e+00  1.14055806e+00 -1.27535514e+00  4.67776722e-02 -5.48843447e-04  4.72340422e-02  4.95794503e-02 -4.20122659e-02 -5.84689461e-02 -5.48843447e-04 -4.20122659e-02
      4.71000000 -6.42538248e-02  1.14041630e+00  1.08935253e+00  5.20114167e-01 -1.27926550e+00 -1.26751447e+00  1.14041630e+00 -1.27926550e+00  3.90588220e-02 -2.15309725e-03  4.26166254e-02  5.46241970e-02 -3.63580990e-02 -5.92772519e-02 -2.15309725e-03 -3.63580990e-02
      4.81000000 -6.07300050e-02  1.14015191e+00  1.09337242e+00  5.25817873e-01 -1.28265890e+00 -1.27344630e+00  1.14015191e+00 -1.28265890e+00  3.14401536e-02 -3.02332560e-03  3.77638568e-02  5.93938104e-02 -3.16678409e-02 -5.92154879e-02 -3.02332560e-03 -3.16678409e-02
      4.91000000 -5.79601115e-02  1.13983173e+00  1.09690609e+00  5.31979855e-01 -1.28562993e+00 -1.27932944e+00  1.13983173e+00 -1.28562993e+00  2.39918950e-02 -3.29047076e-03  3.29341746e-02  6.37718760e-02 -2.79031170e-02 -5.83107701e-02 -3.29047076e-03 -2.79031170e-02
      5.01000000 -5.59236667e-02  1.13950970e+00  1.09996802e+00  5.38555953e-01 -1.28826870e+00 -1.28508231e+00  1.13950970e+00 -1.28826870e+00  1.67822881e-02 -3.08089359e-03  2.83666038e-02  6.76618740e-02 -2.50132166e-02 -5.66225457e-02 -3.08089359e-03 -2.50132166e-02
      5.11000000 -5.45935456e-02  1.13922750e+00  1.10259516e+00  5.45493482e-01 -1.29065971e+00 -1.29063067e+00  1.13922750e+00 -1.29065971e+00  9.87574665e-03 -2.51245027e-03  2.42701327e-02  7.09902536e-02 -2.29371554e-02 -5.42369215e-02 -2.51245027e-03 -2.29371554e-02
      5.21000000 -5.39364426e-02  1.13901562e+00  1.10484350e+00  5.52733634e-01 -1.29288096e+00 -1.29590999e+00  1.13901562e+00 -1.29288096e+00  3.33121959e-03 -1.69132129e-03  2.08156000e-02  7.37084018e-02 -2.16058757e-02 -5.12608274e-02 -1.69132129e-03 -2.16058757e-02
      5.31000000 -5.39134882e-02  1.13889457e+00  1.10678397e+00  5.60214032e-01 -1.29500322e+00 -1.30086721e+00  1.13889457e+00 -1.29500322e+00 -2.79916662e-03 -7.09669719e-04  1.81302329e-02  7.57934956e-02 -2.09445087e-02 -4.78162051e-02 -7.09669719e-04 -2.09445087e-02
      5.41000000 -5.44809861e-02  1.13887646e+00  1.10849793e+00  5.67871295e-01 -1.29708958e+00 -1.30546199e+00  1.13887646e+00 -1.29708958e+00 -8.47114484e-03  3.55841865e-04  1.62948495e-02  7.72482615e-02 -2.08746315e-02 -4.40343868e-02  3.55841865e-04 -2.08746315e-02
      5.51000000 -5.55912366e-02  1.13896650e+00  1.11007246e+00  5.75643549e-01 -1.29919521e+00 -1.30966736e+00  1.13896650e+00 -1.29919521e+00 -1.36490045e-02  1.44469132e-03  1.53436293e-02  7.80997054e-02 -2.13164568e-02 -4.00507994e-02  1.44469132e-03 -2.13164568e-02
      5.61000000 -5.71934133e-02  1.13916468e+00  1.11159583e+00  5.83472741e-01 -1.30136729e+00 -1.31346992e+00  1.13916468e+00 -1.30136729e+00 -1.83059554e-02  2.51234987e-03  1.52662487e-02  7.83969140e-02 -2.21908993e-02 -3.60001085e-02  2.51234987e-03 -2.21908993e-02
      5.71000000 -5.92344605e-02  1.13946727e+00  1.11315319e+00  5.91306712e-01 -1.30364525e+00 -1.31686948e+00  1.13946727e+00 -1.30364525e+00 -2.24241837e-02  3.52943818e-03  1.60120878e-02  7.82080603e-02 -2.34214765e-02 -3.20118878e-02  3.52943818e-03 -2.34214765e-02
      5.81000000 -6.16599816e-02  1.13986834e+00  1.11482288e+00  5.99100926e-01 -1.30606105e+00 -1.31987842e+00  1.13986834e+00 -1.30606105e+00 -2.59946371e-02  4.48030191e-03  1.74961380e-02  7.76167846e-02 -2.49360053e-02 -2.82068788e-02  4.48030191e-03 -2.49360053e-02
      5.91000000 -6.44150959e-02  1.14036099e+00  1.11667331e+00  6.06819815e-01 -1.30863970e+00 -1.32252060e+00  1.14036099e+00 -1.30863970e+00 -2.90165882e-02  5.36114109e-03  1.96061823e-02  7.67181419e-02 -2.66680674e-02 -2.46938834e-02  5.36114109e-03 -2.66680674e-02
      6.01000000 -6.74452410e-02  1.14093842e+00  1.11876062e+00  6.14437712e-01 -1.31139992e+00 -1.32483009e+00  1.14093842e+00 -1.31139992e+00 -3.14970236e-02  6.17783616e-03  2.22107874e-02  7.56143267e-02 -2.85582236e-02 -2.15673156e-02  6.17783616e-03 -2.85582236e-02
      6.11000000 -7.06969088e-02  1.14159485e+00  1.12112721e+00  6.21939345e-01 -1.31435488e+00 -1.32684958e+00  1.14159485e+00 -1.31435488e+00 -3.34499094e-02  6.94361472e-03  2.51676361e-02  7.44103919e-02 -3.05549655e-02 -1.89054170e-02  6.94361472e-03 -3.05549655e-02
      6.21000000 -7.41183030e-02  1.14232605e+00  1.12380105e+00  6.29319920e-01 -1.31751303e+00 -1.32862872e+00  1.14232605e+00 -1.31751303e+00 -3.48953754e-02  7.67669530e-03  2.83317454e-02  7.32101675e-02 -3.26153987e-02 -1.67691308e-02  7.67669530e-03 -3.26153987e-02
      6.31000000 -7.76599128e-02  1.14312980e+00  1.12679579e+00  6.36584808e-01 -1.32087895e+00 -1.33022238e+00  1.14312980e+00 -1.32087895e+00 -3.58588578e-02  8.39803137e-03  3.15631565e-02  7.21125704e-02 -3.47056610e-02 -1.52016097e-02  8.39803137e-03 -3.47056610e-02
      6.41000000 -8.12750002e-02  1.14400599e+00  1.13011163e+00  6.43748895e-01 -1.32445432e+00 -1.33168886e+00  1.14400599e+00 -1.32445432e+00 -3.63702298e-02  9.12925968e-03  3.47337403e-02  7.12084614e-02 -3.68010837e-02 -1.42283238e-02  9.12925968e-03 -3.68010837e-02
      6.51000000 -8.49200004e-02  1.14495667e+00  1.13373679e+00  6.50835642e-01 -1.32823881e+00 -1.33308815e+00  1.14495667e+00 -1.32823881e+00 -3.64629432e-02  9.89093522e-03  3.77328421e-02  7.05781724e-02 -3.88861114e-02 -1.38577189e-02  9.89093522e-03 -3.88861114e-02
      6.61000000 -8.85548381e-02  1.14598580e+00  1.13764949e+00  6.57875941e-01 -1.33223096e+00 -1.33448027e+00  1.14598580e+00 -1.33223096e+00 -3.61731996e-02  1.07011106e-02  4.04715721e-02  7.02897784e-02 -4.09540015e-02 -1.40823690e-02  1.07011106e-02 -4.09540015e-02
      6.71000000 -9.21431625e-02  1.14709899e+00  1.14182026e+00  6.64906838e-01 -1.33642908e+00 -1.33592376e+00  1.14709899e+00 -1.33642908e+00 -3.55391605e-02  1.15742933e-02  4.28856394e-02  7.03981489e-02 -4.30063312e-02 -1.48805519e-02  1.15742933e-02 -4.30063312e-02
      6.81000000 -9.56525058e-02  1.14830311e+00  1.14621449e+00  6.71970193e-01 -1.34083201e+00 -1.33747437e+00  1.14830311e+00 -1.34083201e+00 -3.46002049e-02  1.25207909e-02  4.49367152e-02  7.09447681e-02 -4.50523428e-02 -1.62181745e-02  1.25207909e-02 -4.50523428e-02
      6.91000000 -9.90543700e-02  1.14960580e+00  1.15079506e+00  6.79111367e-01 -1.34543987e+00 -1.33918391e+00  1.14960580e+00 -1.34543987e+00 -3.33962398e-02  1.35464317e-02  4.66123921e-02  7.19582745e-02 -4.71081636e-02 -1.80509631e-02  1.35464317e-02 -4.71081636e-02
      7.01000000 -1.02324247e-01  1.15101508e+00  1.15552484e+00  6.86377988e-01 -1.35025470e+00 -1.34109934e+00  1.15101508e+00 -1.35025470e+00 -3.19670646e-02  1.46526320e-02  4.79248738e-02  7.34556409e-02 -4.91959390e-02 -2.03268360e-02  1.46526320e-02 -4.91959390e-02
      7.11000000 -1.05441581e-01  1.15253892e+00  1.16036905e+00  6.93818867e-01 -1.35528103e+00 -1.34326213e+00  1.15253892e+00 -1.35528103e+00 -3.03517946e-02  1.58367637e-02  4.89085860e-02  7.54438909e-02 -5.13429197e-02 -2.29883704e-02  1.58367637e-02 -5.13429197e-02
      7.21000000 -1.08389669e-01  1.15418483e+00  1.16529736e+00  7.01483109e-01 -1.36052630e+00 -1.34570786e+00  1.15418483e+00 -1.36052630e+00 -2.85883424e-02  1.70927667e-02  4.96169391e-02  7.79222343e-02 -5.35805413e-02 -2.59752816e-02  1.70927667e-02 -5.35805413e-02
      7.31000000 -1.11155521e-01  1.15595958e+00  1.17028554e+00  7.09419448e-01 -1.36600131e+00 -1.34846601e+00  1.15595958e+00 -1.36600131e+00 -2.67129631e-02  1.84119444e-02  5.01184913e-02  8.08844966e-02 -5.59435390e-02 -2.92268355e-02  1.84119444e-02 -5.59435390e-02
      7.41000000 -1.13729673e-01  1.15786898e+00  1.17531681e+00  7.17675840e-01 -1.37172043e+00 -1.35156008e+00  1.15786898e+00 -1.37172043e+00 -2.47598612e-02  1.97838769e-02  5.04927726e-02  8.43217207e-02 -5.84691314e-02 -3.26841232e-02  1.97838769e-02 -5.84691314e-02
      7.51000000 -1.16105966e-01  1.15991775e+00  1.18038272e+00  7.26299318e-01 -1.37770186e+00 -1.35500785e+00  1.15991775e+00 -1.37770186e+00 -2.27608639e-02  2.11973877e-02  5.08260199e-02  8.82248259e-02 -6.11963097e-02 -3.62921379e-02  2.11973877e-02 -6.11963097e-02
      7.61000000 -1.18281292e-01  1.16210948e+00  1.18548361e+00  7.35336110e-01 -1.38396775e+00 -1.35882188e+00  1.16210948e+00 -1.38396775e+00 -2.07451611e-02  2.26415053e-02  5.12070519e-02  9.25872264e-02 -6.41652616e-02 -4.00016048e-02  2.26415053e-02 -6.41652616e-02
      7.71000000 -1.20255324e-01  1.16444674e+00  1.19062865e+00  7.44832012e-01 -1.39054433e+00 -1.36301014e+00  1.16444674e+00 -1.39054433e+00 -1.87391112e-02  2.41063681e-02  5.17234893e-02  9.74073240e-02 -6.74169551e-02 -4.37705281e-02  2.41063681e-02 -6.74169551e-02
      7.81000000 -1.22030220e-01  1.16693118e+00  1.19583560e+00  7.54833010e-01 -1.39746195e+00 -1.36757684e+00  1.16693118e+00 -1.39746195e+00 -1.67661129e-02  2.55840272e-02  5.24584839e-02  1.02690816e-01 -7.09929045e-02 -4.75654328e-02  2.55840272e-02 -7.09929045e-02
      7.91000000 -1.23610330e-01  1.16956379e+00  1.20113018e+00  7.65386112e-01 -1.40475512e+00 -1.37252328e+00  1.16956379e+00 -1.40475512e+00 -1.48465403e-02  2.70691181e-02  5.34880862e-02  1.08452780e-01 -7.49351341e-02 -5.13622937e-02  2.70691181e-02 -7.49351341e-02
      8.01000000 -1.25001890e-01  1.17234517e+00  1.20654528e+00  7.76540378e-01 -1.41246261e+00 -1.37784889e+00  1.17234517e+00 -1.41246261e+00 -1.29977371e-02  2.85593765e-02  5.48793357e-02  1.14719509e-01 -7.92863528e-02 -5.51471551e-02  2.85593765e-02 -7.92863528e-02
      8.11000000 -1.26212719e-01  1.17527587e+00  1.21212001e+00  7.88348127e-01 -1.42062748e+00 -1.38355219e+00  1.17527587e+00 -1.42062748e+00 -1.12340648e-02  3.00559895e-02  5.66891218e-02  1.21530119e-01 -8.40903474e-02 -5.89164602e-02  3.00559895e-02 -8.40903474e-02
      8.21000000 -1.27251926e-01  1.17835673e+00  1.21789861e+00  8.00866291e-01 -1.42929728e+00 -1.38963188e+00  1.17835673e+00 -1.42929728e+00 -9.56699915e-03  3.15637819e-02  5.89638202e-02  1.28937936e-01 -8.93926020e-02 -6.26771166e-02  3.15637819e-02 -8.93926020e-02
      8.31000000 -1.28129632e-01  1.18158928e+00  1.22392949e+00  8.14157895e-01 -1.43852421e+00 -1.39608788e+00  1.18158928e+00 -1.43852421e+00 -8.00526604e-03  3.30912474e-02  6.17396805e-02  1.37011717e-01 -9.52411453e-02 -6.64463360e-02  3.30912474e-02 -9.52411453e-02
      8.41000000 -1.28856698e-01  1.18497604e+00  1.23026417e+00  8.28293658e-01 -1.44836544e+00 -1.40292233e+00  1.18497604e+00 -1.44836544e+00 -6.55500987e-03  3.46504422e-02  6.50439073e-02  1.45836772e-01 -1.01687630e-01 -7.02512935e-02  3.46504422e-02 -1.01687630e-01
      8.51000000 -1.29444478e-01  1.18852093e+00  1.23695655e+00  8.43353702e-01 -1.45888355e+00 -1.41014055e+00  1.18852093e+00 -1.45888355e+00 -5.21998521e-03  3.62567668e-02  6.88963567e-02  1.55516046e-01 -1.08788648e-01 -7.41286558e-02  3.62567668e-02 -1.08788648e-01
      8.61000000 -1.29904591e-01  1.19222957e+00  1.24406221e+00  8.59429376e-01 -1.47014708e+00 -1.41775198e+00  1.19222957e+00 -1.47014708e+00 -4.00176326e-03  3.79286643e-02  7.33117509e-02  1.66171269e-01 -1.16607276e-01 -7.81240328e-02  3.79286643e-02 -1.16607276e-01
      8.71000000 -1.30248713e-01  1.19610955e+00  1.25163807e+00  8.76625191e-01 -1.48223129e+00 -1.42577108e+00  1.19610955e+00 -1.48223129e+00 -2.89994436e-03  3.96872697e-02  7.83023074e-02  1.77944254e-01 -1.25214874e-01 -8.22914091e-02  3.96872697e-02 -1.25214874e-01
      8.81000000 -1.30488389e-01  1.20017070e+00  1.25974226e+00  8.95060908e-01 -1.49521906e+00 -1.43421805e+00  1.20017070e+00 -1.49521906e+00 -1.91236844e-03  4.15560430e-02  8.38806724e-02  1.90998454e-01 -1.34693116e-01 -8.66926111e-02  4.15560430e-02 -1.34693116e-01
      8.91000000 -1.30634872e-01  1.20442528e+00  1.26843433e+00  9.14873793e-01 -1.50920206e+00 -1.44311969e+00  1.20442528e+00 -1.50920206e+00 -1.03531533e-03  4.35604222e-02  9.00630547e-02  2.05520857e-01 -1.45136288e-01 -9.13968649e-02  4.35604222e-02 -1.45136288e-01
      9.01000000 -1.30698968e-01  1.20888820e+00  1.27777576e+00  9.36221083e-01 -1.52428211e+00 -1.45251006e+00  1.20888820e+00 -1.52428211e+00 -2.63687318e-04  4.57275273e-02  9.68724657e-02  2.21724321e-01 -1.56653828e-01 -9.64804993e-02  4.57275273e-02 -1.56653828e-01
      9.11000000 -1.30690914e-01  1.21357716e+00  1.28783081e+00  9.59282709e-01 -1.54057286e+00 -1.46243121e+00  1.21357716e+00 -1.54057286e+00  4.08833342e-04  4.80859470e-02  1.04341983e-01  2.39850389e-01 -1.69373129e-01 -1.02026842e-01  4.80859470e-02 -1.69373129e-01
      9.21000000 -1.30620259e-01  1.21851277e+00  1.29866769e+00  9.84264326e-01 -1.55820172e+00 -1.47293386e+00  1.21851277e+00 -1.55820172e+00  9.89659431e-04  5.06656333e-02  1.12517977e-01  2.60172620e-01 -1.83442583e-01 -1.08126357e-01  5.06656333e-02 -1.83442583e-01
      9.31000000 -1.30495759e-01  1.22371871e+00  1.31036003e+00  1.01140071e+00 -1.57731211e+00 -1.48407818e+00  1.22371871e+00 -1.57731211e+00  1.48721402e-03  5.34979268e-02  1.21463247e-01  2.83000377e-01 -1.99034814e-01 -1.14877063e-01  5.34979268e-02 -1.99034814e-01
      9.41000000 -1.30325280e-01  1.22922187e+00  1.32298870e+00  1.04095951e+00 -1.59806608e+00 -1.49593451e+00  1.22922187e+00 -1.59806608e+00  1.91089454e-03  5.66157313e-02  1.31260053e-01  3.08682925e-01 -2.16350035e-01 -1.22385266e-01  5.66157313e-02 -2.16350035e-01
      9.51000000 -1.30115697e-01  1.23505253e+00  1.33664388e+00  1.07324551e+00 -1.62064721e+00 -1.50858432e+00  1.23505253e+00 -1.62064721e+00  2.27109554e-03  6.00538480e-02  1.42013005e-01  3.37613525e-01 -2.35619344e-01 -1.30766634e-01  6.00538480e-02 -2.35619344e-01
      9.61000000 -1.29872795e-01  1.24124455e+00  1.35142746e+00  1.10860512e+00 -1.64526387e+00 -1.52212115e+00  1.24124455e+00 -1.64526387e+00  2.57930235e-03  6.38494804e-02  1.53851808e-01  3.70232937e-01 -2.57107690e-01 -1.40147629e-01  6.38494804e-02 -2.57107690e-01
      9.71000000 -1.29601147e-01  1.24783568e+00  1.36745565e+00  1.14743134e+00 -1.67215271e+00 -1.53665179e+00  1.24783568e+00 -1.67215271e+00  2.84827077e-03  6.80429102e-02  1.66933813e-01  4.07031400e-01 -2.81116008e-01 -1.50667288e-01  6.80429102e-02 -2.81116008e-01
      9.81000000 -1.29303974e-01  1.25486786e+00  1.38486187e+00  1.19016861e+00 -1.70158228e+00 -1.55229767e+00  1.25486786e+00 -1.70158228e+00  3.09231214e-03  7.26783438e-02  1.81446309e-01  4.48547523e-01 -3.07981753e-01 -1.62479326e-01  7.26783438e-02 -3.07981753e-01
      9.91000000 -1.28982975e-01  1.26238771e+00  1.40379986e+00  1.23731742e+00 -1.73385666e+00 -1.56919640e+00  1.26238771e+00 -1.73385666e+00  3.32770896e-03  7.78049206e-02  1.97608371e-01  4.95361729e-01 -3.38076574e-01 -1.75754501e-01  7.78049206e-02 -3.38076574e-01
     10.01000000 -1.28638096e-01  1.27044705e+00  1.42444690e+00  1.28943778e+00 -1.76931851e+00 -1.58750366e+00  1.27044705e+00 -1.76931851e+00  3.57329365e-03  8.34778660e-02  2.15671972e-01  5.48080616e-01 -3.71799263e-01 -1.90683088e-01  8.34778660e-02 -3.71799263e-01
     10.11000000 -1.28267243e-01  1.27910357e+00  1.44700710e+00  1.34715051e+00 -1.80835117e+00 -1.60739518e+00  1.27910357e+00 -1.80835117e+00  3.85123257e-03  8.97597630e-02  2.35921820e-01  6.07307010e-01 -4.09561159e-01 -2.07477271e-01  8.97597630e-02 -4.09561159e-01
     10.21000000 -1.27865893e-01  1.28842167e+00  1.47171461e+00  1.41113449e+00 -1.85137870e+00 -1.62906914e+00  1.28842167e+00 -1.85137870e+00  4.18806967e-03  9.67218973e-02  2.58673037e-01  6.73588292e-01 -4.51760056e-01 -2.26373081e-01  9.67218973e-02 -4.51760056e-01
     10.31000000 -1.27426597e-01  1.29847333e+00  1.49883639e+00  1.48211725e+00 -1.89886259e+00 -1.65274852e+00  1.29847333e+00 -1.89886259e+00  4.61609894e-03  1.04445607e-01  2.84265372e-01  7.47333218e-01 -4.98737278e-01 -2.47631348e-01  1.04445607e-01 -4.98737278e-01
     10.41000000 -1.26938317e-01  1.30933925e+00  1.52867417e+00  1.56085520e+00 -1.95129296e+00 -1.67868363e+00  1.30933925e+00 -1.95129296e+00  5.17515234e-03  1.13023530e-01  3.13052003e-01  8.28685288e-01 -5.50711301e-01 -2.71536902e-01  1.13023530e-01 -5.50711301e-01
     10.51000000 -1.26385558e-01  1.32110999e+00  1.56156489e+00  1.64809850e+00 -2.00917175e+00 -1.70715430e+00  1.32110999e+00 -2.00917175e+00  5.91490902e-03  1.22560587e-01  3.45380325e-01  9.17340274e-01 -6.07680874e-01 -2.98394933e-01  1.22560587e-01 -6.07680874e-01
     10.61000000 -1.25747247e-01  1.33388725e+00  1.59787875e+00  1.74453450e+00 -2.07298444e+00 -1.73847162e+00  1.33388725e+00 -2.07298444e+00  6.89785070e-03  1.33174463e-01  3.81561557e-01  1.01229947e+00 -6.69292325e-01 -3.28523158e-01  1.33174463e-01 -6.69292325e-01
     10.71000000 -1.24995270e-01  1.34778510e+00  1.63801346e+00  1.85070336e+00 -2.14315662e+00 -1.77297852e+00  1.34778510e+00 -2.14315662e+00  8.20300211e-03  1.44995261e-01  4.21825923e-01  1.11156286e+00 -7.34672050e-01 -3.62238210e-01  1.44995261e-01 -7.34672050e-01
     10.81000000 -1.24092595e-01  1.36293122e+00  1.68238321e+00  1.96688114e+00 -2.21999274e+00 -1.81104870e+00  1.36293122e+00 -2.21999274e+00  9.93059842e-03  1.58163883e-01  4.66261252e-01  1.21179326e+00 -8.02239038e-01 -3.99834800e-01  1.58163883e-01 -8.02239038e-01
     10.91000000 -1.22990868e-01  1.37946775e+00  1.73140070e+00  2.09293077e+00 -2.30359650e+00 -1.85308309e+00  1.37946775e+00 -2.30359650e+00  1.22078010e-02  1.72828609e-01  5.14736105e-01  1.30802729e+00 -8.69535757e-01 -4.41556901e-01  1.72828609e-01 -8.69535757e-01
     11.01000000 -1.21627397e-01  1.39755181e+00  1.78545098e+00  2.22813181e+00 -2.39377802e+00 -1.89950298e+00  1.39755181e+00 -2.39377802e+00  1.51955277e-02  1.89139316e-01  5.66814752e-01  1.39356614e+00 -9.33146574e-01 -4.87561909e-01  1.89139316e-01 -9.33146574e-01
     11.11000000 -1.19921382e-01  1.41735526e+00  1.84485703e+00  2.37101552e+00 -2.48996110e+00 -1.95073947e+00  1.41735526e+00 -2.48996110e+00  1.90963568e-02  2.07238874e-01  6.21680317e-01  1.46022408e+00 -9.88798482e-01 -5.37881542e-01  2.07238874e-01 -9.88798482e-01
     11.21000000 -1.17769321e-01  1.43906339e+00  1.90983903e+00  2.51924982e+00 -2.59111365e+00 -2.00721902e+00  1.43906339e+00 -2.59111365e+00  2.41633025e-02  2.27251605e-01  6.78091426e-01  1.49909628e+00 -1.03173376e+00 -5.92386693e-01  2.27251605e-01 -1.03173376e+00
     11.31000000 -1.15039504e-01  1.46287246e+00  1.98047227e+00  2.66962917e+00 -2.69573035e+00 -2.06934616e+00  1.46287246e+00 -2.69573035e+00  3.07090470e-02  2.49269312e-01  7.34400685e-01  1.50187569e+00 -1.05737895e+00 -6.50766138e-01  2.49269312e-01 -1.05737895e+00
     11.41000000 -1.11565591e-01  1.48898563e+00  2.05665075e+00  2.81821548e+00 -2.80189337e+00 -2.13748518e+00  1.48898563e+00 -2.80189337e+00  3.91149878e-02  2.73336213e-01  7.88652787e-01  1.46249826e+00 -1.06220497e+00 -7.12528524e-01  2.73336213e-01 -1.06220497e+00
     11.51000000 -1.07139322e-01  1.51760752e+00  2.13806438e+00  2.96064077e+00 -2.90741876e+00 -2.21194333e+00  1.51760752e+00 -2.90741876e+00  4.98392541e-02  2.99434972e-01  8.38753559e-01  1.37863434e+00 -1.04453269e+00 -7.77031721e-01  2.99434972e-01 -1.04453269e+00
     11.61000000 -1.01502529e-01  1.54893747e+00  2.22419499e+00  3.09252742e+00 -3.01006830e+00 -2.29295821e+00  1.54893747e+00 -3.01006830e+00  6.34227084e-02  3.27476408e-01  8.82667911e-01  1.25246829e+00 -1.00498882e+00 -8.43534072e-01  3.27476408e-01 -1.00498882e+00
     11.71000000 -9.43386848e-02  1.58316212e+00  2.31433101e+00  3.20993563e+00 -3.10778076e+00 -2.38069068e+00  1.58316212e+00 -3.10778076e+00  8.04918485e-02  3.57295157e-01  9.18584105e-01  1.09044282e+00 -9.46428213e-01 -9.11252661e-01  3.57295157e-01 -9.46428213e-01
     11.81000000 -8.52643664e-02  1.62044785e+00  2.40759452e+00  3.30973669e+00 -3.19886961e+00 -2.47522333e+00  1.62044785e+00 -3.19886961e+00  1.01757376e-01  3.88652324e-01  9.44991061e-01  9.02087490e-01 -8.73365272e-01 -9.79410030e-01  3.88652324e-01 -8.73365272e-01
     11.91000000 -7.38211478e-02  1.66093381e+00  2.50297086e+00  3.38984260e+00 -3.28214884e+00 -2.57656226e+00  1.66093381e+00 -3.28214884e+00  1.28006846e-01  4.21244512e-01  9.60653342e-01  6.98414046e-01 -7.91153904e-01 -1.04725545e+00  4.21244512e-01 -7.91153904e-01
     12.01000000 -5.94686096e-02  1.70472614e+00  2.59933176e+00  3.44927692e+00 -3.35697636e+00 -2.68463965e+00  1.70472614e+00 -3.35697636e+00  1.60089149e-01  4.54717081e-01  9.64515234e-01  4.90426285e-01 -7.05203700e-01 -1.11405743e+00  4.54717081e-01 -7.05203700e-01
     12.11000000 -4.15794417e-02  1.75189356e+00  2.69544788e+00  3.48811779e+00 -3.42322951e+00 -2.79931431e+00  1.75189356e+00 -3.42322951e+00  1.98887543e-01  4.88678650e-01  9.55596979e-01  2.88082299e-01 -6.20424724e-01 -1.17907467e+00  4.88678650e-01 -6.20424724e-01
     12.21000000 -1.94379945e-02  1.80246434e+00  2.78999346e+00  3.50736268e+00 -3.48123897e+00 -2.92036889e+00  1.80246434e+00 -3.48123897e+00  2.45276820e-01  5.22713914e-01  9.32950236e-01  9.97578996e-02 -5.40947239e-01 -1.24151831e+00  5.22713914e-01 -5.40947239e-01
     12.31000000  7.75586817e-03  1.85642446e+00  2.88155145e+00  3.50875910e+00 -3.53170604e+00 -3.04750327e+00  1.85642446e+00 -3.53170604e+00  3.00059144e-01  5.56392549e-01  8.95717541e-01 -6.79337261e-02 -4.70055350e-01 -1.30051736e+00  5.56392549e-01 -4.70055350e-01
     12.41000000  4.08751975e-02  1.91371626e+00  2.96863031e+00  3.49462683e+00 -3.57561989e+00 -3.18032507e+00  1.91371626e+00 -3.57561989e+00  3.63872958e-01  5.89272862e-01  8.43301821e-01 -2.10157062e-01 -4.10234963e-01 -1.35509351e+00  5.89272862e-01 -4.10234963e-01
     12.51000000  8.08437406e-02  1.97423728e+00  3.04970176e+00  3.46768110e+00 -3.61418162e+00 -3.31833792e+00  1.97423728e+00 -3.61418162e+00  4.37070634e-01  6.20899747e-01  7.75609832e-01 -3.23836398e-01 -3.63250207e-01 -1.40414315e+00  6.20899747e-01 -3.63250207e-01
     12.61000000  1.28599885e-01  2.03783860e+00  3.12326402e+00  3.43085716e+00 -3.64873510e+00 -3.46092806e+00  2.03783860e+00 -3.64873510e+00  5.19564556e-01  6.50797302e-01  6.93301773e-01 -4.07645188e-01 -3.30198925e-01 -1.44641789e+00  6.50797302e-01 -3.30198925e-01
     12.71000000  1.85043894e-01  2.10432221e+00  3.18792690e+00  3.38713660e+00 -3.68070169e+00 -3.60734843e+00  2.10432221e+00 -3.68070169e+00  6.10648932e-01  6.78457436e-01  5.97970743e-01 -4.61971716e-01 -3.11534796e-01 -1.48049324e+00  6.78457436e-01 -3.11534796e-01
     12.81000000  2.50966864e-01  2.17343713e+00  3.24250900e+00  3.33938078e+00 -3.71151607e+00 -3.75669877e+00  2.17343713e+00 -3.71151607e+00  7.08817028e-01  7.03327185e-01  4.92194969e-01 -4.88805450e-01 -3.07069941e-01 -1.50472104e+00  7.03327185e-01 -3.07069941e-01
     12.91000000  3.26962617e-01  2.24487445e+00  3.28613266e+00  3.29018106e+00 -3.74256231e+00 -3.90790062e+00  2.24487445e+00 -3.74256231e+00  8.11610131e-01  7.24799134e-01  3.79445071e-01 -4.91507499e-01 -3.15983969e-01 -1.51717803e+00  7.24799134e-01 -3.15983969e-01
     13.01000000  4.13328257e-01  2.31826167e+00  3.31830340e+00  3.24173796e+00 -3.77511231e+00 -4.05966833e+00  2.31826167e+00 -3.77511231e+00  9.15552314e-01  7.42210835e-01  2.63869847e-01 -4.74469726e-01 -3.36864412e-01 -1.51564528e+00  7.42210835e-01 -3.36864412e-01
     13.11000000  5.09965199e-01  2.39315786e+00  3.33896368e+00  3.19577826e+00 -3.81027056e+00 -4.21048174e+00  2.39315786e+00 -3.81027056e+00  1.01623580e+00  7.54859510e-01  1.50008663e-01 -4.42703968e-01 -3.67793278e-01 -1.49767296e+00  7.54859510e-01 -3.67793278e-01
     13.21000000  6.16298692e-01  2.46905113e+00  3.34851644e+00  3.15351428e+00 -3.84892981e+00 -4.35857207e+00  2.46905113e+00 -3.84892981e+00  1.10861256e+00  7.62036755e-01  4.24792262e-02 -4.01418377e-01 -4.06480454e-01 -1.46078601e+00  7.62036755e-01 -4.06480454e-01
     13.31000000  7.31237668e-01  2.54536074e+00  3.34781755e+00  3.11564407e+00 -3.89174214e+00 -4.50193649e+00  2.54536074e+00 -3.89174214e+00  1.18750604e+00  7.63084145e-01 -5.43266911e-02 -3.55630919e-01 -4.50431695e-01 -1.40285333e+00  7.63084145e-01 -4.50431695e-01
     13.41000000  8.53194613e-01  2.62144553e+00  3.33813886e+00  3.08238701e+00 -3.93910755e+00 -4.63839643e+00  2.62144553e+00 -3.93910755e+00  1.24828263e+00  7.57465116e-01 -1.36525658e-01 -3.09850609e-01 -4.97130126e-01 -1.32257635e+00  7.57465116e-01 -4.97130126e-01
     13.51000000  9.80174875e-01  2.69662002e+00  3.32110440e+00  3.05354734e+00 -3.99118044e+00 -4.76570578e+00  2.69662002e+00 -3.99118044e+00  1.28753919e+00  7.44842798e-01 -2.00998005e-01 -2.67837864e-01 -5.44206476e-01 -1.21997596e+00  7.44842798e-01 -5.44206476e-01
     13.61000000  1.10992763e+00  2.77017804e+00  3.29860264e+00  3.02859770e+00 -4.04789149e+00 -4.88170106e+00  2.77017804e+00 -4.04789149e+00  1.30361702e+00  7.25149662e-01 -2.45607279e-01 -2.32443851e-01 -5.89574653e-01 -1.09671591e+00  7.25149662e-01 -5.89574653e-01
     13.71000000  1.24013265e+00  2.84142218e+00  3.27267940e+00  3.00677492e+00 -4.10898068e+00 -4.98446998e+00  2.84142218e+00 -4.10898068e+00  1.29678489e+00  6.98634506e-01 -2.69364175e-01 -2.05525462e-01 -6.31515363e-01 -9.56133544e-01  6.98634506e-01 -6.31515363e-01
     13.81000000  1.36858619e+00  2.90969648e+00  3.24541826e+00  2.98718067e+00 -4.17403564e+00 -5.07250680e+00  2.90969648e+00 -4.17403564e+00  1.26904203e+00  6.65875861e-01 -2.72508183e-01 -1.87933352e-01 -6.68700504e-01 -8.02951206e-01  6.65875861e-01 -6.68700504e-01
     13.91000000  1.49335121e+00  2.97441842e+00  3.21881791e+00  2.96887969e+00 -4.24252970e+00 -5.14482626e+00  2.97441842e+00 -4.24252970e+00  1.22362414e+00  6.27757534e-01 -2.56484059e-01 -1.79570344e-01 -7.00162929e-01 -6.42758953e-01  6.27757534e-01 -7.00162929e-01
     14.01000000  1.61285018e+00  3.03510682e+00  3.19467752e+00  2.95098899e+00 -4.31385472e+00 -5.20102088e+00  3.03510682e+00 -4.31385472e+00  1.16438171e+00  5.85409631e-01 -2.23805949e-01 -1.79513966e-01 -7.25227047e-01 -4.81426965e-01  5.85409631e-01 -7.25227047e-01
     14.11000000  1.72589682e+00  3.09140238e+00  3.17450079e+00  2.93275197e+00 -4.38734601e+00 -5.24126231e+00  3.09140238e+00 -4.38734601e+00  1.09520386e+00  5.40124943e-01 -1.77823742e-01 -1.86190658e-01 -7.43422526e-01 -3.24594298e-01  5.40124943e-01 -7.43422526e-01
     14.21000000  1.83167749e+00  3.14307930e+00  3.15942690e+00  2.91359341e+00 -4.46229870e+00 -5.26625901e+00  3.14307930e+00 -4.46229870e+00  1.01960138e+00  4.93264257e-01 -1.22424695e-01 -1.97583121e-01 -7.54404508e-01 -1.77313062e-01  4.93264257e-01 -7.54404508e-01
     14.31000000  1.92970064e+00  3.19004737e+00  3.15019286e+00  2.89315288e+00 -4.53797730e+00 -5.27718653e+00  3.19004737e+00 -4.53797730e+00  9.40482875e-01  4.46164232e-01 -6.17120912e-02 -2.11449222e-01 -7.57899557e-01 -4.38509118e-02  4.46164232e-01 -7.57899557e-01
     14.41000000  2.01973253e+00  3.23234547e+00  3.14712741e+00  2.87129655e+00 -4.61362166e+00 -5.27560411e+00  3.23234547e+00 -4.61362166e+00  8.60097704e-01  4.00058475e-01  3.00062135e-04 -2.25531771e-01 -7.53688265e-01  7.23935832e-02  4.00058475e-01 -7.53688265e-01
     14.51000000  2.10173335e+00  3.27012813e+00  3.15017343e+00  2.84810928e+00 -4.68845309e+00 -5.26336614e+00  3.27012813e+00 -4.68845309e+00  7.80091181e-01  3.56017872e-01  5.99475893e-02 -2.37742443e-01 -7.41625311e-01  1.68918551e-01  3.56017872e-01 -7.41625311e-01
     14.61000000  2.17580223e+00  3.30364711e+00  3.15893351e+00  2.82387002e+00 -4.76168403e+00 -5.24253192e+00  3.30364711e+00 -4.76168403e+00  7.01616453e-01  3.14911658e-01  1.14115857e-01 -2.46308290e-01 -7.21687862e-01  2.44128387e-01  3.14911658e-01 -7.21687862e-01
     14.71000000  2.24213421e+00  3.33323012e+00  3.17273206e+00  2.79901482e+00 -4.83253325e+00 -5.21527482e+00  3.33323012e+00 -4.83253325e+00  6.25460289e-01  2.77387511e-01  1.60373008e-01 -2.49874140e-01 -6.94035824e-01  2.97337467e-01  2.77387511e-01 -6.94035824e-01
     14.81000000  2.30098954e+00  3.35925832e+00  3.19068753e+00  2.77409179e+00 -4.90024692e+00 -5.18379165e+00  3.35925832e+00 -4.90024692e+00  5.52156391e-01  2.43867340e-01  1.97038001e-01 -2.47558323e-01 -6.59064514e-01  3.28758278e-01  2.43867340e-01 -6.59064514e-01
     14.91000000  2.35267298e+00  3.38214408e+00  3.21178838e+00  2.74971298e+00 -4.96412385e+00 -5.15021481e+00  3.38214408e+00 -4.96412385e+00  4.82073965e-01  2.14555300e-01  2.23188734e-01 -2.38962783e-01 -6.17432772e-01  3.39455028e-01  2.14555300e-01 -6.17432772e-01
     15.01000000  2.39752066e+00  3.40230997e+00  3.23496719e+00  2.72650717e+00 -5.02354176e+00 -5.11653145e+00  3.40230997e+00 -5.02354176e+00  4.15479115e-01  1.89455078e-01  2.38618196e-01 -2.24142292e-01 -5.70056702e-01  3.31248230e-01  1.89455078e-01 -5.70056702e-01
     15.11000000  2.43589179e+00  3.42016990e+00  3.25916816e+00  2.70507756e+00 -5.07798129e+00 -5.08451473e+00  3.42016990e+00 -5.07798129e+00  3.52572381e-01  1.68394210e-01  2.43748938e-01 -2.03540944e-01 -5.18068827e-01  3.06568858e-01  1.68394210e-01 -5.18068827e-01
     15.21000000  2.46816326e+00  3.43611295e+00  3.28340451e+00  2.68596697e+00 -5.12704445e+00 -5.05567173e+00  3.43611295e+00 -5.12704445e+00  2.93508288e-01  1.51053613e-01  2.39518207e-01 -1.77906921e-01 -4.62751095e-01  2.68275390e-01  1.51053613e-01 -4.62751095e-01
     15.31000000  2.49472545e+00  3.45049030e+00  3.30680352e+00  2.66963214e+00 -5.17046559e+00 -5.03121054e+00  3.45049030e+00 -5.17046559e+00  2.38403117e-01  1.37000675e-01  2.27247300e-01 -1.48197772e-01 -4.05455359e-01  2.19456723e-01  1.37000675e-01 -4.05455359e-01
     15.41000000  2.51597854e+00  3.46360568e+00  3.32863823e+00  2.65642748e+00 -5.20811447e+00 -5.01202667e+00  3.46360568e+00 -5.20811447e+00  1.87336251e-01  1.25724182e-01  2.08508353e-01 -1.15487755e-01 -3.47525478e-01  1.63245743e-01  1.25724182e-01 -3.47525478e-01
     15.51000000  2.53232873e+00  3.47570920e+00  3.34834618e+00  2.64659760e+00 -5.23999203e+00 -4.99870686e+00  3.47570920e+00 -5.23999203e+00  1.40348973e-01  1.16669270e-01  1.84999682e-01 -8.08862606e-02 -2.90231909e-01  1.02662883e-01  1.16669270e-01 -2.90231909e-01
     15.61000000  2.54418443e+00  3.48699472e+00  3.36553646e+00  2.64027721e+00 -5.26622055e+00 -4.99154643e+00  3.48699472e+00 -5.26622055e+00  9.74431822e-02  1.09270643e-01  1.58437497e-01 -4.54727484e-02 -2.34724490e-01  4.04997635e-02  1.09270643e-01 -2.34724490e-01
     15.71000000  2.55195221e+00  3.49760029e+00  3.37998692e+00  2.63749658e+00 -5.28703001e+00 -4.99057628e+00  3.49760029e+00 -5.28703001e+00  5.85812541e-02  1.02982467e-01  1.30467993e-01 -1.02498568e-02 -1.82003998e-01 -2.07563279e-02  1.02982467e-01 -1.82003998e-01
     15.81000000  2.55603299e+00  3.50761146e+00  3.39163366e+00  2.63819089e+00 -5.30274240e+00 -4.99559565e+00  3.50761146e+00 -5.30274240e+00  2.36874537e-02  9.73037455e-02  1.02600444e-01  2.38867096e-02 -1.32909481e-01 -7.89631353e-02  9.73037455e-02 -1.32909481e-01
     15.91000000  2.55681830e+00  3.51706673e+00  3.40055481e+00  2.64221183e+00 -5.31375547e+00 -5.00620747e+00  3.51706673e+00 -5.31375547e+00 -7.34922825e-03  9.17983499e-02  7.61595216e-02  5.61648376e-02 -8.81165964e-02 -1.32338638e-01  9.17983499e-02 -8.81165964e-02
     16.01000000  2.55468700e+00  3.52596491e+00  3.40695034e+00  2.64934038e+00 -5.32052650e+00 -5.02185452e+00  3.52596491e+00 -5.32052650e+00 -3.46711791e-02  8.61093450e-02  5.22537762e-02  8.59432345e-02 -4.81421641e-02 -1.79460193e-01  8.61093450e-02 -4.81421641e-02
     16.11000000  2.55000228e+00  3.53427341e+00  3.41111947e+00  2.65930004e+00 -5.32355684e+00 -5.04185491e+00  3.53427341e+00 -5.32355684e+00 -5.84476549e-02  7.99675973e-02  3.17570187e-02  1.12712971e-01 -1.33512081e-02 -2.19255113e-01  7.99675973e-02 -1.33512081e-02
     16.21000000  2.54310929e+00  3.54193730e+00  3.41343666e+00  2.67176995e+00 -5.32337703e+00 -5.06543643e+00  3.54193730e+00 -5.32337703e+00 -7.88700617e-02  7.31949669e-02  1.52998346e-02  1.36096146e-01  1.60357148e-02 -2.50987282e-01  7.31949669e-02  1.60357148e-02
     16.31000000  2.53433312e+00  3.54888832e+00  3.41432725e+00  2.68639793e+00 -5.32053275e+00 -5.09176944e+00  3.54888832e+00 -5.32053275e+00 -9.61473339e-02  6.57026063e-02  3.26930107e-03  1.55843309e-01  3.99355796e-02 -2.74241648e-01  6.57026063e-02  3.99355796e-02
     16.41000000  2.52397726e+00  3.55505356e+00  3.41424334e+00  2.70281313e+00 -5.31557137e+00 -5.11999812e+00  3.55505356e+00 -5.31557137e+00 -1.10501585e-01  5.74850532e-02 -4.18417263e-03  1.71830143e-01  5.83958988e-02 -2.88906290e-01  5.74850532e-02  5.83958988e-02
     16.51000000  2.51232253e+00  3.56036337e+00  3.41364079e+00  2.72063837e+00 -5.30902935e+00 -5.14926973e+00  3.56036337e+00 -5.30902935e+00 -1.22164079e-01  4.86109093e-02 -7.13332328e-03  1.84053058e-01  7.15866068e-02 -2.95150688e-01  4.86109093e-02  7.15866068e-02
     16.61000000  2.49962629e+00  3.56475816e+00  3.41295782e+00  2.73950186e+00 -5.30142042e+00 -5.17876146e+00  3.56475816e+00 -5.30142042e+00 -1.31371466e-01  3.92109594e-02 -5.85398582e-03  1.92622889e-01  7.97896951e-02 -2.93398746e-01  3.92109594e-02  7.97896951e-02
     16.71000000  2.48612212e+00  3.56819398e+00  3.41259602e+00  2.75904828e+00 -5.29322506e+00 -5.20770425e+00  3.56819398e+00 -5.29322506e+00 -1.38362169e-01  2.94645952e-02 -7.98722472e-04  1.97755819e-01  8.33858272e-02 -2.84295773e-01  2.94645952e-02  8.33858272e-02
     16.81000000  2.47201985e+00  3.57064663e+00  3.41290416e+00  2.77894867e+00 -5.28488146e+00 -5.23540303e+00  3.57064663e+00 -5.28488146e+00 -1.43372795e-01  1.95853795e-02  7.43534239e-03  1.99760906e-01  8.28377751e-02 -2.68669763e-01  1.95853795e-02  8.28377751e-02
     16.91000000  2.45750585e+00  3.57211439e+00  3.41416563e+00  2.79890900e+00 -5.27677817e+00 -5.26125292e+00  3.57211439e+00 -5.27677817e+00 -1.46634496e-01  9.80651516e-03  1.81434788e-02  1.99024070e-01  7.86711667e-02 -2.47488416e-01  9.80651516e-03  7.86711667e-02
     17.01000000  2.44274383e+00  3.57261925e+00  3.41658962e+00  2.81867684e+00 -5.26924895e+00 -5.28475089e+00  3.57261925e+00 -5.26924895e+00 -1.48369262e-01  3.66881527e-04  3.05536044e-02  1.95988960e-01  7.14535485e-02 -2.21814162e-01  3.66881527e-04  7.14535485e-02
     17.11000000  2.42787591e+00  3.57220682e+00  3.42030647e+00  2.83804616e+00 -5.26256956e+00 -5.30550307e+00  3.57220682e+00 -5.26256956e+00 -1.48786252e-01 -8.50181615e-03  4.38679433e-02  1.91135614e-01  6.17730441e-02 -1.92759762e-01 -8.50181615e-03  6.17730441e-02
     17.21000000  2.41302406e+00  3.57094506e+00  3.42536720e+00  2.85685983e+00 -5.25695681e+00 -5.32322759e+00  3.57094506e+00 -5.25695681e+00 -1.48078317e-01 -1.65863610e-02  5.73039760e-02  1.84958166e-01  5.02178936e-02 -1.61446891e-01 -1.65863610e-02  5.02178936e-02
     17.31000000  2.39829193e+00  3.56892190e+00  3.43174692e+00  2.87500991e+00 -5.25256944e+00 -5.33775369e+00  3.56892190e+00 -5.25256944e+00 -1.46418951e-01 -2.37014920e-02  7.01325430e-02  1.77943024e-01  3.73579507e-02 -1.28969533e-01 -2.37014920e-02  3.73579507e-02
     17.41000000  2.38376690e+00  3.56624211e+00  3.43935192e+00  2.89243586e+00 -5.24951080e+00 -5.34901730e+00  3.56624211e+00 -5.24951080e+00 -1.43959924e-01 -2.96973116e-02  8.17111382e-02  1.70548905e-01  2.37288716e-02 -9.63632399e-02 -2.96973116e-02  2.37288716e-02
     17.51000000  2.36952229e+00  3.56302344e+00  3.44802970e+00  2.90912092e+00 -5.24783295e+00 -5.35705391e+00  3.56302344e+00 -5.24783295e+00 -1.40829816e-01 -3.44645069e-02  9.15107668e-02  1.63189892e-01  9.81936282e-03 -6.45805539e-02 -3.44645069e-02  9.81936282e-03
     17.61000000  2.35561978e+00  3.55939241e+00  3.45758140e+00  2.92508696e+00 -5.24754180e+00 -5.36198935e+00  3.55939241e+00 -5.24754180e+00 -1.37133655e-01 -3.79373316e-02  9.91351991e-02  1.56222360e-01 -3.93846792e-03 -3.44723050e-02 -3.79373316e-02 -3.93846792e-03
     17.71000000  2.34211166e+00  3.55547988e+00  3.46777566e+00  2.94038819e+00 -5.24860322e+00 -5.36402884e+00  3.55547988e+00 -5.24860322e+00 -1.32953725e-01 -4.00943738e-02  1.04331980e-01  1.49936267e-01 -1.71758378e-02 -6.77409850e-03 -4.00943738e-02 -1.71758378e-02
     17.81000000  2.32904309e+00  3.55141672e+00  3.47836319e+00  2.95510431e+00 -5.25094950e+00 -5.36344503e+00  3.55141672e+00 -5.25094950e+00 -1.28351584e-01 -4.09572109e-02  1.06995107e-01  1.44550894e-01 -2.95913913e-02  1.79027877e-02 -4.09572109e-02 -2.95913913e-02
     17.91000000  2.31645394e+00  3.54732958e+00  3.48909125e+00  2.96933342e+00 -5.25448629e+00 -5.36056520e+00  3.54732958e+00 -5.25448629e+00 -1.23371150e-01 -4.05871394e-02  1.07159816e-01  1.40214811e-01 -4.09530056e-02  3.90768124e-02 -4.05871394e-02 -4.09530056e-02
     18.01000000  2.30438045e+00  3.54333722e+00  3.49971722e+00  2.98318504e+00 -5.25909946e+00 -5.35575822e+00  3.54333722e+00 -5.25909946e+00 -1.18042673e-01 -3.90802462e-02  1.04990380e-01  1.37009575e-01 -5.10975973e-02  5.63984049e-02 -3.90802462e-02 -5.10975973e-02
     18.11000000  2.29285630e+00  3.53954729e+00  3.51002061e+00  2.99677379e+00 -5.26466197e+00 -5.34942135e+00  3.53954729e+00 -5.26466197e+00 -1.12387296e-01 -3.65611676e-02  1.00762191e-01  1.34956469e-01 -5.99291719e-02  6.96493144e-02 -3.65611676e-02 -5.99291719e-02
     18.21000000  2.28191333e+00  3.53605387e+00  3.51981311e+00  3.01021378e+00 -5.27104038e+00 -5.34196720e+00  3.53605387e+00 -5.27104038e+00 -1.06421838e-01 -3.31759319e-02  9.48396116e-02  1.34025542e-01 -6.74153117e-02  7.87391712e-02 -3.31759319e-02 -6.74153117e-02
     18.31000000  2.27158170e+00  3.53293566e+00  3.52894629e+00  3.02361399e+00 -5.27810100e+00 -5.33381130e+00  3.53293566e+00 -5.27810100e+00 -1.00163439e-01 -2.90843138e-02  8.76512170e-02  1.34146145e-01 -7.35822723e-02  8.36992493e-02 -2.90843138e-02 -7.35822723e-02
     18.41000000  2.26188969e+00  3.53025502e+00  3.53731671e+00  3.03707475e+00 -5.28571544e+00 -5.32536032e+00  3.53025502e+00 -5.28571544e+00 -9.36336802e-02 -2.44521255e-02  7.96639948e-02  1.35218255e-01 -7.85088648e-02  8.46734112e-02 -2.44521255e-02 -7.85088648e-02
     18.51000000  2.25286305e+00  3.52805776e+00  3.54486847e+00  3.05068543e+00 -5.29376553e+00 -5.31700142e+00  3.52805776e+00 -5.29376553e+00 -8.68618574e-02 -1.94438385e-02  7.13579477e-02  1.37123951e-01 -8.23193337e-02  8.19063032e-02 -1.94438385e-02 -8.23193337e-02
     18.61000000  2.24452409e+00  3.52637356e+00  3.55159335e+00  3.06452316e+00 -5.30214746e+00 -5.30909281e+00  3.52637356e+00 -5.30214746e+00 -7.98871746e-02 -1.42158735e-02  6.32023512e-02  1.39738521e-01 -8.51754868e-02  7.57290230e-02 -1.42158735e-02 -8.51754868e-02
     18.71000000  2.23689071e+00  3.52521714e+00  3.55752860e+00  3.07865271e+00 -5.31077516e+00 -5.30195598e+00  3.52521714e+00 -5.31077516e+00 -7.27597104e-02 -8.91082729e-03  5.56346677e-02  1.42940797e-01 -8.72683803e-02  6.65426613e-02 -8.91082729e-03 -8.72683803e-02
     18.81000000  2.22997523e+00  3.52458981e+00  3.56275288e+00  3.09312728e+00 -5.31958274e+00 -5.29586952e+00  3.52458981e+00 -5.31958274e+00 -6.55401469e-02 -3.65282335e-03  4.90428754e-02  1.46622413e-01 -8.88098927e-02  5.48002902e-02 -3.65282335e-03 -8.88098927e-02
     18.91000000  2.22378343e+00  3.52448157e+00  3.56738061e+00  3.10799022e+00 -5.32852624e+00 -5.29106493e+00  3.52448157e+00 -5.32852624e+00 -5.82983500e-02  1.45590285e-03  4.37517262e-02  1.50695782e-01 -9.00245304e-02  4.09880973e-02  1.45590285e-03 -9.00245304e-02
     19.01000000  2.21831375e+00  3.52487338e+00  3.57155507e+00  3.12327745e+00 -5.33758441e+00 -5.28772421e+00  3.52487338e+00 -5.33758441e+00 -5.11109961e-02  6.33714760e-03  4.00132274e-02  1.55100628e-01 -9.11417926e-02  2.56064307e-02  6.33714760e-03 -9.11417926e-02
     19.11000000  2.21355674e+00  3.52573961e+00  3.57544090e+00  3.13902042e+00 -5.34675895e+00 -5.28597939e+00  3.52573961e+00 -5.34675895e+00 -4.40585069e-02  1.09376393e-02  3.80014446e-02  1.59809026e-01 -9.23893784e-02  9.15151485e-03  1.09376393e-02 -9.23893784e-02
     19.21000000  2.20949486e+00  3.52705057e+00  3.57921617e+00  3.15524959e+00 -5.35607398e+00 -5.28591380e+00  3.52705057e+00 -5.35607398e+00 -3.72215947e-02  1.52287774e-02  3.78115414e-02  1.64828895e-01 -9.39874663e-02 -7.90146361e-03  1.52287774e-02 -9.39874663e-02
     19.31000000  2.20610265e+00  3.52877486e+00  3.58306466e+00  3.17199807e+00 -5.36557508e+00 -5.28756493e+00  3.52877486e+00 -5.36557508e+00 -3.06777274e-02  1.92053368e-02  3.94628086e-02  1.70206018e-01 -9.61442286e-02 -2.51133159e-02  1.92053368e-02 -9.61442286e-02
     19.41000000  2.20334717e+00  3.53088166e+00  3.58716851e+00  3.18930547e+00 -5.37532790e+00 -5.29092868e+00  3.53088166e+00 -5.37532790e+00 -2.44977968e-02  2.28832978e-02  4.29052875e-02  1.76024676e-01 -9.90526742e-02 -4.20934141e-02  2.28832978e-02 -9.90526742e-02
     19.51000000  2.20118889e+00  3.53334269e+00  3.59170182e+00  3.20722176e+00 -5.38541656e+00 -5.29596474e+00  3.53334269e+00 -5.38541656e+00 -1.87432308e-02  2.62969878e-02  4.80294623e-02  1.82407082e-01 -1.02888859e-01 -5.85095698e-02  2.62969878e-02 -1.02888859e-01
     19.61000000  2.19958268e+00  3.53613388e+00  3.59682526e+00  3.22581093e+00 -5.39594190e+00 -5.30260282e+00  3.53613388e+00 -5.39594190e+00 -1.34637237e-02  2.94957357e-02  5.46783865e-02  1.89511859e-01 -1.07811448e-01 -7.40950974e-02  2.94957357e-02 -1.07811448e-01
     19.71000000  2.19847908e+00  3.53923669e+00  3.60268200e+00  3.24515460e+00 -5.40701982e+00 -5.31074943e+00  3.53923669e+00 -5.40701982e+00 -8.69569055e-03  3.25402466e-02  6.26615368e-02  1.97531865e-01 -1.13962565e-01 -8.86530744e-02  3.25402466e-02 -1.13962565e-01
     19.81000000  2.19782573e+00  3.54263906e+00  3.60939507e+00  3.26535526e+00 -5.41877964e+00 -5.32029492e+00  3.54263906e+00 -5.41877964e+00 -4.46148460e-03  3.54989028e-02  7.17696458e-02  2.06691704e-01 -1.21469865e-01 -1.02057940e-01  3.54989028e-02 -1.21469865e-01
     19.91000000  2.19756870e+00  3.54633602e+00  3.61706631e+00  3.28653937e+00 -5.43136288e+00 -5.33112067e+00  3.54633602e+00 -5.43136288e+00 -7.69350995e-04  3.84441833e-02  8.17897686e-02  2.17245292e-01 -1.30449699e-01 -1.14254679e-01  3.84441833e-02 -1.30449699e-01
     20.01000000  2.19765395e+00  3.55032990e+00  3.62577667e+00  3.30886013e+00 -5.44492230e+00 -5.34310594e+00  3.55032990e+00 -5.44492230e+00  2.38595903e-03  4.14493786e-02  9.25198865e-02  2.29473829e-01 -1.41011256e-01 -1.25255920e-01  4.14493786e-02 -1.41011256e-01
     20.11000000  2.19802858e+00  3.55463028e+00  3.63558800e+00  3.33250018e+00 -5.45962142e+00 -5.35613446e+00  3.55463028e+00 -5.45962142e+00  5.02202703e-03  4.45857505e-02  1.03782428e-01  2.43684511e-01 -1.53261561e-01 -1.35137345e-01  4.45857505e-02 -1.53261561e-01
     20.21000000  2.19864198e+00  3.55925366e+00  3.64654614e+00  3.35767417e+00 -5.47563458e+00 -5.37010045e+00  3.55925366e+00 -5.47563458e+00  7.16719596e-03  4.79202564e-02  1.15436209e-01  2.60210203e-01 -1.67311143e-01 -1.44031834e-01  4.79202564e-02 -1.67311143e-01
     20.31000000  2.19944689e+00  3.56422297e+00  3.65868506e+00  3.38463133e+00 -5.49314761e+00 -5.38491400e+00  3.56422297e+00 -5.49314761e+00  8.85873424e-03  5.15139249e-02  1.27386422e-01  2.79410244e-01 -1.83280234e-01 -1.52122782e-01  5.15139249e-02 -1.83280234e-01
     20.41000000  2.20040008e+00  3.56956690e+00  3.67203189e+00  3.41365825e+00 -5.51235913e+00 -5.40050575e+00  3.56956690e+00 -5.51235913e+00  1.01408785e-02  5.54209347e-02  1.39592448e-01  3.01672345e-01 -2.01305256e-01 -1.59637029e-01  5.54209347e-02 -2.01305256e-01
     20.51000000  2.20146305e+00  3.57531918e+00  3.68661265e+00  3.44508179e+00 -5.53348247e+00 -5.41683092e+00  3.57531918e+00 -5.53348247e+00  1.10628870e-02  5.96884135e-02  1.52073423e-01  3.27415371e-01 -2.21545353e-01 -1.66837801e-01  5.96884135e-02 -2.21545353e-01
     20.61000000  2.20260240e+00  3.58151796e+00  3.70245841e+00  3.47927242e+00 -5.55674827e+00 -5.43387260e+00  3.58151796e+00 -5.55674827e+00  1.16772192e-02  6.43569421e-02  1.64911571e-01  3.57092481e-01 -2.44188568e-01 -1.74018019e-01  6.43569421e-02 -2.44188568e-01
     20.71000000  2.20379004e+00  3.58820512e+00  3.71961168e+00  3.51664772e+00 -5.58240765e+00 -5.45164437e+00  3.58820512e+00 -5.58240765e+00  1.20379376e-02  6.94617173e-02  1.78253462e-01  3.91193712e-01 -2.69457143e-01 -1.81494261e-01  6.94617173e-02 -2.69457143e-01
     20.81000000  2.20500335e+00  3.59542589e+00  3.73813283e+00  3.55767617e+00 -5.61073583e+00 -5.47019247e+00  3.59542589e+00 -5.61073583e+00  1.21994090e-02  7.50343046e-02  1.92309354e-01  4.30246510e-01 -2.97611140e-01 -1.89601602e-01  7.50343046e-02 -2.97611140e-01
     20.91000000  2.20622508e+00  3.60322858e+00  3.75810634e+00  3.60288075e+00 -5.64203598e+00 -5.48959736e+00  3.60322858e+00 -5.64203598e+00  1.22153671e-02  8.11048874e-02  2.07350791e-01  4.74811870e-01 -3.28949176e-01 -1.98689449e-01  8.11048874e-02 -3.28949176e-01
     21.01000000  2.20744332e+00  3.61166451e+00  3.77964674e+00  3.65284173e+00 -5.67664289e+00 -5.50997505e+00  3.61166451e+00 -5.67664289e+00  1.21383858e-02  8.77049055e-02  2.23706516e-01  5.25472640e-01 -3.63804490e-01 -2.09118373e-01  8.77049055e-02 -3.63804490e-01
     21.11000000  2.20865137e+00  3.62078838e+00  3.80290407e+00  3.70819784e+00 -5.71492600e+00 -5.53147805e+00  3.62078838e+00 -5.71492600e+00  1.20198074e-02  9.48699592e-02  2.41756581e-01  5.82808927e-01 -4.02533706e-01 -2.21257821e-01  9.48699592e-02 -4.02533706e-01
     21.21000000  2.20984758e+00  3.63065876e+00  3.82806861e+00  3.76964392e+00 -5.75729072e+00 -5.55429618e+00  3.63065876e+00 -5.75729072e+00  1.19101690e-02  1.02642844e-01  2.61924199e-01  6.47353527e-01 -4.45494581e-01 -2.35484422e-01  1.02642844e-01 -4.45494581e-01
     21.31000000  2.21103539e+00  3.64133897e+00  3.85537465e+00  3.83792279e+00 -5.80417676e+00 -5.57865724e+00  3.64133897e+00 -5.80417676e+00  1.18601763e-02  1.11076562e-01  2.84664428e-01  7.19517932e-01 -4.93007651e-01 -2.52180358e-01  1.11076562e-01 -4.93007651e-01
     21.41000000  2.21222335e+00  3.65289828e+00  3.88510295e+00  3.91380778e+00 -5.85605161e+00 -5.60482741e+00  3.65289828e+00 -5.85605161e+00  1.19222851e-02  1.20237135e-01  3.10448158e-01  7.99477188e-01 -5.45295419e-01 -2.71731061e-01  1.20237135e-01 -5.45295419e-01
     21.51000000  2.21342546e+00  3.66541332e+00  3.91758123e+00  3.99807108e+00 -5.91339648e+00 -5.63311144e+00  3.66541332e+00 -5.91339648e+00  1.21529667e-02  1.30206003e-01  3.39739161e-01  8.87000956e-01 -6.02391981e-01 -2.94521128e-01  1.30206003e-01 -6.02391981e-01
     21.61000000  2.21466167e+00  3.67896969e+00  3.95318191e+00  4.09143221e+00 -5.97668149e+00 -5.66385219e+00  3.67896969e+00 -5.97668149e+00  1.26157492e-02  1.41081745e-01  3.72961286e-01  9.81220918e-01 -6.64017183e-01 -3.20927078e-01  1.41081745e-01 -6.64017183e-01
     21.71000000  2.21595881e+00  3.69366376e+00  3.99231596e+00  4.19447982e+00 -6.04632640e+00 -5.69742930e+00  3.69366376e+00 -6.04632640e+00  1.33851421e-02  1.52980768e-01  4.10452647e-01  1.08033515e+00 -7.29414591e-01 -3.51305289e-01  1.52980768e-01 -7.29414591e-01
     21.81000000  2.21735191e+00  3.70960439e+00  4.03542137e+00  4.30756182e+00 -6.12264377e+00 -5.73425632e+00  3.70960439e+00 -6.12264377e+00  1.45515573e-02  1.66036541e-01  4.52404365e-01  1.18127380e+00 -7.97164643e-01 -3.85973520e-01  1.66036541e-01 -7.97164643e-01
     21.91000000  2.21888607e+00  3.72691454e+00  4.08294478e+00  4.43064252e+00 -6.20576344e+00 -5.77477556e+00  3.72691454e+00 -6.20576344e+00  1.62273241e-02  1.80396839e-01  4.98784220e-01  1.27939169e+00 -8.65005959e-01 -4.25184998e-01  1.80396839e-01 -8.65005959e-01
     22.01000000  2.22061902e+00  3.74573246e+00  4.13531488e+00  4.56313530e+00 -6.29554201e+00 -5.81945010e+00  3.74573246e+00 -6.29554201e+00  1.85538495e-02  1.96218454e-01  5.49251093e-01  1.36830936e+00 -9.29727827e-01 -4.69095560e-01  1.96218454e-01 -9.29727827e-01
     22.11000000  2.22262443e+00  3.76621220e+00  4.19290739e+00  4.70373376e+00 -6.39146888e+00 -5.86875222e+00  3.76621220e+00 -6.39146888e+00  2.17098812e-02  2.13658873e-01  6.03074744e-01  1.44007503e+00 -9.87225182e-01 -5.17727036e-01  2.13658873e-01 -9.87225182e-01
     22.21000000  2.22499609e+00  3.78852311e+00  4.25600320e+00  4.85028269e+00 -6.49258999e+00 -5.92314822e+00  3.78852311e+00 -6.49258999e+00  2.59206789e-02  2.32864748e-01  6.59084792e-01  1.48582048e+00 -1.03281099e+00 -5.70933459e-01  2.32864748e-01 -1.03281099e+00
     22.31000000  2.22785304e+00  3.81284809e+00  4.32474416e+00  4.99974279e+00 -6.59747786e+00 -5.98308045e+00  3.81284809e+00 -6.59747786e+00  3.14677004e-02  2.53957536e-01  7.15677564e-01  1.49697786e+00 -1.06182922e+00 -6.28379754e-01  2.53957536e-01 -1.06182922e+00
     22.41000000  2.23134567e+00  3.83938026e+00  4.39909331e+00  5.14829955e+00 -6.70427540e+00 -6.04894824e+00  3.83938026e+00 -6.70427540e+00  3.86981843e-02  2.77017487e-01  7.70901917e-01  1.46689249e+00 -1.07049240e+00 -6.89542756e-01  2.77017487e-01 -1.07049240e+00
     22.51000000  2.23566276e+00  3.86831802e+00  4.47880769e+00  5.29163573e+00 -6.81082598e+00 -6.12109026e+00  3.86831802e+00 -6.81082598e+00  4.80338097e-02  3.02068079e-01  8.22621272e-01  1.39239276e+00 -1.05672204e+00 -7.53739917e-01  3.02068079e-01 -1.05672204e+00
     22.61000000  2.24103927e+00  3.89985879e+00  4.56342983e+00  5.42533497e+00 -6.91487527e+00 -6.19977110e+00  3.89985879e+00 -6.91487527e+00  5.99774772e-02  3.29063502e-01  8.68715483e-01  1.27474984e+00 -1.02069399e+00 -8.20181817e-01  3.29063502e-01 -1.02069399e+00
     22.71000000  2.24776469e+00  3.93419157e+00  4.65229883e+00  5.54533274e+00 -7.01430288e+00 -6.28517364e+00  3.93419157e+00 -7.01430288e+00  7.51171881e-02  3.57881687e-01  9.07261294e-01  1.11963286e+00 -9.64870080e-01 -8.88034561e-01  3.57881687e-01 -9.64870080e-01
     22.81000000  2.25619158e+00  3.97148935e+00  4.74457595e+00  5.64831193e+00 -7.10733034e+00 -6.37739749e+00  3.97148935e+00 -7.10733034e+00  9.41259111e-02  3.88324324e-01  9.36633029e-01  9.36087660e-01 -8.93511147e-01 -9.56472956e-01  3.88324324e-01 -8.93511147e-01
     22.91000000  2.26674385e+00  4.01190172e+00  4.83927501e+00  5.73196430e+00 -7.19266258e+00 -6.47646144e+00  4.01190172e+00 -7.19266258e+00  1.17756095e-01  4.20123711e-01  9.55498893e-01  7.34970182e-01 -8.11881916e-01 -1.02470876e+00  4.20123711e-01 -8.11881916e-01
     23.01000000  2.27992411e+00  4.05554852e+00  4.93528799e+00  5.79509181e+00 -7.26954679e+00 -6.58230736e+00  4.05554852e+00 -7.26954679e+00  1.46826957e-01  4.52954606e-01  9.62735722e-01  5.27396470e-01 -7.25439919e-01 -1.09198852e+00  4.52954606e-01 -7.25439919e-01
     23.11000000  2.29631936e+00  4.10251477e+00  5.03140042e+00  5.83757131e+00 -7.33775908e+00 -6.69480247e+00  4.10251477e+00 -7.33775908e+00  1.82201806e-01  4.86448258e-01  9.57321467e-01  3.23602212e-01 -6.39227511e-01 -1.15756698e+00  4.86448258e-01 -6.39227511e-01
     23.21000000  2.31660368e+00  4.15284699e+00  5.12629779e+00  5.86023109e+00 -7.39754412e+00 -6.81373828e+00  4.15284699e+00 -7.39754412e+00  2.24751565e-01  5.20205565e-01  9.38274473e-01  1.32314097e-01 -5.57541148e-01 -1.22066897e+00  5.20205565e-01 -5.57541148e-01
     23.31000000  2.34153642e+00  4.20655070e+00  5.21857052e+00  5.86468571e+00 -7.44953413e+00 -6.93882578e+00  4.20655070e+00 -7.44953413e+00  2.75299625e-01  5.53806882e-01  9.04690890e-01 -3.94860467e-02 -4.83832400e-01 -1.28045343e+00  5.53806882e-01 -4.83832400e-01
     23.41000000  2.37195370e+00  4.26358867e+00  5.30672837e+00  5.85315881e+00 -7.49466540e+00 -7.06968741e+00  4.26358867e+00 -7.49466540e+00  3.34542704e-01  5.86816817e-01  8.55894769e-01 -1.86597051e-01 -4.20743203e-01 -1.33598765e+00  5.86816817e-01 -4.20743203e-01
     23.51000000  2.40875061e+00  4.32387930e+00  5.38923446e+00  5.82830575e+00 -7.53410116e+00 -7.20584711e+00  4.32387930e+00 -7.53410116e+00  4.02943116e-01  6.18783261e-01  7.91672470e-01 -3.05582928e-01 -3.70183648e-01 -1.38623188e+00  6.18783261e-01 -3.70183648e-01
     23.61000000  2.45285115e+00  4.38729472e+00  5.46456442e+00  5.79303766e+00 -7.56916186e+00 -7.34671896e+00  4.38729472e+00 -7.56916186e+00  4.80590741e-01  6.49230657e-01  7.12527883e-01 -3.94763710e-01 -3.33394797e-01 -1.43002663e+00  6.49230657e-01 -3.33394797e-01
     23.71000000  2.50516291e+00  4.45365784e+00  5.53128883e+00  5.75034661e+00 -7.60125987e+00 -7.49159428e+00  4.45365784e+00 -7.60125987e+00  5.67038891e-01  6.77648518e-01  6.19881015e-01 -4.54191734e-01 -3.10977217e-01 -1.46607077e+00  6.77648518e-01 -3.10977217e-01
     23.81000000  2.56651462e+00  4.52273820e+00  5.58816999e+00  5.70313631e+00 -7.63183585e+00 -7.63962561e+00  4.52273820e+00 -7.63183585e+00  6.61128295e-01  7.03477536e-01  5.16146635e-01 -4.85558204e-01 -3.02894931e-01 -1.49288194e+00  7.03477536e-01 -3.02894931e-01
     23.91000000  2.63757666e+00  4.59424645e+00  5.63425915e+00  5.65406747e+00 -7.66229510e+00 -7.78980599e+00  4.59424645e+00 -7.66229510e+00  7.60827638e-01  7.26097480e-01  4.04666715e-01 -4.91986932e-01 -3.08479558e-01 -1.50874327e+00  7.26097480e-01 -3.08479558e-01
     24.01000000  2.71876818e+00  4.66782794e+00  5.66898038e+00  5.60542984e+00 -7.69394558e+00 -7.94094313e+00  4.66782794e+00 -7.69394558e+00  8.63135796e-01  7.44822833e-01  2.89513252e-01 -4.77711584e-01 -3.26460815e-01 -1.51166150e+00  7.44822833e-01 -3.26460815e-01
     24.11000000  2.81016002e+00  4.74305655e+00  5.69218990e+00  5.55905092e+00 -7.72794101e+00 -8.09163191e+00  4.74305655e+00 -7.72794101e+00  9.64104291e-01  7.58913106e-01  1.75207106e-01 -4.47672504e-01 -3.55040763e-01 -1.49938358e+00  7.58913106e-01 -3.55040763e-01
     24.21000000  2.91138829e+00  4.81943054e+00  5.70420542e+00  5.51624666e+00 -7.76523383e+00 -8.24023380e+00  4.81943054e+00 -7.76523383e+00  1.05903826e+00  7.67603818e-01  6.64036895e-02 -4.07089555e-01 -3.92015542e-01 -1.46952895e+00  7.67603818e-01 -3.92015542e-01
     24.31000000  3.02159858e+00  4.89637273e+00  5.70580389e+00  5.47781391e+00 -7.80654234e+00 -8.38487716e+00  4.89637273e+00 -7.80654234e+00  1.14290759e+00  7.70160752e-01 -3.24179222e-02 -3.61064003e-01 -4.34934925e-01 -1.41987732e+00  7.70160752e-01 -4.34934925e-01
     24.41000000  3.13944089e+00  4.97323704e+00  5.69818913e+00  5.44405954e+00 -7.85233490e+00 -8.52349384e+00  4.97323704e+00 -7.85233490e+00  1.21094079e+00  7.65954476e-01 -1.17245222e-01 -3.14244182e-01 -4.81280540e-01 -1.34879926e+00  7.65954476e-01 -4.81280540e-01
     24.51000000  3.26312907e+00  5.04932324e+00  5.68293180e+00  5.41485925e+00 -7.90283193e+00 -8.65390273e+00  5.04932324e+00 -7.90283193e+00  1.25929547e+00  7.54545534e-01 -1.84795842e-01 -2.70569389e-01 -5.28639097e-01 -1.25574312e+00  7.54545534e-01 -5.28639097e-01
     24.61000000  3.39056414e+00  5.12390007e+00  5.66188457e+00  5.38973794e+00 -7.95802399e+00 -8.77393881e+00  5.12390007e+00 -7.95802399e+00  1.28563689e+00  7.35765403e-01 -2.32746551e-01 -2.33093259e-01 -5.74847345e-01 -1.14163320e+00  7.35765403e-01 -5.74847345e-01
     24.71000000  3.51950361e+00  5.19623562e+00  5.63707680e+00  5.36796392e+00 -8.01770212e+00 -8.88161134e+00  5.19623562e+00 -8.01770212e+00  1.28945378e+00  7.09776463e-01 -2.59909578e-01 -2.03883363e-01 -6.18090207e-01 -1.00903335e+00  7.09776463e-01 -6.18090207e-01
     24.81000000  3.64774484e+00  5.26563197e+00  5.61059546e+00  5.34864948e+00 -8.08149524e+00 -8.97526323e+00  5.26563197e+00 -8.08149524e+00  1.27201691e+00  6.77097066e-01 -2.66329760e-01 -1.83994361e-01 -6.56942000e-01 -8.62002921e-01  6.77097066e-01 -6.56942000e-01
     24.91000000  3.77328699e+00  5.33146029e+00  5.58446116e+00  5.33085052e+00 -8.14890875e+00 -9.05370174e+00  5.33146029e+00 -8.14890875e+00  1.23600850e+00  6.38584762e-01 -2.53277883e-01 -1.73512477e-01 -6.90351540e-01 -7.05684583e-01  6.38584762e-01 -6.90351540e-01
