      0.01000000 -4.82094375e-03  4.82918090e-03  4.83740677e-03  4.82094375e-03 -4.82918090e-03 -4.83740677e-03  4.82918090e-03 -4.82918090e-03 -9.45105898e-02  9.48365858e-02  9.51619103e-02  9.45105898e-02 -9.48365858e-02 -9.51619103e-02  9.48365858e-02 -9.48365858e-02
      0.11000000 -1.84783956e-02  1.86045741e-02  1.87300638e-02  1.84783956e-02 -1.86045741e-02 -1.87300638e-02  1.86045741e-02 -1.86045741e-02 -1.76335009e-01  1.78802118e-01  1.81248894e-01  1.76335009e-01 -1.78802118e-01 -1.81248894e-01  1.78802118e-01 -1.78802118e-01
      0.21000000 -3.95980666e-02  4.02081375e-02  4.08107412e-02  3.95980666e-02 -4.02081375e-02 -4.08107412e-02  4.02081375e-02 -4.02081375e-02 -2.43489263e-01  2.51335359e-01  2.59035907e-01  2.43489263e-01 -2.51335359e-01 -2.59035907e-01  2.51335359e-01 -2.51335359e-01
      0.31000000 -6.66463551e-02  6.84831419e-02  7.02801062e-02  6.66463551e-02 -6.84831419e-02 -7.02801062e-02  6.84831419e-02 -6.84831419e-02 -2.94772948e-01  3.12225306e-01  3.29101651e-01  2.94772948e-01 -3.12225306e-01 -3.29101651e-01  3.12225306e-01 -3.12225306e-01
      0.41000000 -9.80088852e-02  1.02269440e-01  1.06386204e-01  9.80088852e-02 -1.02269440e-01 -1.06386204e-01  1.02269440e-01 -1.02269440e-01 -3.29768783e-01  3.61613919e-01  3.91814550e-01  3.29768783e-01 -3.61613919e-01 -3.91814550e-01  3.61613919e-01 -3.61613919e-01
      0.51000000 -1.32067628e-01  1.40438278e-01  1.48403656e-01  1.32067628e-01 -1.40438278e-01 -1.48403656e-01  1.40438278e-01 -1.40438278e-01 -3.48813175e-01  3.99983450e-01  4.47340745e-01  3.48813175e-01 -3.99983450e-01 -4.47340745e-01  3.99983450e-01 -3.99983450e-01
      0.61000000 -1.67273259e-01  1.81924884e-01  1.95614647e-01  1.67273259e-01 -1.81924884e-01 -1.95614647e-01  1.81924884e-01 -1.81924884e-01 -3.52929151e-01  4.28124161e-01  4.95671298e-01  3.52929151e-01 -4.28124161e-01 -4.95671298e-01  4.28124161e-01 -4.28124161e-01
      0.71000000 -2.02208741e-01  2.25756774e-01  2.47293436e-01  2.02208741e-01 -2.25756774e-01 -2.47293436e-01  2.25756774e-01 -2.25756774e-01 -3.43718180e-01  4.47080929e-01  5.36664796e-01  3.43718180e-01 -4.47080929e-01 -5.36664796e-01  4.47080929e-01 -4.47080929e-01
      0.81000000 -2.35640224e-01  2.71075757e-01  3.02695711e-01  2.35640224e-01 -2.71075757e-01 -3.02695711e-01  2.71075757e-01 -2.71075757e-01 -3.23216020e-01  4.58081658e-01  5.70100785e-01  3.23216020e-01 -4.58081658e-01 -5.70100785e-01  4.58081658e-01 -4.58081658e-01
      0.91000000 -2.66552244e-01  3.17152161e-01  3.61053620e-01  2.66552244e-01 -3.17152161e-01 -3.61053620e-01  3.17152161e-01 -3.17152161e-01 -2.93725967e-01  4.62454544e-01  5.95738922e-01  2.93725967e-01 -4.62454544e-01 -5.95738922e-01  4.62454544e-01 -4.62454544e-01
      1.01000000 -2.94165878e-01  3.63390610e-01  4.21576773e-01  2.94165878e-01 -3.63390610e-01 -4.21576773e-01  3.63390610e-01 -3.63390610e-01 -2.57647593e-01  4.61543653e-01  6.13378570e-01  2.57647593e-01 -4.61543653e-01 -6.13378570e-01  4.61543653e-01 -4.61543653e-01
      1.11000000 -3.17940311e-01  4.09327676e-01  4.83459027e-01  3.17940311e-01 -4.09327676e-01 -4.83459027e-01  4.09327676e-01 -4.09327676e-01 -2.17319153e-01  4.56632146e-01  6.22913760e-01  2.17319153e-01 -4.56632146e-01 -6.22913760e-01  4.56632146e-01 -4.56632146e-01
      1.21000000 -3.37559938e-01  4.54622552e-01  5.45890331e-01  3.37559938e-01 -4.54622552e-01 -5.45890331e-01  4.54622552e-01 -4.54622552e-01 -1.74887954e-01  4.48880435e-01  6.24378961e-01  1.74887954e-01 -4.48880435e-01 -6.24378961e-01  4.48880435e-01 -4.48880435e-01
      1.31000000 -3.52910290e-01  4.99042461e-01  6.08072533e-01  3.52910290e-01 -4.99042461e-01 -6.08072533e-01  4.99042461e-01 -4.99042461e-01 -1.32216969e-01  4.39283289e-01  6.17981996e-01  1.32216969e-01 -4.39283289e-01 -6.17981996e-01  4.39283289e-01 -4.39283289e-01
      1.41000000 -3.64046529e-01  5.42444778e-01  6.69237735e-01  3.64046529e-01 -5.42444778e-01 -6.69237735e-01  5.42444778e-01 -5.42444778e-01 -9.08298163e-02  4.28646647e-01  6.04121651e-01  9.08298163e-02 -4.28646647e-01 -6.04121651e-01  4.28646647e-01 -4.28646647e-01
      1.51000000 -3.71158263e-01  5.84757740e-01  7.28667586e-01  3.71158263e-01 -5.84757740e-01 -7.28667586e-01  5.84757740e-01 -5.84757740e-01 -5.18912180e-02  4.17582289e-01  5.83388979e-01  5.18912180e-02 -4.17582289e-01 -5.83388979e-01  4.17582289e-01 -4.17582289e-01
      1.61000000 -3.74533935e-01  6.25961386e-01  7.85711917e-01  3.74533935e-01 -6.25961386e-01 -7.85711917e-01  6.25961386e-01 -6.25961386e-01 -1.62168583e-02  4.06516889e-01  5.56552942e-01  1.62168583e-02 -4.06516889e-01 -5.56552942e-01  4.06516889e-01 -4.06516889e-01
      1.71000000 -3.74527356e-01  6.66069937e-01  8.39805237e-01  3.74527356e-01 -6.66069937e-01 -8.39805237e-01  6.66069937e-01 -6.66069937e-01  1.56949413e-02  3.95711365e-01  5.24532548e-01 -1.56949413e-02 -3.95711365e-01 -5.24532548e-01  3.95711365e-01 -3.95711365e-01
      1.81000000 -3.71528165e-01  7.05116472e-01  8.90479907e-01  3.71528165e-01 -7.05116472e-01 -8.90479907e-01  7.05116472e-01 -7.05116472e-01  4.36174977e-02  3.85286511e-01  4.88358843e-01 -4.36174977e-02 -3.85286511e-01 -4.88358843e-01  3.85286511e-01 -3.85286511e-01
      1.91000000 -3.65937273e-01  7.43140325e-01  9.37375171e-01  3.65937273e-01 -7.43140325e-01 -9.37375171e-01  7.43140325e-01 -7.43140325e-01  6.75430416e-02  3.75251482e-01  4.49130827e-01 -6.75430416e-02 -3.75251482e-01 -4.49130827e-01  3.75251482e-01 -3.75251482e-01
      2.01000000 -3.58147675e-01  7.80177364e-01  9.80241653e-01  3.58147675e-01 -7.80177364e-01 -9.80241653e-01  7.80177364e-01 -7.80177364e-01  8.76288188e-02  3.65532459e-01  4.07969475e-01 -8.76288188e-02 -3.65532459e-01 -4.07969475e-01  3.65532459e-01 -3.65532459e-01
      2.11000000 -3.48530525e-01  8.16253058e-01  1.01894132e+00  3.48530525e-01 -8.16253058e-01 -1.01894132e+00  8.16253058e-01 -8.16253058e-01  1.04146405e-01  3.55999607e-01  3.65973576e-01 -1.04146405e-01 -3.55999607e-01 -3.65973576e-01  3.55999607e-01 -3.55999607e-01
      2.21000000 -3.37425991e-01  8.51378111e-01  1.05344323e+00  3.37425991e-01 -8.51378111e-01 -1.05344323e+00  8.51378111e-01 -8.51378111e-01  1.17437154e-01  3.46491159e-01  3.24180308e-01 -1.17437154e-01 -3.46491159e-01 -3.24180308e-01  3.46491159e-01 -3.46491159e-01
      2.31000000 -3.25138183e-01  8.85546326e-01  1.08381569e+00  3.25138183e-01 -8.85546326e-01 -1.08381569e+00  8.85546326e-01 -8.85546326e-01  1.27875377e-01  3.36834021e-01  2.83532458e-01 -1.27875377e-01 -3.36834021e-01 -2.83532458e-01  3.36834021e-01 -3.36834021e-01
      2.41000000 -3.11933358e-01  9.18734353e-01  1.11021549e+00  3.11933358e-01 -9.18734353e-01 -1.11021549e+00  9.18734353e-01 -9.18734353e-01  1.35839741e-01  3.26860677e-01  2.44853237e-01 -1.35839741e-01 -3.26860677e-01 -2.44853237e-01  3.26860677e-01 -3.26860677e-01
      2.51000000 -2.98040586e-01  9.50902933e-01  1.13287500e+00  2.98040586e-01 -9.50902933e-01 -1.13287500e+00  9.50902933e-01 -9.50902933e-01  1.41692545e-01  3.16422450e-01  2.08828870e-01 -1.41692545e-01 -3.16422450e-01 -2.08828870e-01  3.16422450e-01 -3.16422450e-01
      2.61000000 -2.83654118e-01  9.81999307e-01  1.15208791e+00  2.83654118e-01 -9.81999307e-01 -1.15208791e+00  9.81999307e-01 -9.81999307e-01  1.45766008e-01  3.05399332e-01  1.75998563e-01 -1.45766008e-01 -3.05399332e-01 -1.75998563e-01  3.05399332e-01 -3.05399332e-01
      2.71000000 -2.68936841e-01  1.01196044e+00  1.16819431e+00  2.68936841e-01 -1.01196044e+00 -1.16819431e+00  1.01196044e+00 -1.01196044e+00  1.48354381e-01  2.93706629e-01  1.46751150e-01 -1.48354381e-01 -2.93706629e-01 -1.46751150e-01  2.93706629e-01 -2.93706629e-01
      2.81000000 -2.54024266e-01  1.04071675e+00  1.18156575e+00  2.54024266e-01 -1.04071675e+00 -1.18156575e+00  1.04071675e+00 -1.04071675e+00  1.49710652e-01  2.81298748e-01  1.21327551e-01 -1.49710652e-01 -2.81298748e-01 -1.21327551e-01  2.81298748e-01 -2.81298748e-01
      2.91000000 -2.39028677e-01  1.06819613e+00  1.19259077e+00  2.39028677e-01 -1.06819613e+00 -1.19259077e+00  1.06819613e+00 -1.06819613e+00  1.50046635e-01  2.68170415e-01  9.98281705e-02 -1.50046635e-01 -2.68170415e-01 -9.98281705e-02  2.68170415e-01 -2.68170415e-01
      3.01000000 -2.24043141e-01  1.09432791e+00  1.20166137e+00  2.24043141e-01 -1.09432791e+00 -1.20166137e+00  1.09432791e+00 -1.09432791e+00  1.49535392e-01  2.54355662e-01  8.22243414e-02 -1.49535392e-01 -2.54355662e-01 -8.22243414e-02  2.54355662e-01 -2.54355662e-01
      3.11000000 -2.09145199e-01  1.11904669e+00  1.20916083e+00  2.09145199e-01 -1.11904669e+00 -1.20916083e+00  1.11904669e+00 -1.11904669e+00  1.48315135e-01  2.39924922e-01  6.83729815e-02 -1.48315135e-01 -2.39924922e-01 -6.83729815e-02  2.39924922e-01 -2.39924922e-01
      3.21000000 -1.94400118e-01  1.14229575e+00  1.21545312e+00  1.94400118e-01 -1.14229575e+00 -1.21545312e+00  1.14229575e+00 -1.14229575e+00  1.46493921e-01  2.24980597e-01  5.80336200e-02 -1.46493921e-01 -2.24980597e-01 -5.80336200e-02  2.24980597e-01 -2.24980597e-01
      3.31000000 -1.79863661e-01  1.16402996e+00  1.22087404e+00  1.79863661e-01 -1.16402996e+00 -1.22087404e+00  1.16402996e+00 -1.16402996e+00  1.44154649e-01  2.09651474e-01  5.08869803e-02 -1.44154649e-01 -2.09651474e-01 -5.08869803e-02  2.09651474e-01 -2.09651474e-01
      3.41000000 -1.65584350e-01  1.18421816e+00  1.22572436e+00  1.65584350e-01 -1.18421816e+00 -1.22572436e+00  1.18421816e+00 -1.18421816e+00  1.41359995e-01  1.94086391e-01  4.65543137e-02 -1.41359995e-01 -1.94086391e-01 -4.65543137e-02  1.94086391e-01 -1.94086391e-01
      3.51000000 -1.51605258e-01  1.20284477e+00  1.23026476e+00  1.51605258e-01 -1.20284477e+00 -1.23026476e+00  1.20284477e+00 -1.20284477e+00  1.38157059e-01  1.78447516e-01  4.46167163e-02 -1.38157059e-01 -1.78447516e-01 -4.46167163e-02  1.78447516e-01 -1.78447516e-01
      3.61000000 -1.37965349e-01  1.21991083e+00  1.23471286e+00  1.37965349e-01 -1.21991083e+00 -1.23471286e+00  1.21991083e+00 -1.21991083e+00  1.34581561e-01  1.62903595e-01  4.46337233e-02 -1.34581561e-01 -1.62903595e-01 -4.46337233e-02  1.62903595e-01 -1.62903595e-01
      3.71000000 -1.24700426e-01  1.23543429e+00  1.23924182e+00  1.24700426e-01 -1.23543429e+00 -1.23924182e+00  1.23543429e+00 -1.23543429e+00  1.30661525e-01  1.47623474e-01  4.61605664e-02 -1.30661525e-01 -1.47623474e-01 -4.61605664e-02  1.47623474e-01 -1.47623474e-01
      3.81000000 -1.11843745e-01  1.24944976e+00  1.24398082e+00  1.11843745e-01 -1.24944976e+00 -1.24398082e+00  1.24944976e+00 -1.24944976e+00  1.26420383e-01  1.32770137e-01  4.87635968e-02 -1.26420383e-01 -1.32770137e-01 -4.87635968e-02  1.32770137e-01 -1.32770137e-01
      3.91000000 -9.94263398e-02  1.26200763e+00  1.24901673e+00  9.94263398e-02 -1.26200763e+00 -1.24901673e+00  1.26200763e+00 -1.26200763e+00  1.21879523e-01  1.18495455e-01  5.20335117e-02 -1.21879523e-01 -1.18495455e-01 -5.20335117e-02  1.18495455e-01 -1.18495455e-01
      4.01000000 -8.74771218e-02  1.27317271e+00  1.25439723e+00  8.74771218e-02 -1.27317271e+00 -1.25439723e+00  1.27317271e+00 -1.27317271e+00  1.17060271e-01  1.04935761e-01  5.55961534e-02 -1.17060271e-01 -1.04935761e-01 -5.55961534e-02  1.04935761e-01 -1.04935761e-01
      4.11000000 -7.60228105e-02  1.28302254e+00  1.26013464e+00  7.60228105e-02 -1.28302254e+00 -1.26013464e+00  1.28302254e+00 -1.28302254e+00  1.11985354e-01  9.22083326e-02  5.91207865e-02 -1.11985354e-01 -9.22083326e-02 -5.91207865e-02  9.22083326e-02 -9.22083326e-02
      4.21000000 -6.50877392e-02  1.29164533e+00  1.26621067e+00  6.50877392e-02 -1.29164533e+00 -1.26621067e+00  1.29164533e+00 -1.29164533e+00  1.06679889e-01  8.04088035e-02  6.23258694e-02 -1.06679889e-01 -8.04088035e-02 -6.23258694e-02  8.04088035e-02 -8.04088035e-02
      4.31000000 -5.46935859e-02  1.29913767e+00  1.27258147e+00  5.46935859e-02 -1.29913767e+00 -1.27258147e+00  1.29913767e+00 -1.29913767e+00  1.01171932e-01  6.96094931e-02  6.49824351e-02 -1.01171932e-01 -6.96094931e-02 -6.49824351e-02  6.96094931e-02 -6.96094931e-02
      4.41000000 -4.48590665e-02  1.30560220e+00  1.27918298e+00  4.48590665e-02 -1.30560220e+00 -1.27918298e+00  1.30560220e+00 -1.30560220e+00  9.54926663e-02  5.98586196e-02  6.69152693e-02 -9.54926663e-02 -5.98586196e-02 -6.69152693e-02  5.98586196e-02 -5.98586196e-02
      4.51000000 -3.55996265e-02  1.31114517e+00  1.28593627e+00  3.55996265e-02 -1.31114517e+00 -1.28593627e+00  1.31114517e+00 -1.31114517e+00  8.96762719e-02  5.11803363e-02  6.80021304e-02 -8.96762719e-02 -5.11803363e-02 -6.80021304e-02  5.11803363e-02 -5.11803363e-02
      4.61000000 -2.69271585e-02  1.31587408e+00  1.29275276e+00  2.69271585e-02 -1.31587408e+00 -1.29275276e+00  1.31587408e+00 -1.31587408e+00  8.37595530e-02  4.35755153e-02  6.81712889e-02 -8.37595530e-02 -4.35755153e-02 -6.81712889e-02  4.35755153e-02 -4.35755153e-02
      4.71000000 -1.88497662e-02  1.31989538e+00  1.29953906e+00  1.88497662e-02 -1.31989538e+00 -1.29953906e+00  1.31989538e+00 -1.31989538e+00  7.77813724e-02  3.70231911e-02  6.73976871e-02 -7.77813724e-02 -3.70231911e-02 -6.73976871e-02  3.70231911e-02 -3.70231911e-02
      4.81000000 -1.13715925e-02  1.32331246e+00  1.30620139e+00  1.13715925e-02 -1.32331246e+00 -1.30620139e+00  1.32331246e+00 -1.32331246e+00  7.17819586e-02  3.14825673e-02  6.56980228e-02 -7.17819586e-02 -3.14825673e-02 -6.56980228e-02  3.14825673e-02 -3.14825673e-02
      4.91000000 -4.49272125e-03  1.32622370e+00  1.31264952e+00  4.49272125e-03 -1.32622370e+00 -1.31264952e+00  1.32622370e+00 -1.32622370e+00  6.58021347e-02  2.68954782e-02  6.31250575e-02 -6.58021347e-02 -2.68954782e-02 -6.31250575e-02  2.68954782e-02 -2.68954782e-02
      5.01000000  1.79084250e-03  1.32872093e+00  1.31880002e+00 -1.79084250e-03 -1.32872093e+00 -1.31880002e+00  1.32872093e+00 -1.32872093e+00  5.98825190e-02  2.31891953e-02  5.97614353e-02 -5.98825190e-02 -2.31891953e-02 -5.97614353e-02  2.31891953e-02 -2.31891953e-02
      5.11000000  7.48711217e-03  1.33088810e+00  1.32457897e+00 -7.48711217e-03 -1.33088810e+00 -1.32457897e+00  1.33088810e+00 -1.33088810e+00  5.40627336e-02  2.02794622e-02  5.57132744e-02 -5.40627336e-02 -2.02794622e-02 -5.57132744e-02  2.02794622e-02 -2.02794622e-02
      5.21000000  1.26079822e-02  1.33280029e+00  1.32992395e+00 -1.26079822e-02 -1.33280029e+00 -1.32992395e+00  1.33280029e+00 -1.33280029e+00  4.83806574e-02  1.80736460e-02  5.11037680e-02 -4.83806574e-02 -1.80736460e-02 -5.11037680e-02  1.80736460e-02 -1.80736460e-02
      5.31000000  1.71690192e-02  1.33452303e+00  1.33478547e+00 -1.71690192e-02 -1.33452303e+00 -1.33478547e+00  1.33452303e+00 -1.33452303e+00  4.28717457e-02  1.64738931e-02  4.60669968e-02 -4.28717457e-02 -1.64738931e-02 -4.60669968e-02  1.64738931e-02 -1.64738931e-02
      5.41000000  2.11891887e-02  1.33611193e+00  1.33912775e+00 -2.11891887e-02 -1.33611193e+00 -1.33912775e+00  1.33611193e+00 -1.33611193e+00  3.75684359e-02  1.53801891e-02  4.07421217e-02 -3.75684359e-02 -1.53801891e-02 -4.07421217e-02  1.53801891e-02 -1.53801891e-02
      5.51000000  2.46905282e-02  1.33761262e+00  1.34292893e+00 -2.46905282e-02 -1.33761262e+00 -1.34292893e+00  1.33761262e+00 -1.33761262e+00  3.24996509e-02  1.46932306e-02  3.52680911e-02 -3.24996509e-02 -1.46932306e-02 -3.52680911e-02  1.46932306e-02 -1.46932306e-02
      5.61000000  2.76977749e-02  1.33906093e+00  1.34618087e+00 -2.76977749e-02 -1.33906093e+00 -1.34618087e+00  1.33906093e+00 -1.33906093e+00  2.76904079e-02  1.43170318e-02  2.97789603e-02 -2.76904079e-02 -1.43170318e-02 -2.97789603e-02  1.43170318e-02 -1.43170318e-02
      5.71000000  3.02379603e-02  1.34048337e+00  1.34888841e+00 -3.02379603e-02 -1.34048337e+00 -1.34888841e+00  1.34048337e+00 -1.34048337e+00  2.31615336e-02  1.41612047e-02  2.43998931e-02 -2.31615336e-02 -1.41612047e-02 -2.43998931e-02  1.41612047e-02 -1.41612047e-02
      5.81000000  3.23399808e-02  1.34189775e+00  1.35106830e+00 -3.23399808e-02 -1.34189775e+00 -1.35106830e+00  1.34189775e+00 -1.34189775e+00  1.89294862e-02  1.41428674e-02  1.92438816e-02 -1.89294862e-02 -1.41428674e-02 -1.92438816e-02  1.41428674e-02 -1.41428674e-02
      5.91000000  3.40341571e-02  1.34331405e+00  1.35274791e+00 -3.40341571e-02 -1.34331405e+00 -1.35274791e+00  1.34331405e+00 -1.34331405e+00  1.50062800e-02  1.41881519e-02  1.44091992e-02 -1.50062800e-02 -1.41881519e-02 -1.44091992e-02  1.41881519e-02 -1.41881519e-02
      6.01000000  3.53517894e-02  1.34473536e+00  1.35396360e+00 -3.53517894e-02 -1.34473536e+00 -1.35396360e+00  1.34473536e+00 -1.34473536e+00  1.13995069e-02  1.42332999e-02  9.97757834e-03 -1.13995069e-02 -1.42332999e-02 -9.97757834e-03  1.42332999e-02 -1.42332999e-02
      6.11000000  3.63247203e-02  1.34615893e+00  1.35475902e+00 -3.63247203e-02 -1.34615893e+00 -1.35475902e+00  1.34615893e+00 -1.34615893e+00  8.11244792e-03  1.42253502e-02  6.01308652e-03 -8.11244792e-03 -1.42253502e-02 -6.01308652e-03  1.42253502e-02 -1.42253502e-02
      6.21000000  3.69849125e-02  1.34757725e+00  1.35518334e+00 -3.69849125e-02 -1.34757725e+00 -1.35518334e+00  1.34757725e+00 -1.34757725e+00  5.14426583e-03  1.41224324e-02  2.56165922e-03 -5.14426583e-03 -1.41224324e-02 -2.56165922e-03  1.41224324e-02 -1.41224324e-02
      6.31000000  3.73640502e-02  1.34897921e+00  1.35528940e+00 -3.73640502e-02 -1.34897921e+00 -1.35528940e+00  1.34897921e+00 -1.34897921e+00  2.49027040e-03  1.38936977e-02 -3.48763304e-04 -2.49027040e-03 -1.38936977e-02  3.48763304e-04  1.38936977e-02 -1.38936977e-02
      6.41000000  3.74931691e-02  1.35035111e+00  1.35513199e+00 -3.74931691e-02 -1.35035111e+00 -1.35513199e+00  1.35035111e+00 -1.35035111e+00  1.42245118e-04  1.35189214e-02 -2.70755898e-03 -1.42245118e-04 -1.35189214e-02  2.70755898e-03  1.35189214e-02 -1.35189214e-02
      6.51000000  3.74023225e-02  1.35167777e+00  1.35476611e+00 -3.74023225e-02 -1.35167777e+00 -1.35476611e+00  1.35167777e+00 -1.35167777e+00 -1.91117458e-03  1.29878242e-02 -4.52027735e-03  1.91117458e-03 -1.29878242e-02  4.52027735e-03  1.29878242e-02 -1.29878242e-02
      6.61000000  3.71202871e-02  1.35294342e+00  1.35424548e+00 -3.71202871e-02 -1.35294342e+00 -1.35424548e+00  1.35294342e+00 -1.35294342e+00 -3.68408295e-03  1.22991595e-02 -5.80710042e-03  3.68408295e-03 -1.22991595e-02  5.80710042e-03  1.22991595e-02 -1.22991595e-02
      6.71000000  3.66743124e-02  1.35413257e+00  1.35362113e+00 -3.66743124e-02 -1.35413257e+00 -1.35362113e+00  1.35413257e+00 -1.35413257e+00 -5.19285700e-03  1.14596210e-02 -6.60099122e-03  5.19285700e-03 -1.14596210e-02  6.60099122e-03  1.14596210e-02 -1.14596210e-02
      6.81000000  3.60899152e-02  1.35523075e+00  1.35294027e+00 -3.60899152e-02 -1.35523075e+00 -1.35294027e+00  1.35523075e+00 -1.35523075e+00 -6.45569252e-03  1.04826209e-02 -6.94561265e-03  6.45569252e-03 -1.04826209e-02  6.94561265e-03  1.04826209e-02 -1.04826209e-02
      6.91000000  3.53907213e-02  1.35622513e+00  1.35224526e+00 -3.53907213e-02 -1.35622513e+00 -1.35224526e+00  1.35622513e+00 -1.35622513e+00 -7.49213447e-03  9.38699234e-03 -6.89309867e-03  7.49213447e-03 -9.38699234e-03  6.89309867e-03  9.38699234e-03 -9.38699234e-03
      7.01000000  3.45983542e-02  1.35710496e+00  1.35157294e+00 -3.45983542e-02 -1.35710496e+00 -1.35157294e+00  1.35710496e+00 -1.35710496e+00 -8.32261318e-03  8.19566316e-03 -6.50175795e-03  8.32261318e-03 -8.19566316e-03  6.50175795e-03  8.19566316e-03 -8.19566316e-03
      7.11000000  3.37323685e-02  1.35786193e+00  1.35095413e+00 -3.37323685e-02 -1.35786193e+00 -1.35095413e+00  1.35786193e+00 -1.35786193e+00 -8.96799654e-03  6.93434623e-03 -5.83378580e-03  8.96799654e-03 -6.93434623e-03  5.83378580e-03  6.93434623e-03 -6.93434623e-03
      7.21000000  3.28102282e-02  1.35849040e+00  1.35041328e+00 -3.28102282e-02 -1.35849040e+00 -1.35041328e+00  1.35849040e+00 -1.35849040e+00 -9.44916822e-03  5.63028550e-03 -4.95305401e-03  9.44916822e-03 -5.63028550e-03  4.95305401e-03  5.63028550e-03 -5.63028550e-03
      7.31000000  3.18473241e-02  1.35898748e+00  1.34996849e+00 -3.18473241e-02 -1.35898748e+00 -1.34996849e+00  1.35898748e+00 -1.35898748e+00 -9.78664023e-03  4.31109108e-03 -3.92304059e-03  9.78664023e-03 -4.31109108e-03  3.92304059e-03  4.31109108e-03 -4.31109108e-03
      7.41000000  3.08570292e-02  1.35935302e+00  1.34963160e+00 -3.08570292e-02 -1.35935302e+00 -1.34963160e+00  1.35935302e+00 -1.35935302e+00 -1.00002072e-02  3.00369060e-03 -2.80495211e-03  1.00002072e-02 -3.00369060e-03  2.80495211e-03  3.00369060e-03 -3.00369060e-03
      7.51000000  2.98507854e-02  1.35958946e+00  1.34940852e+00 -2.98507854e-02 -1.35958946e+00 -1.34940852e+00  1.35958946e+00 -1.35958946e+00 -1.01086478e-02  1.73341732e-03 -1.65608103e-03  1.01086478e-02 -1.73341732e-03  1.65608103e-03  1.73341732e-03 -1.73341732e-03
      7.61000000  2.88382183e-02  1.35970171e+00  1.34929967e+00 -2.88382183e-02 -1.35970171e+00 -1.34929967e+00  1.35970171e+00 -1.35970171e+00 -1.01294778e-02  5.23249264e-04 -5.28429619e-04  1.01294778e-02 -5.23249264e-04  5.28429619e-04  5.23249264e-04 -5.23249264e-04
      7.71000000  2.78272732e-02  1.35969679e+00  1.34930060e+00 -2.78272732e-02 -1.35969679e+00 -1.34930060e+00  1.35969679e+00 -1.35969679e+00 -1.00787561e-02 -6.06792646e-04  5.32379172e-04  1.00787561e-02  6.06792646e-04 -5.32379172e-04 -6.06792646e-04  6.06792646e-04
      7.81000000  2.68243682e-02  1.35958358e+00  1.34940263e+00 -2.68243682e-02 -1.35958358e+00 -1.34940263e+00  1.35958358e+00 -1.35958358e+00 -9.97094566e-03 -1.64008510e-03  1.48789443e-03  9.97094566e-03  1.64008510e-03 -1.48789443e-03 -1.64008510e-03  1.64008510e-03
      7.91000000  2.58345590e-02  1.35937243e+00  1.34959363e+00 -2.58345590e-02 -1.35937243e+00 -1.34959363e+00  1.35937243e+00 -1.35937243e+00 -9.81882695e-03 -2.56368452e-03  2.30733457e-03  9.81882695e-03  2.56368452e-03 -2.30733457e-03 -2.56368452e-03  2.56368452e-03
      8.01000000  2.48617091e-02  1.35907481e+00  1.34985879e+00 -2.48617091e-02 -1.35907481e+00 -1.34985879e+00  1.35907481e+00 -1.35907481e+00 -9.63346244e-03 -3.36845813e-03  2.96779979e-03  9.63346244e-03  3.36845813e-03 -2.96779979e-03 -3.36845813e-03  3.36845813e-03
      8.11000000  2.39086611e-02  1.35870288e+00  1.35018138e+00 -2.39086611e-02 -1.35870288e+00 -1.35018138e+00  1.35870288e+00 -1.35870288e+00 -9.42420764e-03 -4.04907537e-03  3.45421832e-03  9.42420764e-03  4.04907537e-03 -3.45421832e-03 -4.04907537e-03  4.04907537e-03
      8.21000000  2.29774054e-02  1.35826919e+00  1.35054357e+00 -2.29774054e-02 -1.35826919e+00 -1.35054357e+00  1.35826919e+00 -1.35826919e+00 -9.19876414e-03 -4.60387406e-03  3.75905261e-03  9.19876414e-03  4.60387406e-03 -3.75905261e-03 -4.60387406e-03  4.60387406e-03
      8.31000000  2.20692417e-02  1.35778625e+00  1.35092712e+00 -2.20692417e-02 -1.35778625e+00 -1.35092712e+00  1.35778625e+00 -1.35778625e+00 -8.96326895e-03 -5.03461814e-03  3.88179657e-03  8.96326895e-03  5.03461814e-03 -3.88179657e-03 -5.03461814e-03  5.03461814e-03
      8.41000000  2.11849289e-02  1.35726624e+00  1.35131405e+00 -2.11849289e-02 -1.35726624e+00 -1.35131405e+00  1.35726624e+00 -1.35726624e+00 -8.72241380e-03 -5.34616556e-03  3.82829925e-03  8.72241380e-03  5.34616556e-03 -3.82829925e-03 -5.34616556e-03  5.34616556e-03
      8.51000000  2.03248233e-02  1.35672074e+00  1.35168728e+00 -2.03248233e-02 -1.35672074e+00 -1.35168728e+00  1.35672074e+00 -1.35672074e+00 -8.47958798e-03 -5.54606578e-03  3.60995255e-03  8.47958798e-03  5.54606578e-03 -3.60995255e-03 -5.54606578e-03  5.54606578e-03
      8.61000000  1.94890010e-02  1.35616042e+00  1.35203108e+00 -1.94890010e-02 -1.35616042e+00 -1.35203108e+00  1.35616042e+00 -1.35616042e+00 -8.23703810e-03 -5.64410666e-03  3.24278160e-03  8.23703810e-03  5.64410666e-03 -3.24278160e-03 -5.64410666e-03  5.64410666e-03
      8.71000000  1.86773632e-02  1.35559493e+00  1.35233152e+00 -1.86773632e-02 -1.35559493e+00 -1.35233152e+00  1.35559493e+00 -1.35559493e+00 -7.99603831e-03 -5.65183023e-03  2.74647567e-03  7.99603831e-03  5.65183023e-03 -2.74647567e-03 -5.65183023e-03  5.65183023e-03
      8.81000000  1.78897251e-02  1.35503264e+00  1.35257681e+00 -1.78897251e-02 -1.35503264e+00 -1.35257681e+00  1.35503264e+00 -1.35503264e+00 -7.75706503e-03 -5.58203584e-03  2.14339614e-03  7.75706503e-03  5.58203584e-03 -2.14339614e-03 -5.58203584e-03  5.58203584e-03
      8.91000000  1.71258870e-02  1.35448065e+00  1.35275745e+00 -1.71258870e-02 -1.35448065e+00 -1.35275745e+00  1.35448065e+00 -1.35448065e+00 -7.51997050e-03 -5.44828791e-03  1.45759501e-03  7.51997050e-03  5.44828791e-03 -1.45759501e-03 -5.44828791e-03  5.44828791e-03
      9.01000000  1.63856882e-02  1.35394466e+00  1.35286640e+00 -1.63856882e-02 -1.35394466e+00 -1.35286640e+00  1.35394466e+00 -1.35394466e+00 -7.28415029e-03 -5.26444370e-03  7.13874020e-04  7.28415029e-03  5.26444370e-03 -7.13874020e-04 -5.26444370e-03  5.26444370e-03
      9.11000000  1.56690444e-02  1.35342898e+00  1.35289911e+00 -1.56690444e-02 -1.35342898e+00 -1.35289911e+00  1.35342898e+00 -1.35342898e+00 -7.04870050e-03 -5.04421426e-03 -6.30898592e-05  7.04870050e-03  5.04421426e-03  6.30898592e-05 -5.04421426e-03  5.04421426e-03
      9.21000000  1.49759710e-02  1.35293659e+00  1.35285347e+00 -1.49759710e-02 -1.35293659e+00 -1.35285347e+00  1.35293659e+00 -1.35293659e+00 -6.81256111e-03 -4.80076980e-03 -8.49531130e-04  6.81256111e-03  4.80076980e-03  8.49531130e-04 -4.80076980e-03  4.80076980e-03
      9.31000000  1.43065916e-02  1.35246918e+00  1.35272963e+00 -1.43065916e-02 -1.35246918e+00 -1.35272963e+00  1.35246918e+00 -1.35246918e+00 -6.57464285e-03 -4.54639769e-03 -1.62327844e-03  6.57464285e-03  4.54639769e-03  1.62327844e-03 -4.54639769e-03  4.54639769e-03
      9.41000000  1.36611356e-02  1.35202730e+00  1.35252990e+00 -1.36611356e-02 -1.35202730e+00 -1.35252990e+00  1.35202730e+00 -1.35202730e+00 -6.33393553e-03 -4.29221936e-03 -2.36432154e-03  6.33393553e-03  4.29221936e-03  2.36432154e-03 -4.29221936e-03  4.29221936e-03
      9.51000000  1.30399258e-02  1.35161041e+00  1.35225844e+00 -1.30399258e-02 -1.35161041e+00 -1.35225844e+00  1.35161041e+00 -1.35161041e+00 -6.08959670e-03 -4.04796957e-03 -3.05525565e-03  6.08959670e-03  4.04796957e-03  3.05525565e-03 -4.04796957e-03  4.04796957e-03
      9.61000000  1.24433579e-02  1.35121710e+00  1.35192101e+00 -1.24433579e-02 -1.35121710e+00 -1.35192101e+00  1.35121710e+00 -1.35121710e+00 -5.84102011e-03 -3.82183939e-03 -3.68160104e-03  5.84102011e-03  3.82183939e-03  3.68160104e-03 -3.82183939e-03  3.82183939e-03
      9.71000000  1.18718741e-02  1.35084522e+00  1.35152466e+00 -1.18718741e-02 -1.35084522e+00 -1.35152466e+00  1.35084522e+00 -1.35084522e+00 -5.58788405e-03 -3.62038177e-03 -4.23199937e-03  5.58788405e-03  3.62038177e-03  4.23199937e-03 -3.62038177e-03  3.62038177e-03
      9.81000000  1.13259337e-02  1.35049203e+00  1.35107742e+00 -1.13259337e-02 -1.35049203e+00 -1.35107742e+00  1.35049203e+00 -1.35049203e+00 -5.33018045e-03 -3.44847714e-03 -4.69829242e-03  5.33018045e-03  3.44847714e-03  4.69829242e-03 -3.44847714e-03  3.44847714e-03
      9.91000000  1.08059801e-02  1.35015443e+00  1.35058797e+00 -1.08059801e-02 -1.35015443e+00 -1.35058797e+00  1.35015443e+00 -1.35015443e+00 -5.06822572e-03 -3.30935440e-03 -5.07549171e-03  5.06822572e-03  3.30935440e-03  5.07549171e-03 -3.30935440e-03  3.30935440e-03
     10.01000000  1.03124094e-02  1.34982901e+00  1.35006536e+00 -1.03124094e-02 -1.34982901e+00 -1.35006536e+00  1.34982901e+00 -1.34982901e+00 -4.80265527e-03 -3.20466141e-03 -5.36165026e-03  4.80265527e-03  3.20466141e-03  5.36165026e-03 -3.20466141e-03  3.20466141e-03
     10.11000000  9.84553872e-03  1.34951234e+00  1.34951865e+00 -9.84553872e-03 -1.34951234e+00 -1.34951865e+00  1.34951234e+00 -1.34951234e+00 -4.53440344e-03 -3.13457828e-03 -5.55764963e-03  4.53440344e-03  3.13457828e-03  5.55764963e-03 -3.13457828e-03  3.13457828e-03
     10.21000000  9.40557828e-03  1.34920098e+00  1.34895672e+00 -9.40557828e-03 -1.34920098e+00 -1.34895672e+00  1.34920098e+00 -1.34920098e+00 -4.26467131e-03 -3.09796578e-03 -5.66691695e-03  4.26467131e-03  3.09796578e-03  5.66691695e-03 -3.09796578e-03  3.09796578e-03
     10.31000000  8.99260648e-03  1.34889170e+00  1.34838797e+00 -8.99260648e-03 -1.34889170e+00 -1.34838797e+00  1.34889170e+00 -1.34889170e+00 -3.99488457e-03 -3.09254081e-03 -5.69508745e-03  3.99488457e-03  3.09254081e-03  5.69508745e-03 -3.09254081e-03  3.09254081e-03
     10.41000000  8.60654996e-03  1.34858154e+00  1.34782016e+00 -8.60654996e-03 -1.34858154e+00 -1.34782016e+00  1.34858154e+00 -1.34858154e+00 -3.72664424e-03 -3.11507101e-03 -5.64962812e-03  3.72664424e-03  3.11507101e-03  5.64962812e-03 -3.11507101e-03  3.11507101e-03
     10.51000000  8.24716875e-03  1.34826789e+00  1.34726020e+00 -8.24716875e-03 -1.34826789e+00 -1.34726020e+00  1.34826789e+00 -1.34826789e+00 -3.46167242e-03 -3.16158036e-03 -5.53943823e-03  3.46167242e-03  3.16158036e-03  5.53943823e-03 -3.16158036e-03  3.16158036e-03
     10.61000000  7.91404698e-03  1.34794858e+00  1.34671410e+00 -7.91404698e-03 -1.34794858e+00 -1.34671410e+00  1.34794858e+00 -1.34794858e+00 -3.20175577e-03 -3.22755839e-03 -5.37444143e-03  3.20175577e-03  3.22755839e-03  5.37444143e-03 -3.22755839e-03  3.22755839e-03
     10.71000000  7.60658922e-03  1.34762189e+00  1.34618679e+00 -7.60658922e-03 -1.34762189e+00 -1.34618679e+00  1.34762189e+00 -1.34762189e+00 -2.94868882e-03 -3.30816598e-03 -5.16518323e-03  2.94868882e-03  3.30816598e-03  5.16518323e-03 -3.30816598e-03  3.30816598e-03
     10.81000000  7.32402252e-03  1.34728662e+00  1.34568218e+00 -7.32402252e-03 -1.34728662e+00 -1.34568218e+00  1.34728662e+00 -1.34728662e+00 -2.70421925e-03 -3.39843149e-03 -4.92244619e-03  2.70421925e-03  3.39843149e-03  4.92244619e-03 -3.39843149e-03  3.39843149e-03
     10.91000000  7.06540363e-03  1.34694205e+00  1.34520306e+00 -7.06540363e-03 -1.34694205e+00 -1.34520306e+00  1.34694205e+00 -1.34694205e+00 -2.46999707e-03 -3.49343213e-03 -4.65689348e-03  2.46999707e-03  3.49343213e-03  4.65689348e-03 -3.49343213e-03  3.49343213e-03
     11.01000000  6.82963110e-03  1.34658793e+00  1.34475122e+00 -6.82963110e-03 -1.34658793e+00 -1.34475122e+00  1.34658793e+00 -1.34658793e+00 -2.24752903e-03 -3.58845599e-03 -4.37874946e-03  2.24752903e-03  3.58845599e-03  4.37874946e-03 -3.58845599e-03  3.58845599e-03
     11.11000000  6.61546163e-03  1.34622450e+00  1.34432741e+00 -6.61546163e-03 -1.34622450e+00 -1.34432741e+00  1.34622450e+00 -1.34622450e+00 -2.03813964e-03 -3.67914161e-03 -4.09752414e-03  2.03813964e-03  3.67914161e-03  4.09752414e-03 -3.67914161e-03  3.67914161e-03
     11.21000000  6.42152993e-03  1.34585238e+00  1.34393153e+00 -6.42152993e-03 -1.34585238e+00 -1.34393153e+00  1.34585238e+00 -1.34585238e+00 -1.84293974e-03 -3.76159271e-03 -3.82178615e-03  1.84293974e-03  3.76159271e-03  3.82178615e-03 -3.76159271e-03  3.76159271e-03
     11.31000000  6.24637130e-03  1.34547257e+00  1.34356262e+00 -6.24637130e-03 -1.34547257e+00 -1.34356262e+00  1.34547257e+00 -1.34547257e+00 -1.66280303e-03 -3.83246683e-03 -3.55898704e-03  1.66280303e-03  3.83246683e-03  3.55898704e-03 -3.83246683e-03  3.83246683e-03
     11.41000000  6.08844621e-03  1.34508636e+00  1.34321909e+00 -6.08844621e-03 -1.34508636e+00 -1.34321909e+00  1.34508636e+00 -1.34508636e+00 -1.49835088e-03 -3.88903753e-03 -3.31533760e-03  1.49835088e-03  3.88903753e-03  3.31533760e-03 -3.88903753e-03  3.88903753e-03
     11.51000000  5.94616594e-03  1.34469531e+00  1.34289875e+00 -5.94616594e-03 -1.34469531e+00 -1.34289875e+00  1.34469531e+00 -1.34469531e+00 -1.34994551e-03 -3.92923065e-03 -3.09573544e-03  1.34994551e-03  3.92923065e-03  3.09573544e-03 -3.92923065e-03  3.92923065e-03
     11.61000000  5.81791847e-03  1.34430111e+00  1.34259902e+00 -5.81791847e-03 -1.34430111e+00 -1.34259902e+00  1.34430111e+00 -1.34430111e+00 -1.21769090e-03 -3.95163596e-03 -2.90374118e-03  1.21769090e-03  3.95163596e-03  2.90374118e-03 -3.95163596e-03  3.95163596e-03
     11.71000000  5.70209400e-03  1.34390560e+00  1.34231701e+00 -5.70209400e-03 -1.34390560e+00 -1.34231701e+00  1.34390560e+00 -1.34390560e+00 -1.10144119e-03 -3.95549623e-03 -2.74159949e-03  1.10144119e-03  3.95549623e-03  2.74159949e-03 -3.95549623e-03  3.95549623e-03
     11.81000000  5.59710919e-03  1.34351064e+00  1.34204967e+00 -5.59710919e-03 -1.34351064e+00 -1.34204967e+00  1.34351064e+00 -1.34351064e+00 -1.00081561e-03 -3.94067604e-03 -2.61030010e-03  1.00081561e-03  3.94067604e-03  2.61030010e-03 -3.94067604e-03  3.94067604e-03
     11.91000000  5.50142970e-03  1.34311807e+00  1.34179393e+00 -5.50142970e-03 -1.34311807e+00 -1.34179393e+00  1.34311807e+00 -1.34311807e+00 -9.15219038e-04 -3.90761336e-03 -2.50967298e-03  9.15219038e-04  3.90761336e-03  2.50967298e-03 -3.90761336e-03  3.90761336e-03
     12.01000000  5.41359038e-03  1.34272969e+00  1.34154675e+00 -5.41359038e-03 -1.34272969e+00 -1.34154675e+00  1.34272969e+00 -1.34272969e+00 -8.43867218e-04 -3.85725710e-03 -2.43851143e-03  8.43867218e-04  3.85725710e-03  2.43851143e-03 -3.85725710e-03  3.85725710e-03
     12.11000000  5.33221278e-03  1.34234715e+00  1.34130531e+00 -5.33221278e-03 -1.34234715e+00 -1.34130531e+00  1.34234715e+00 -1.34234715e+00 -7.85815491e-04 -3.79099383e-03 -2.39471649e-03  7.85815491e-04  3.79099383e-03  2.39471649e-03 -3.79099383e-03  3.79099383e-03
     12.21000000  5.25601964e-03  1.34197196e+00  1.34106699e+00 -5.25601964e-03 -1.34197196e+00 -1.34106699e+00  1.34197196e+00 -1.34197196e+00 -7.39989912e-04 -3.71056714e-03 -2.37545596e-03  7.39989912e-04  3.71056714e-03  2.37545596e-03 -3.71056714e-03  3.71056714e-03
     12.31000000  5.18384621e-03  1.34160544e+00  1.34082951e+00 -5.18384621e-03 -1.34160544e+00 -1.34082951e+00  1.34160544e+00 -1.34160544e+00 -7.05219650e-04 -3.61799290e-03 -2.37733162e-03  7.05219650e-04  3.61799290e-03  2.37733162e-03 -3.61799290e-03  3.61799290e-03
     12.41000000  5.11464833e-03  1.34124870e+00  1.34059095e+00 -5.11464833e-03 -1.34124870e+00 -1.34059095e+00  1.34124870e+00 -1.34124870e+00 -6.80269607e-04 -3.51547345e-03 -2.39654840e-03  6.80269607e-04  3.51547345e-03  2.39654840e-03 -3.51547345e-03  3.51547345e-03
     12.51000000  5.04750720e-03  1.34090260e+00  1.34034976e+00 -5.04750720e-03 -1.34090260e+00 -1.34034976e+00  1.34090260e+00 -1.34090260e+00 -6.63872277e-04 -3.40531372e-03 -2.42908003e-03  6.63872277e-04  3.40531372e-03  2.42908003e-03 -3.40531372e-03  3.40531372e-03
     12.61000000  4.98163114e-03  1.34056781e+00  1.34010483e+00 -4.98163114e-03 -1.34056781e+00 -1.34010483e+00  1.34056781e+00 -1.34056781e+00 -6.54757956e-04 -3.28984158e-03 -2.47082601e-03  6.54757956e-04  3.28984158e-03  2.47082601e-03 -3.28984158e-03  3.28984158e-03
     12.71000000  4.91635437e-03  1.34024474e+00  1.33985542e+00 -4.91635437e-03 -1.34024474e+00 -1.33985542e+00  1.34024474e+00 -1.34024474e+00 -6.51682562e-04 -3.17133483e-03 -2.51775586e-03  6.51682562e-04  3.17133483e-03  2.51775586e-03 -3.17133483e-03  3.17133483e-03
     12.81000000  4.85113319e-03  1.33993357e+00  1.33960123e+00 -4.85113319e-03 -1.33993357e+00 -1.33960123e+00  1.33993357e+00 -1.33993357e+00 -6.53452446e-04 -3.05195632e-03 -2.56603711e-03  6.53452446e-04  3.05195632e-03  2.56603711e-03 -3.05195632e-03  3.05195632e-03
     12.91000000  4.78553986e-03  1.33963431e+00  1.33934229e+00 -4.78553986e-03 -1.33963431e+00 -1.33934229e+00  1.33963431e+00 -1.33963431e+00 -6.58945724e-04 -2.93369872e-03 -2.61214458e-03  6.58945724e-04  2.93369872e-03  2.61214458e-03 -2.93369872e-03  2.93369872e-03
     13.01000000  4.71925447e-03  1.33934674e+00  1.33907898e+00 -4.71925447e-03 -1.33934674e+00 -1.33907898e+00  1.33934674e+00 -1.33934674e+00 -6.67129797e-04 -2.81833963e-03 -2.65294910e-03  6.67129797e-04  2.81833963e-03  2.65294910e-03 -2.81833963e-03  2.81833963e-03
     13.11000000  4.65205533e-03  1.33907049e+00  1.33881196e+00 -4.65205533e-03 -1.33907049e+00 -1.33881196e+00  1.33907049e+00 -1.33907049e+00 -6.77074901e-04 -2.70740767e-03 -2.68578490e-03  6.77074901e-04  2.70740767e-03  2.68578490e-03 -2.70740767e-03  2.70740767e-03
     13.21000000  4.58380817e-03  1.33880507e+00  1.33854216e+00 -4.58380817e-03 -1.33880507e+00 -1.33854216e+00  1.33880507e+00 -1.33880507e+00 -6.87963627e-04 -2.60215946e-03 -2.70849544e-03  6.87963627e-04  2.60215946e-03  2.70849544e-03 -2.60215946e-03  2.60215946e-03
     13.31000000  4.51445460e-03  1.33854984e+00  1.33827066e+00 -4.51445460e-03 -1.33854984e+00 -1.33827066e+00  1.33854984e+00 -1.33854984e+00 -6.99096506e-04 -2.50356739e-03 -2.71945831e-03  6.99096506e-04  2.50356739e-03  2.71945831e-03 -2.50356739e-03  2.50356739e-03
     13.41000000  4.44400018e-03  1.33830411e+00  1.33799870e+00 -4.44400018e-03 -1.33830411e+00 -1.33799870e+00  1.33830411e+00 -1.33830411e+00 -7.09893856e-04 -2.41231732e-03 -2.71759039e-03  7.09893856e-04  2.41231732e-03  2.71759039e-03 -2.41231732e-03  2.41231732e-03
     13.51000000  4.37250252e-03  1.33806712e+00  1.33772759e+00 -4.37250252e-03 -1.33806712e+00 -1.33772759e+00  1.33806712e+00 -1.33806712e+00 -7.19894185e-04 -2.32881565e-03 -2.70233490e-03  7.19894185e-04  2.32881565e-03  2.70233490e-03 -2.32881565e-03  2.32881565e-03
     13.61000000  4.30005963e-03  1.33783808e+00  1.33745868e+00 -4.30005963e-03 -1.33783808e+00 -1.33745868e+00  1.33783808e+00 -1.33783808e+00 -7.28749527e-04 -2.25320437e-03 -2.67363260e-03  7.28749527e-04  2.25320437e-03  2.67363260e-03 -2.25320437e-03  2.25320437e-03
     13.71000000  4.22679895e-03  1.33761622e+00  1.33719330e+00 -4.22679895e-03 -1.33761622e+00 -1.33719330e+00  1.33761622e+00 -1.33761622e+00 -7.36218141e-04 -2.18538306e-03 -2.63187947e-03  7.36218141e-04  2.18538306e-03  2.63187947e-03 -2.18538306e-03  2.18538306e-03
     13.81000000  4.15286716e-03  1.33740075e+00  1.33693271e+00 -4.15286716e-03 -1.33740075e+00 -1.33693271e+00  1.33740075e+00 -1.33740075e+00 -7.42155048e-04 -2.12503643e-03 -2.57787349e-03  7.42155048e-04  2.12503643e-03  2.57787349e-03 -2.12503643e-03  2.12503643e-03
     13.91000000  4.07842105e-03  1.33719098e+00  1.33667809e+00 -4.07842105e-03 -1.33719098e+00 -1.33667809e+00  1.33719098e+00 -1.33719098e+00 -7.46500908e-04 -2.07166596e-03 -2.51275338e-03  7.46500908e-04  2.07166596e-03  2.51275338e-03 -2.07166596e-03  2.07166596e-03
     14.01000000  4.00361961e-03  1.33698621e+00  1.33643048e+00 -4.00361961e-03 -1.33698621e+00 -1.33643048e+00  1.33698621e+00 -1.33698621e+00 -7.49269738e-04 -2.02462428e-03 -2.43793190e-03  7.49269738e-04  2.02462428e-03  2.43793190e-03 -2.02462428e-03  2.02462428e-03
     14.11000000  3.92861725e-03  1.33678586e+00  1.33619077e+00 -3.92861725e-03 -1.33678586e+00 -1.33619077e+00  1.33678586e+00 -1.33678586e+00 -7.50535952e-04 -1.98315098e-03 -2.35502652e-03  7.50535952e-04  1.98315098e-03  2.35502652e-03 -1.98315098e-03  1.98315098e-03
     14.21000000  3.85355849e-03  1.33658942e+00  1.33595969e+00 -3.85355849e-03 -1.33658942e+00 -1.33595969e+00  1.33658942e+00 -1.33658942e+00 -7.50421205e-04 -1.94640841e-03 -2.26578971e-03  7.50421205e-04  1.94640841e-03  2.26578971e-03 -1.94640841e-03  1.94640841e-03
     14.31000000  3.77857386e-03  1.33639645e+00  1.33573777e+00 -3.77857386e-03 -1.33639645e+00 -1.33573777e+00  1.33639645e+00 -1.33639645e+00 -7.49081453e-04 -1.91351661e-03 -2.17204142e-03  7.49081453e-04  1.91351661e-03  2.17204142e-03 -1.91351661e-03  1.91351661e-03
     14.41000000  3.70377711e-03  1.33620662e+00  1.33552537e+00 -3.70377711e-03 -1.33620662e+00 -1.33552537e+00  1.33620662e+00 -1.33620662e+00 -7.46694614e-04 -1.88358601e-03 -2.07560551e-03  7.46694614e-04  1.88358601e-03  2.07560551e-03 -1.88358601e-03  1.88358601e-03
     14.51000000  3.62926356e-03  1.33601967e+00  1.33532268e+00 -3.62926356e-03 -1.33601967e+00 -1.33532268e+00  1.33601967e+00 -1.33601967e+00 -7.43449147e-04 -1.85574734e-03 -1.97825185e-03  7.43449147e-04  1.85574734e-03  1.97825185e-03 -1.85574734e-03  1.85574734e-03
     14.61000000  3.55510960e-03  1.33583543e+00  1.33512969e+00 -3.55510960e-03 -1.33583543e+00 -1.33512969e+00  1.33583543e+00 -1.33583543e+00 -7.39533824e-04 -1.82917791e-03 -1.88164550e-03  7.39533824e-04  1.82917791e-03  1.88164550e-03 -1.82917791e-03  1.82917791e-03
     14.71000000  3.48137310e-03  1.33565382e+00  1.33494627e+00 -3.48137310e-03 -1.33565382e+00 -1.33494627e+00  1.33565382e+00 -1.33565382e+00 -7.35128875e-04 -1.80312381e-03 -1.78730387e-03  7.35128875e-04  1.80312381e-03  1.78730387e-03 -1.80312381e-03  1.80312381e-03
     14.81000000  3.40809464e-03  1.33547481e+00  1.33477211e+00 -3.40809464e-03 -1.33547481e+00 -1.33477211e+00  1.33547481e+00 -1.33547481e+00 -7.30398649e-04 -1.77691771e-03 -1.69656253e-03  7.30398649e-04  1.77691771e-03  1.69656253e-03 -1.77691771e-03  1.77691771e-03
     14.91000000  3.33529943e-03  1.33529846e+00  1.33460680e+00 -3.33529943e-03 -1.33529846e+00 -1.33460680e+00  1.33529846e+00 -1.33529846e+00 -7.25485870e-04 -1.74999213e-03 -1.61054989e-03  7.25485870e-04  1.74999213e-03  1.61054989e-03 -1.74999213e-03  1.74999213e-03
     15.01000000  3.26299963e-03  1.33512485e+00  1.33444982e+00 -3.26299963e-03 -1.33512485e+00 -1.33444982e+00  1.33512485e+00 -1.33512485e+00 -7.20507488e-04 -1.72188813e-03 -1.53017090e-03  7.20507488e-04  1.72188813e-03  1.53017090e-03 -1.72188813e-03  1.72188813e-03
     15.11000000  3.19119713e-03  1.33495413e+00  1.33430056e+00 -3.19119713e-03 -1.33495413e+00 -1.33430056e+00  1.33495413e+00 -1.33495413e+00 -7.15552092e-04 -1.69225968e-03 -1.45609923e-03  7.15552092e-04  1.69225968e-03  1.45609923e-03 -1.69225968e-03  1.69225968e-03
     15.21000000  3.11988644e-03  1.33478646e+00  1.33415837e+00 -3.11988644e-03 -1.33478646e+00 -1.33415837e+00  1.33478646e+00 -1.33478646e+00 -7.10678800e-04 -1.66087385e-03 -1.38877758e-03  7.10678800e-04  1.66087385e-03  1.38877758e-03 -1.66087385e-03  1.66087385e-03
     15.31000000  3.04905761e-03  1.33462202e+00  1.33402257e+00 -3.04905761e-03 -1.33462202e+00 -1.33402257e+00  1.33462202e+00 -1.33462202e+00 -7.05917497e-04 -1.62760736e-03 -1.32842523e-03  7.05917497e-04  1.62760736e-03  1.32842523e-03 -1.62760736e-03  1.62760736e-03
     15.41000000  2.97869911e-03  1.33446100e+00  1.33389245e+00 -2.97869911e-03 -1.33446100e+00 -1.33389245e+00  1.33446100e+00 -1.33446100e+00 -7.01270265e-04 -1.59243984e-03 -1.27505198e-03  7.01270265e-04  1.59243984e-03  1.27505198e-03 -1.59243984e-03  1.59243984e-03
     15.51000000  2.90880050e-03  1.33430359e+00  1.33376733e+00 -2.90880050e-03 -1.33430359e+00 -1.33376733e+00  1.33430359e+00 -1.33430359e+00 -6.96713818e-04 -1.55544438e-03 -1.22847739e-03  6.96713818e-04  1.55544438e-03  1.22847739e-03 -1.55544438e-03  1.55544438e-03
     15.61000000  2.83935481e-03  1.33414997e+00  1.33364654e+00 -2.83935481e-03 -1.33414997e+00 -1.33364654e+00  1.33414997e+00 -1.33414997e+00 -6.92202752e-04 -1.51677598e-03 -1.18835427e-03  6.92202752e-04  1.51677598e-03  1.18835427e-03 -1.51677598e-03  1.51677598e-03
     15.71000000  2.77036055e-03  1.33400028e+00  1.33352946e+00 -2.77036055e-03 -1.33400028e+00 -1.33352946e+00  1.33400028e+00 -1.33400028e+00 -6.87673411e-04 -1.47665833e-03 -1.15419515e-03  6.87673411e-04  1.47665833e-03  1.15419515e-03 -1.47665833e-03  1.47665833e-03
     15.81000000  2.70182332e-03  1.33385467e+00  1.33341552e+00 -2.70182332e-03 -1.33385467e+00 -1.33341552e+00  1.33385467e+00 -1.33385467e+00 -6.83048143e-04 -1.43536970e-03 -1.12540077e-03  6.83048143e-04  1.43536970e-03  1.12540077e-03 -1.43536970e-03  1.43536970e-03
     15.91000000  2.63375701e-03  1.33371324e+00  1.33330423e+00 -2.63375701e-03 -1.33371324e+00 -1.33330423e+00  1.33371324e+00 -1.33371324e+00 -6.78239780e-04 -1.39322831e-03 -1.10128934e-03  6.78239780e-04  1.39322831e-03  1.10128934e-03 -1.39322831e-03  1.39322831e-03
     16.01000000  2.56618454e-03  1.33357604e+00  1.33319513e+00 -2.56618454e-03 -1.33357604e+00 -1.33319513e+00  1.33357604e+00 -1.33357604e+00 -6.73156135e-04 -1.35057785e-03 -1.08112566e-03  6.73156135e-04  1.35057785e-03  1.08112566e-03 -1.35057785e-03  1.35057785e-03
     16.11000000  2.49913806e-03  1.33344313e+00  1.33308789e+00 -2.49913806e-03 -1.33344313e+00 -1.33308789e+00  1.33344313e+00 -1.33344313e+00 -6.67704358e-04 -1.30777347e-03 -1.06414917e-03  6.67704358e-04  1.30777347e-03  1.06414917e-03 -1.30777347e-03  1.30777347e-03
     16.21000000  2.43265892e-03  1.33331448e+00  1.33298222e+00 -2.43265892e-03 -1.33331448e+00 -1.33298222e+00  1.33331448e+00 -1.33331448e+00 -6.61795001e-04 -1.26516875e-03 -1.04960005e-03  6.61795001e-04  1.26516875e-03  1.04960005e-03 -1.26516875e-03  1.26516875e-03
     16.31000000  2.36679707e-03  1.33319008e+00  1.33287792e+00 -2.36679707e-03 -1.33319008e+00 -1.33287792e+00  1.33319008e+00 -1.33319008e+00 -6.55345683e-04 -1.22310392e-03 -1.03674285e-03  6.55345683e-04  1.22310392e-03  1.03674285e-03 -1.22310392e-03  1.22310392e-03
     16.41000000  2.30161021e-03  1.33306983e+00  1.33277484e+00 -2.30161021e-03 -1.33306983e+00 -1.33277484e+00  1.33306983e+00 -1.33306983e+00 -6.48284238e-04 -1.18189566e-03 -1.02488705e-03  6.48284238e-04  1.18189566e-03  1.02488705e-03 -1.18189566e-03  1.18189566e-03
     16.51000000  2.23716262e-03  1.33295366e+00  1.33267293e+00 -2.23716262e-03 -1.33295366e+00 -1.33267293e+00  1.33295366e+00 -1.33295366e+00 -6.40551297e-04 -1.14182855e-03 -1.01340421e-03  6.40551297e-04  1.14182855e-03  1.01340421e-03 -1.14182855e-03  1.14182855e-03
     16.61000000  2.17352384e-03  1.33284142e+00  1.33257217e+00 -2.17352384e-03 -1.33284142e+00 -1.33257217e+00  1.33284142e+00 -1.33284142e+00 -6.32102247e-04 -1.10314844e-03 -1.00174149e-03  6.32102247e-04  1.10314844e-03  1.00174149e-03 -1.10314844e-03  1.10314844e-03
     16.71000000  2.11076701e-03  1.33273298e+00  1.33247260e+00 -2.11076701e-03 -1.33273298e+00 -1.33247260e+00  1.33273298e+00 -1.33273298e+00 -6.22908561e-04 -1.06605759e-03 -9.89431394e-04  6.22908561e-04  1.06605759e-03  9.89431394e-04 -1.06605759e-03  1.06605759e-03
     16.81000000  2.04896735e-03  1.33262815e+00  1.33237432e+00 -2.04896735e-03 -1.33262815e+00 -1.33237432e+00  1.33262815e+00 -1.33262815e+00 -6.12958486e-04 -1.03071179e-03 -9.76097934e-04  6.12958486e-04  1.03071179e-03  9.76097934e-04 -1.03071179e-03  1.03071179e-03
     16.91000000  1.98820038e-03  1.33252677e+00  1.33227743e+00 -1.98820038e-03 -1.33252677e+00 -1.33227743e+00  1.33252677e+00 -1.33252677e+00 -6.02257136e-04 -9.97219128e-04 -9.61459173e-04  6.02257136e-04  9.97219128e-04  9.61459173e-04 -9.97219128e-04  9.97219128e-04
     17.01000000  1.92854027e-03  1.33242864e+00  1.33218207e+00 -1.92854027e-03 -1.33242864e+00 -1.33218207e+00  1.33242864e+00 -1.33242864e+00 -5.90826022e-04 -9.65640533e-04 -9.45326561e-04  5.90826022e-04  9.65640533e-04  9.45326561e-04 -9.65640533e-04  9.65640533e-04
     17.11000000  1.87005828e-03  1.33233358e+00  1.33208841e+00 -1.87005828e-03 -1.33233358e+00 -1.33208841e+00  1.33233358e+00 -1.33233358e+00 -5.78702076e-04 -9.35991680e-04 -9.27601314e-04  5.78702076e-04  9.35991680e-04  9.27601314e-04 -9.35991680e-04  9.35991680e-04
     17.21000000  1.81282127e-03  1.33224138e+00  1.33199661e+00 -1.81282127e-03 -1.33224138e+00 -1.33199661e+00  1.33224138e+00 -1.33224138e+00 -5.65936244e-04 -9.08246244e-04 -9.08268262e-04  5.65936244e-04  9.08246244e-04  9.08268262e-04 -9.08246244e-04  9.08246244e-04
     17.31000000  1.75689034e-03  1.33215187e+00  1.33190681e+00 -1.75689034e-03 -1.33215187e+00 -1.33190681e+00  1.33215187e+00 -1.33215187e+00 -5.52591737e-04 -8.82340177e-04 -8.87387604e-04  5.52591737e-04  8.82340177e-04  8.87387604e-04 -8.82340177e-04  8.82340177e-04
     17.41000000  1.70231977e-03  1.33206486e+00  1.33181918e+00 -1.70231977e-03 -1.33206486e+00 -1.33181918e+00  1.33206486e+00 -1.33206486e+00 -5.38741999e-04 -8.58176806e-04 -8.65085033e-04  5.38741999e-04  8.58176806e-04  8.65085033e-04 -8.58176806e-04  8.58176806e-04
     17.51000000  1.64915607e-03  1.33198018e+00  1.33173384e+00 -1.64915607e-03 -1.33198018e+00 -1.33173384e+00  1.33198018e+00 -1.33198018e+00 -5.24468499e-04 -8.35632501e-04 -8.41540707e-04  5.24468499e-04  8.35632501e-04  8.41540707e-04 -8.35632501e-04  8.35632501e-04
     17.61000000  1.59743729e-03  1.33189768e+00  1.33165090e+00 -1.59743729e-03 -1.33189768e+00 -1.33165090e+00  1.33189768e+00 -1.33189768e+00 -5.09858425e-04 -8.14562686e-04 -8.16977534e-04  5.09858425e-04  8.14562686e-04  8.16977534e-04 -8.14562686e-04  8.14562686e-04
     17.71000000  1.54719258e-03  1.33181722e+00  1.33157047e+00 -1.54719258e-03 -1.33181722e+00 -1.33157047e+00  1.33181722e+00 -1.33181722e+00 -4.95002357e-04 -7.94807961e-04 -7.91649210e-04  4.95002357e-04  7.94807961e-04  7.91649210e-04 -7.94807961e-04  7.94807961e-04
     17.81000000  1.49844196e-03  1.33173868e+00  1.33149259e+00 -1.49844196e-03 -1.33173868e+00 -1.33149259e+00  1.33173868e+00 -1.33173868e+00 -4.79991989e-04 -7.76200128e-04 -7.65828425e-04  4.79991989e-04  7.76200128e-04  7.65828425e-04 -7.76200128e-04  7.76200128e-04
     17.91000000  1.45119630e-03  1.33166195e+00  1.33141731e+00 -1.45119630e-03 -1.33166195e+00 -1.33141731e+00  1.33166195e+00 -1.33166195e+00 -4.64917984e-04 -7.58567945e-04 -7.39795599e-04  4.64917984e-04  7.58567945e-04  7.39795599e-04 -7.58567945e-04  7.58567945e-04
     18.01000000  1.40545756e-03  1.33158694e+00  1.33134463e+00 -1.40545756e-03 -1.33158694e+00 -1.33134463e+00  1.33158694e+00 -1.33158694e+00 -4.49867991e-04 -7.41742437e-04 -7.13828461e-04  4.49867991e-04  7.41742437e-04  7.13828461e-04 -7.41742437e-04  7.41742437e-04
     18.11000000  1.36121914e-03  1.33151358e+00  1.33127453e+00 -1.36121914e-03 -1.33151358e+00 -1.33127453e+00  1.33151358e+00 -1.33151358e+00 -4.34924896e-04 -7.25561642e-04 -6.88192726e-04  4.34924896e-04  7.25561642e-04  6.88192726e-04 -7.25561642e-04  7.25561642e-04
     18.21000000  1.31846645e-03  1.33144181e+00  1.33120697e+00 -1.31846645e-03 -1.33144181e+00 -1.33120697e+00  1.33144181e+00 -1.33144181e+00 -4.20165329e-04 -7.09874693e-04 -6.63134069e-04  4.20165329e-04  7.09874693e-04  6.63134069e-04 -7.09874693e-04  7.09874693e-04
     18.31000000  1.27717764e-03  1.33137159e+00  1.33114188e+00 -1.27717764e-03 -1.33137159e+00 -1.33114188e+00  1.33137159e+00 -1.33137159e+00 -4.05658442e-04 -6.94545171e-04 -6.38871531e-04  4.05658442e-04  6.94545171e-04  6.38871531e-04 -6.94545171e-04  6.94545171e-04
     18.41000000  1.23732431e-03  1.33130289e+00  1.33107916e+00 -1.23732431e-03 -1.33130289e+00 -1.33107916e+00  1.33130289e+00 -1.33130289e+00 -3.91464998e-04 -6.79453680e-04 -6.15592432e-04  3.91464998e-04  6.79453680e-04  6.15592432e-04 -6.79453680e-04  6.79453680e-04
     18.51000000  1.19887245e-03  1.33123570e+00  1.33101872e+00 -1.19887245e-03 -1.33123570e+00 -1.33101872e+00  1.33123570e+00 -1.33123570e+00 -3.77636742e-04 -6.64499645e-04 -5.93448814e-04  3.77636742e-04  6.64499645e-04  5.93448814e-04 -6.64499645e-04  6.64499645e-04
     18.61000000  1.16178336e-03  1.33116999e+00  1.33096043e+00 -1.16178336e-03 -1.33116999e+00 -1.33096043e+00  1.33116999e+00 -1.33116999e+00 -3.64216073e-04 -6.49602347e-04 -5.72555376e-04  3.64216073e-04  6.49602347e-04  5.72555376e-04 -6.49602347e-04  6.49602347e-04
     18.71000000  1.12601454e-03  1.33110578e+00  1.33090417e+00 -1.12601454e-03 -1.33110578e+00 -1.33090417e+00  1.33110578e+00 -1.33110578e+00 -3.51235983e-04 -6.34701230e-04 -5.52988843e-04  3.51235983e-04  6.34701230e-04  5.52988843e-04 -6.34701230e-04  6.34701230e-04
     18.81000000  1.09152068e-03  1.33104305e+00  1.33084979e+00 -1.09152068e-03 -1.33104305e+00 -1.33084979e+00  1.33104305e+00 -1.33104305e+00 -3.38720256e-04 -6.19755539e-04 -5.34788624e-04  3.38720256e-04  6.19755539e-04  5.34788624e-04 -6.19755539e-04  6.19755539e-04
     18.91000000  1.05825451e-03  1.33098183e+00  1.33079716e+00 -1.05825451e-03 -1.33098183e+00 -1.33079716e+00  1.33098183e+00 -1.33098183e+00 -3.26683882e-04 -6.04743379e-04 -5.17958649e-04  3.26683882e-04  6.04743379e-04  5.17958649e-04 -6.04743379e-04  6.04743379e-04
     19.01000000  1.02616769e-03  1.33092211e+00  1.33074615e+00 -1.02616769e-03 -1.33092211e+00 -1.33074615e+00  1.33092211e+00 -1.33092211e+00 -3.15133670e-04 -5.89660248e-04 -5.02470181e-04  3.15133670e-04  5.89660248e-04  5.02470181e-04 -5.89660248e-04  5.89660248e-04
     19.11000000  9.95211579e-04  1.33086390e+00  1.33069662e+00 -9.95211579e-04 -1.33086390e+00 -1.33069662e+00  1.33086390e+00 -1.33086390e+00 -3.04069016e-04 -5.74517181e-04 -4.88265448e-04  3.04069016e-04  5.74517181e-04  4.88265448e-04 -5.74517181e-04  5.74517181e-04
     19.21000000  9.65337930e-04  1.33080721e+00  1.33064846e+00 -9.65337930e-04 -1.33080721e+00 -1.33064846e+00  1.33080721e+00 -1.33080721e+00 -2.93482788e-04 -5.59338569e-04 -4.75261872e-04  2.93482788e-04  5.59338569e-04  4.75261872e-04 -5.59338569e-04  5.59338569e-04
     19.31000000  9.36499492e-04  1.33075203e+00  1.33060154e+00 -9.36499492e-04 -1.33075203e+00 -1.33060154e+00  1.33075203e+00 -1.33075203e+00 -2.83362292e-04 -5.44159768e-04 -4.63356724e-04  2.83362292e-04  5.44159768e-04  4.63356724e-04 -5.44159768e-04  5.44159768e-04
     19.41000000  9.08650518e-04  1.33069837e+00  1.33055575e+00 -9.08650518e-04 -1.33069837e+00 -1.33055575e+00  1.33069837e+00 -1.33069837e+00 -2.73690287e-04 -5.29024598e-04 -4.52432004e-04  2.73690287e-04  5.29024598e-04  4.52432004e-04 -5.29024598e-04  5.29024598e-04
     19.51000000  8.81747174e-04  1.33064622e+00  1.33051102e+00 -8.81747174e-04 -1.33064622e+00 -1.33051102e+00  1.33064622e+00 -1.33064622e+00 -2.64446009e-04 -5.13982809e-04 -4.42359361e-04  2.64446009e-04  5.13982809e-04  4.42359361e-04 -5.13982809e-04  5.13982809e-04
     19.61000000  8.55747833e-04  1.33059557e+00  1.33046726e+00 -8.55747833e-04 -1.33059557e+00 -1.33046726e+00  1.33059557e+00 -1.33059557e+00 -2.55606175e-04 -4.99087617e-04 -4.33004903e-04  2.55606175e-04  4.99087617e-04  4.33004903e-04 -4.99087617e-04  4.99087617e-04
     19.71000000  8.30613285e-04  1.33054640e+00  1.33042440e+00 -8.30613285e-04 -1.33054640e+00 -1.33042440e+00  1.33054640e+00 -1.33054640e+00 -2.47145939e-04 -4.84393365e-04 -4.24233742e-04  2.47145939e-04  4.84393365e-04  4.24233742e-04 -4.84393365e-04  4.84393365e-04
     19.81000000  8.06306843e-04  1.33049868e+00  1.33038240e+00 -8.06306843e-04 -1.33049868e+00 -1.33038240e+00  1.33049868e+00 -1.33049868e+00 -2.39039777e-04 -4.69953378e-04 -4.15914149e-04  2.39039777e-04  4.69953378e-04  4.15914149e-04 -4.69953378e-04  4.69953378e-04
     19.91000000  7.82794375e-04  1.33045240e+00  1.33034121e+00 -7.82794375e-04 -1.33045240e+00 -1.33034121e+00  1.33045240e+00 -1.33045240e+00 -2.31262279e-04 -4.55818075e-04 -4.07921243e-04  2.31262279e-04  4.55818075e-04  4.07921243e-04 -4.55818075e-04  4.55818075e-04
     20.01000000  7.60044254e-04  1.33040751e+00  1.33030081e+00 -7.60044254e-04 -1.33040751e+00 -1.33030081e+00  1.33040751e+00 -1.33040751e+00 -2.23788841e-04 -4.42033348e-04 -4.00140101e-04  2.23788841e-04  4.42033348e-04  4.00140101e-04 -4.42033348e-04  4.42033348e-04
     20.11000000  7.38027248e-04  1.33036398e+00  1.33026118e+00 -7.38027248e-04 -1.33036398e+00 -1.33026118e+00  1.33036398e+00 -1.33036398e+00 -2.16596238e-04 -4.28639258e-04 -3.92468282e-04  2.16596238e-04  4.28639258e-04  3.92468282e-04 -4.28639258e-04  4.28639258e-04
     20.21000000  7.16716360e-04  1.33032177e+00  1.33022231e+00 -7.16716360e-04 -1.33032177e+00 -1.33022231e+00  1.33032177e+00 -1.33032177e+00 -2.09663077e-04 -4.15669054e-04 -3.84817714e-04  2.09663077e-04  4.15669054e-04  3.84817714e-04 -4.15669054e-04  4.15669054e-04
     20.31000000  6.96086628e-04  1.33028083e+00  1.33018421e+00 -6.96086628e-04 -1.33028083e+00 -1.33018421e+00  1.33028083e+00 -1.33028083e+00 -2.02970134e-04 -4.03148500e-04 -3.77115949e-04  2.02970134e-04  4.03148500e-04  3.77115949e-04 -4.03148500e-04  4.03148500e-04
     20.41000000  6.76114891e-04  1.33024112e+00  1.33014689e+00 -6.76114891e-04 -1.33024112e+00 -1.33014689e+00  1.33024112e+00 -1.33024112e+00 -1.96500565e-04 -3.91095530e-04 -3.69306808e-04  1.96500565e-04  3.91095530e-04  3.69306808e-04 -3.91095530e-04  3.91095530e-04
     20.51000000  6.56779550e-04  1.33020259e+00  1.33011036e+00 -6.56779550e-04 -1.33020259e+00 -1.33011036e+00  1.33020259e+00 -1.33020259e+00 -1.90240019e-04 -3.79520179e-04 -3.61350454e-04  1.90240019e-04  3.79520179e-04  3.61350454e-04 -3.79520179e-04  3.79520179e-04
     20.61000000  6.38060317e-04  1.33016520e+00  1.33007463e+00 -6.38060317e-04 -1.33016520e+00 -1.33007463e+00  1.33016520e+00 -1.33016520e+00 -1.84176632e-04 -3.68424798e-04 -3.53222930e-04  1.84176632e-04  3.68424798e-04  3.53222930e-04 -3.68424798e-04  3.68424798e-04
     20.71000000  6.19937969e-04  1.33012889e+00  1.33003972e+00 -6.19937969e-04 -1.33012889e+00 -1.33003972e+00  1.33012889e+00 -1.33012889e+00 -1.78300944e-04 -3.57804490e-04 -3.44915251e-04  1.78300944e-04  3.57804490e-04  3.44915251e-04 -3.57804490e-04  3.57804490e-04
     20.81000000  6.02394115e-04  1.33009362e+00  1.33000565e+00 -6.02394115e-04 -1.33009362e+00 -1.33000565e+00  1.33009362e+00 -1.33009362e+00 -1.72605734e-04 -3.47647750e-04 -3.36432099e-04  1.72605734e-04  3.47647750e-04  3.36432099e-04 -3.47647750e-04  3.47647750e-04
     20.91000000  5.85410982e-04  1.33005935e+00  1.32997244e+00 -5.85410982e-04 -1.33005935e+00 -1.32997244e+00  1.33005935e+00 -1.33005935e+00 -1.67085796e-04 -3.37937261e-04 -3.27790209e-04  1.67085796e-04  3.37937261e-04  3.27790209e-04 -3.37937261e-04  3.37937261e-04
     21.01000000  5.68971231e-04  1.33002602e+00  1.32994010e+00 -5.68971231e-04 -1.33002602e+00 -1.32994010e+00  1.33002602e+00 -1.33002602e+00 -1.61737655e-04 -3.28650811e-04 -3.19016534e-04  1.61737655e-04  3.28650811e-04  3.19016534e-04 -3.28650811e-04  3.28650811e-04
     21.11000000  5.53057794e-04  1.32999361e+00  1.32990864e+00 -5.53057794e-04 -1.32999361e+00 -1.32990864e+00  1.32999361e+00 -1.32999361e+00 -1.56559271e-04 -3.19762278e-04 -3.10146251e-04  1.56559271e-04  3.19762278e-04  3.10146251e-04 -3.19762278e-04  3.19762278e-04
     21.21000000  5.37653750e-04  1.32996206e+00  1.32987807e+00 -5.37653750e-04 -1.32996206e+00 -1.32987807e+00  1.32996206e+00 -1.32996206e+00 -1.51549704e-04 -3.11242662e-04 -3.01220707e-04  1.51549704e-04  3.11242662e-04  3.01220707e-04 -3.11242662e-04  3.11242662e-04
     21.31000000  5.22742232e-04  1.32993135e+00  1.32984839e+00 -5.22742232e-04 -1.32993135e+00 -1.32984839e+00  1.32993135e+00 -1.32993135e+00 -1.46708790e-04 -3.03061109e-04 -2.92285359e-04  1.46708790e-04  3.03061109e-04  2.92285359e-04 -3.03061109e-04  3.03061109e-04
     21.41000000  5.08306361e-04  1.32990144e+00  1.32981961e+00 -5.08306361e-04 -1.32990144e+00 -1.32981961e+00  1.32990144e+00 -1.32990144e+00 -1.42036813e-04 -2.95185906e-04 -2.83387785e-04  1.42036813e-04  2.95185906e-04  2.83387785e-04 -2.95185906e-04  2.95185906e-04
     21.51000000  4.94329223e-04  1.32987230e+00  1.32979171e+00 -4.94329223e-04 -1.32987230e+00 -1.32979171e+00  1.32987230e+00 -1.32987230e+00 -1.37534205e-04 -2.87585412e-04 -2.74575821e-04  1.37534205e-04  2.87585412e-04  2.74575821e-04 -2.87585412e-04  2.87585412e-04
     21.61000000  4.80793864e-04  1.32984391e+00  1.32976469e+00 -4.80793864e-04 -1.32984391e+00 -1.32976469e+00  1.32984391e+00 -1.32984391e+00 -1.33201267e-04 -2.80228904e-04 -2.65895871e-04  1.33201267e-04  2.80228904e-04  2.65895871e-04 -2.80228904e-04  2.80228904e-04
     21.71000000  4.67683316e-04  1.32981625e+00  1.32973853e+00 -4.67683316e-04 -1.32981625e+00 -1.32973853e+00  1.32981625e+00 -1.32981625e+00 -1.29037928e-04 -2.73087312e-04 -2.57391422e-04  1.29037928e-04  2.73087312e-04  2.57391422e-04 -2.73087312e-04  2.73087312e-04
     21.81000000  4.54980646e-04  1.32978929e+00  1.32971321e+00 -4.54980646e-04 -1.32978929e+00 -1.32971321e+00  1.32978929e+00 -1.32978929e+00 -1.25043542e-04 -2.66133846e-04 -2.49101805e-04  1.25043542e-04  2.66133846e-04  2.49101805e-04 -2.66133846e-04  2.66133846e-04
     21.91000000  4.42669021e-04  1.32976301e+00  1.32968870e+00 -4.42669021e-04 -1.32976301e+00 -1.32968870e+00  1.32976301e+00 -1.32976301e+00 -1.21216730e-04 -2.59344478e-04 -2.41061204e-04  1.21216730e-04  2.59344478e-04  2.41061204e-04 -2.59344478e-04  2.59344478e-04
     22.01000000  4.30731787e-04  1.32973741e+00  1.32966498e+00 -4.30731787e-04 -1.32973741e+00 -1.32966498e+00  1.32973741e+00 -1.32973741e+00 -1.17555267e-04 -2.52698306e-04 -2.33297933e-04  1.17555267e-04  2.52698306e-04  2.33297933e-04 -2.52698306e-04  2.52698306e-04
     22.11000000  4.19152559e-04  1.32971247e+00  1.32964203e+00 -4.19152559e-04 -1.32971247e+00 -1.32964203e+00  1.32971247e+00 -1.32971247e+00 -1.14056014e-04 -2.46177781e-04 -2.25833970e-04  1.14056014e-04  2.46177781e-04  2.25833970e-04 -2.46177781e-04  2.46177781e-04
     22.21000000  4.07915312e-04  1.32968817e+00  1.32961981e+00 -4.07915312e-04 -1.32968817e+00 -1.32961981e+00  1.32968817e+00 -1.32968817e+00 -1.10714892e-04 -2.39768806e-04 -2.18684739e-04  1.10714892e-04  2.39768806e-04  2.18684739e-04 -2.39768806e-04  2.39768806e-04
     22.31000000  3.97004476e-04  1.32966451e+00  1.32959828e+00 -3.97004476e-04 -1.32966451e+00 -1.32959828e+00  1.32966451e+00 -1.32966451e+00 -1.07526896e-04 -2.33460722e-04 -2.11859135e-04  1.07526896e-04  2.33460722e-04  2.11859135e-04 -2.33460722e-04  2.33460722e-04
     22.41000000  3.86405024e-04  1.32964148e+00  1.32957742e+00 -3.86405024e-04 -1.32964148e+00 -1.32957742e+00  1.32964148e+00 -1.32964148e+00 -1.04486152e-04 -2.27246181e-04 -2.05359749e-04  1.04486152e-04  2.27246181e-04  2.05359749e-04 -2.27246181e-04  2.27246181e-04
     22.51000000  3.76102559e-04  1.32961906e+00  1.32955720e+00 -3.76102559e-04 -1.32961906e+00 -1.32955720e+00  1.32961906e+00 -1.32961906e+00 -1.01585992e-04 -2.21120937e-04 -1.99183282e-04  1.01585992e-04  2.21120937e-04  1.99183282e-04 -2.21120937e-04  2.21120937e-04
     22.61000000  3.66083384e-04  1.32959725e+00  1.32953758e+00 -3.66083384e-04 -1.32959725e+00 -1.32953758e+00  1.32959725e+00 -1.32959725e+00 -9.88190691e-05 -2.15083551e-04 -1.93321108e-04  9.88190691e-05  2.15083551e-04  1.93321108e-04 -2.15083551e-04  2.15083551e-04
     22.71000000  3.56334566e-04  1.32957604e+00  1.32951853e+00 -3.56334566e-04 -1.32957604e+00 -1.32951853e+00  1.32957604e+00 -1.32957604e+00 -9.61774855e-05 -2.09135039e-04 -1.87759962e-04  9.61774855e-05  2.09135039e-04  1.87759962e-04 -2.09135039e-04  2.09135039e-04
     22.81000000  3.46843985e-04  1.32955542e+00  1.32950002e+00 -3.46843985e-04 -1.32955542e+00 -1.32950002e+00  1.32955542e+00 -1.32955542e+00 -9.36529333e-05 -2.03278481e-04 -1.82482701e-04  9.36529333e-05  2.03278481e-04  1.82482701e-04 -2.03278481e-04  2.03278481e-04
     22.91000000  3.37600364e-04  1.32953538e+00  1.32948202e+00 -3.37600364e-04 -1.32953538e+00 -1.32948202e+00  1.32953538e+00 -1.32953538e+00 -9.12368471e-05 -1.97518598e-04 -1.77469138e-04  9.12368471e-05  1.97518598e-04  1.77469138e-04 -1.97518598e-04  1.97518598e-04
     23.01000000  3.28593289e-04  1.32951591e+00  1.32946451e+00 -3.28593289e-04 -1.32951591e+00 -1.32946451e+00  1.32951591e+00 -1.32951591e+00 -8.89205567e-05 -1.91861323e-04 -1.72696876e-04  8.89205567e-05  1.91861323e-04  1.72696876e-04 -1.91861323e-04  1.91861323e-04
     23.11000000  3.19813214e-04  1.32949701e+00  1.32944747e+00 -3.19813214e-04 -1.32949701e+00 -1.32944747e+00  1.32949701e+00 -1.32949701e+00 -8.66954377e-05 -1.86313372e-04 -1.68142147e-04  8.66954377e-05  1.86313372e-04  1.68142147e-04 -1.86313372e-04  1.86313372e-04
     23.21000000  3.11251444e-04  1.32947865e+00  1.32943088e+00 -3.11251444e-04 -1.32947865e+00 -1.32943088e+00  1.32947865e+00 -1.32947865e+00 -8.45530541e-05 -1.80881839e-04 -1.63780616e-04  8.45530541e-05  1.80881839e-04  1.63780616e-04 -1.80881839e-04  1.80881839e-04
     23.31000000  3.02900116e-04  1.32946083e+00  1.32941471e+00 -3.02900116e-04 -1.32946083e+00 -1.32941471e+00  1.32946083e+00 -1.32946083e+00 -8.24852887e-05 -1.75573813e-04 -1.59588121e-04  8.24852887e-05  1.75573813e-04  1.59588121e-04 -1.75573813e-04  1.75573813e-04
     23.41000000  2.94752156e-04  1.32944353e+00  1.32939896e+00 -2.94752156e-04 -1.32944353e+00 -1.32939896e+00  1.32944353e+00 -1.32944353e+00 -8.04844597e-05 -1.70396042e-04 -1.55541347e-04  8.04844597e-05  1.70396042e-04  1.55541347e-04 -1.70396042e-04  1.70396042e-04
     23.51000000  2.86801232e-04  1.32942674e+00  1.32938360e+00 -2.86801232e-04 -1.32942674e+00 -1.32938360e+00  1.32942674e+00 -1.32942674e+00 -7.85434183e-05 -1.65354631e-04 -1.51618401e-04  7.85434183e-05  1.65354631e-04  1.51618401e-04 -1.65354631e-04  1.65354631e-04
     23.61000000  2.79041698e-04  1.32941045e+00  1.32936863e+00 -2.79041698e-04 -1.32941045e+00 -1.32936863e+00  1.32941045e+00 -1.32941045e+00 -7.66556279e-05 -1.60454806e-04 -1.47799294e-04  7.66556279e-05  1.60454806e-04  1.47799294e-04 -1.60454806e-04  1.60454806e-04
     23.71000000  2.71468528e-04  1.32939465e+00  1.32935404e+00 -2.71468528e-04 -1.32939465e+00 -1.32935404e+00  1.32939465e+00 -1.32939465e+00 -7.48152227e-05 -1.55700719e-04 -1.44066313e-04  7.48152227e-05  1.55700719e-04  1.44066313e-04 -1.55700719e-04  1.55700719e-04
     23.81000000  2.64077247e-04  1.32937931e+00  1.32933981e+00 -2.64077247e-04 -1.32937931e+00 -1.32933981e+00  1.32937931e+00 -1.32937931e+00 -7.30170454e-05 -1.51095314e-04 -1.40404286e-04  7.30170454e-05  1.51095314e-04  1.40404286e-04 -1.51095314e-04  1.51095314e-04
     23.91000000  2.56863860e-04  1.32936442e+00  1.32932595e+00 -2.56863860e-04 -1.32936442e+00 -1.32932595e+00  1.32936442e+00 -1.32936442e+00 -7.12566654e-05 -1.46640247e-04 -1.36800747e-04  7.12566654e-05  1.46640247e-04  1.36800747e-04 -1.46640247e-04  1.46640247e-04
     24.01000000  2.49824778e-04  1.32934998e+00  1.32931245e+00 -2.49824778e-04 -1.32934998e+00 -1.32931245e+00  1.32934998e+00 -1.32934998e+00 -6.95303774e-05 -1.42335854e-04 -1.33245985e-04  6.95303774e-05  1.42335854e-04  1.33245985e-04 -1.42335854e-04  1.42335854e-04
     24.11000000  2.42956748e-04  1.32933595e+00  1.32929930e+00 -2.42956748e-04 -1.32933595e+00 -1.32929930e+00  1.32933595e+00 -1.32933595e+00 -6.78351826e-05 -1.38181171e-04 -1.29733017e-04  6.78351826e-05  1.38181171e-04  1.29733017e-04 -1.38181171e-04  1.38181171e-04
     24.21000000  2.36256783e-04  1.32932233e+00  1.32928650e+00 -2.36256783e-04 -1.32932233e+00 -1.32928650e+00  1.32932233e+00 -1.32932233e+00 -6.61687542e-05 -1.34173993e-04 -1.26257464e-04  6.61687542e-05  1.34173993e-04  1.26257464e-04 -1.34173993e-04  1.34173993e-04
     24.31000000  2.29722096e-04  1.32930911e+00  1.32927405e+00 -2.29722096e-04 -1.32930911e+00 -1.32927405e+00  1.32930911e+00 -1.32930911e+00 -6.45293897e-05 -1.30310972e-04 -1.22817367e-04  6.45293897e-05  1.30310972e-04  1.22817367e-04 -1.30310972e-04  1.30310972e-04
     24.41000000  2.23350042e-04  1.32929627e+00  1.32926194e+00 -2.23350042e-04 -1.32929627e+00 -1.32926194e+00  1.32929627e+00 -1.32929627e+00 -6.29159525e-05 -1.26587741e-04 -1.19412930e-04  6.29159525e-05  1.26587741e-04  1.19412930e-04 -1.26587741e-04  1.26587741e-04
     24.51000000  2.17138063e-04  1.32928379e+00  1.32925017e+00 -2.17138063e-04 -1.32928379e+00 -1.32925017e+00  1.32928379e+00 -1.32928379e+00 -6.13278048e-05 -1.22999065e-04 -1.16046236e-04  6.13278048e-05  1.22999065e-04  1.16046236e-04 -1.22999065e-04  1.22999065e-04
     24.61000000  2.11083645e-04  1.32927166e+00  1.32923873e+00 -2.11083645e-04 -1.32927166e+00 -1.32923873e+00  1.32927166e+00 -1.32927166e+00 -5.97647355e-05 -1.19539004e-04 -1.12720913e-04  5.97647355e-05  1.19539004e-04  1.12720913e-04 -1.19539004e-04  1.19539004e-04
     24.71000000  2.05184276e-04  1.32925988e+00  1.32922762e+00 -2.05184276e-04 -1.32925988e+00 -1.32922762e+00  1.32925988e+00 -1.32925988e+00 -5.82268844e-05 -1.16201090e-04 -1.09441799e-04  5.82268844e-05  1.16201090e-04  1.09441799e-04 -1.16201090e-04  1.16201090e-04
     24.81000000  1.99437414e-04  1.32924842e+00  1.32921684e+00 -1.99437414e-04 -1.32924842e+00 -1.32921684e+00  1.32924842e+00 -1.32924842e+00 -5.67146666e-05 -1.12978499e-04 -1.06214590e-04  5.67146666e-05  1.12978499e-04  1.06214590e-04 -1.12978499e-04  1.12978499e-04
     24.91000000  1.93840468e-04  1.32923728e+00  1.32920638e+00 -1.93840468e-04 -1.32923728e+00 -1.32920638e+00  1.32923728e+00 -1.32923728e+00 -5.52286979e-05 -1.09864228e-04 -1.03045500e-04  5.52286979e-05  1.09864228e-04  1.03045500e-04 -1.09864228e-04  1.09864228e-04
