     pmax             theta[0]          theta[1]          theta[2]        theta[3]          theta[4]       theta[5]            theta[6]         theta[7]
  2.00000000e-01  -1.42463486e-01   8.80255503e-01   8.43241032e-01   3.38279790e-01  -9.24523483e-01  -9.90510549e-01   8.80255503e-01  -9.24523483e-01 
  1.90000000e-01  -1.42845924e-01   8.80540085e-01   8.43385672e-01   3.38012060e-01  -9.26080241e-01  -9.91995988e-01   8.80540085e-01  -9.26080241e-01 
  1.80000000e-01  -1.43301756e-01   8.80856856e-01   8.43541049e-01   3.37690913e-01  -9.27899387e-01  -9.93731460e-01   8.80856856e-01  -9.27899387e-01 
  1.70000000e-01  -1.43851133e-01   8.81208520e-01   8.43705453e-01   3.37301111e-01  -9.30042986e-01  -9.95776030e-01   8.81208520e-01  -9.30042986e-01 
  1.60000000e-01  -1.44521567e-01   8.81596717e-01   8.43874979e-01   3.36821649e-01  -9.32592428e-01  -9.98207133e-01   8.81596717e-01  -9.32592428e-01 
  1.50000000e-01  -1.45351348e-01   8.82020689e-01   8.44041889e-01   3.36222998e-01  -9.35656020e-01  -1.00112779e+00   8.82020689e-01  -9.35656020e-01 
  1.40000000e-01  -1.46394876e-01   8.82474827e-01   8.44191728e-01   3.35462760e-01  -9.39380214e-01  -1.00467727e+00   8.82474827e-01  -9.39380214e-01 
  1.30000000e-01  -1.47731190e-01   8.82944105e-01   8.44298260e-01   3.34478655e-01  -9.43966523e-01  -1.00904720e+00   8.82944105e-01  -9.43966523e-01 
  1.20000000e-01  -1.49477893e-01   8.83395628e-01   8.44314415e-01   3.33176982e-01  -9.49697447e-01  -1.01450618e+00   8.83395628e-01  -9.49697447e-01 
  1.10000000e-01  -1.51814253e-01   8.83762969e-01   8.44156056e-01   3.31413354e-01  -9.56976766e-01  -1.02143819e+00   8.83762969e-01  -9.56976766e-01 
  1.00000000e-01  -1.55019762e-01   8.83917469e-01   8.43672976e-01   3.28960476e-01  -9.66392442e-01  -1.03040246e+00   8.83917469e-01  -9.66392442e-01 
  9.00000000e-02  -1.59537158e-01   8.83617485e-01   8.42598839e-01   3.25455848e-01  -9.78812784e-01  -1.04222522e+00   8.83617485e-01  -9.78812784e-01 
  8.00000000e-02  -1.66066308e-01   8.82427962e-01   8.40474052e-01   3.20326544e-01  -9.95520845e-01  -1.05812771e+00   8.82427962e-01  -9.95520845e-01 
  7.00000000e-02  -1.75661357e-01   8.79634292e-01   8.36569012e-01   3.12725650e-01  -1.01834523e+00  -1.07984969e+00   8.79634292e-01  -1.01834523e+00 
  6.00000000e-02  -1.89651367e-01   8.74325884e-01   8.29989313e-01   3.01674534e-01  -1.04955514e+00  -1.10954174e+00   8.74325884e-01  -1.04955514e+00 
  5.00000000e-02  -2.08814604e-01   8.66230058e-01   8.20551104e-01   2.87010810e-01  -1.09082802e+00  -1.14875073e+00   8.66230058e-01  -1.09082802e+00 
  4.00000000e-02  -2.31247789e-01   8.57917986e-01   8.11052292e-01   2.71759204e-01  -1.14068335e+00  -1.19590266e+00   8.57917986e-01  -1.14068335e+00 
  3.00000000e-02  -2.51586555e-01   8.55845979e-01   8.08441563e-01   2.63471173e-01  -1.19372890e+00  -1.24553901e+00   8.55845979e-01  -1.19372890e+00 
  2.00000000e-02  -2.68259314e-01   8.64206117e-01   8.18188050e-01   2.69304137e-01  -1.25038572e+00  -1.29764120e+00   8.64206117e-01  -1.25038572e+00 
