       pmax             theta[0]          theta[1]          theta[2]        theta[3]          theta[4]       theta[5]            theta[6]         theta[7]
  2.00000000e-01  -7.56681870e-02   1.04176652e+00   1.06276370e+00   7.56681870e-02  -1.04176652e+00  -1.06276370e+00   1.04176652e+00  -1.04176652e+00 
  1.90000000e-01  -7.52715329e-02   1.04337964e+00   1.06423034e+00   7.52715329e-02  -1.04337964e+00  -1.06423034e+00   1.04337964e+00  -1.04337964e+00 
  1.80000000e-01  -7.48123227e-02   1.04524631e+00   1.06592749e+00   7.48123227e-02  -1.04524631e+00  -1.06592749e+00   1.04524631e+00  -1.04524631e+00 
  1.70000000e-01  -7.42771266e-02   1.04742071e+00   1.06790440e+00   7.42771266e-02  -1.04742071e+00  -1.06790440e+00   1.04742071e+00  -1.04742071e+00 
  1.60000000e-01  -7.36488780e-02   1.04997159e+00   1.07022361e+00   7.36488780e-02  -1.04997159e+00  -1.07022361e+00   1.04997159e+00  -1.04997159e+00 
  1.50000000e-01  -7.29057087e-02   1.05298693e+00   1.07296516e+00   7.29057087e-02  -1.05298693e+00  -1.07296516e+00   1.05298693e+00  -1.05298693e+00 
  1.40000000e-01  -7.20193757e-02   1.05658010e+00   1.07623225e+00   7.20193757e-02  -1.05658010e+00  -1.07623225e+00   1.05658010e+00  -1.05658010e+00 
  1.30000000e-01  -7.09531465e-02   1.06089826e+00   1.08015892e+00   7.09531465e-02  -1.06089826e+00  -1.08015892e+00   1.06089826e+00  -1.06089826e+00 
  1.20000000e-01  -6.96590014e-02   1.06613321e+00   1.08492004e+00   6.96590014e-02  -1.06613321e+00  -1.08492004e+00   1.06613321e+00  -1.06613321e+00 
  1.10000000e-01  -6.80740533e-02   1.07253521e+00   1.09074416e+00   6.80740533e-02  -1.07253521e+00  -1.09074416e+00   1.07253521e+00  -1.07253521e+00 
  1.00000000e-01  -6.61162881e-02   1.08042909e+00   1.09792858e+00   6.61162881e-02  -1.08042909e+00  -1.09792858e+00   1.08042909e+00  -1.08042909e+00 
  9.00000000e-02  -6.36802923e-02   1.09022947e+00   1.10685418e+00   6.36802923e-02  -1.09022947e+00  -1.10685418e+00   1.09022947e+00  -1.09022947e+00 
  8.00000000e-02  -6.06349576e-02   1.10244663e+00   1.11799239e+00   6.06349576e-02  -1.10244663e+00  -1.11799239e+00   1.10244663e+00  -1.10244663e+00 
  7.00000000e-02  -5.68276392e-02   1.11766371e+00   1.13188743e+00   5.68276392e-02  -1.11766371e+00  -1.13188743e+00   1.11766371e+00  -1.11766371e+00 
  6.00000000e-02  -5.21023901e-02   1.13645325e+00   1.14908449e+00   5.21023901e-02  -1.13645325e+00  -1.14908449e+00   1.13645325e+00  -1.13645325e+00 
  5.00000000e-02  -4.63390037e-02   1.15920444e+00   1.16997642e+00   4.63390037e-02  -1.15920444e+00  -1.16997642e+00   1.15920444e+00  -1.15920444e+00 
  4.00000000e-02  -3.95015116e-02   1.18590705e+00   1.19460653e+00   3.95015116e-02  -1.18590705e+00  -1.19460653e+00   1.18590705e+00  -1.18590705e+00 
  3.00000000e-02  -3.16372523e-02   1.21612628e+00   1.22263824e+00   3.16372523e-02  -1.21612628e+00  -1.22263824e+00   1.21612628e+00  -1.21612628e+00 
  2.00000000e-02  -2.27348984e-02   1.24950240e+00   1.25380729e+00   2.27348984e-02  -1.24950240e+00  -1.25380729e+00   1.24950240e+00  -1.24950240e+00 
  1.00000000e-02  -1.24752565e-02   1.28652769e+00   1.28865364e+00   1.24752565e-02  -1.28652769e+00  -1.28865364e+00   1.28652769e+00  -1.28652769e+00 
 -3.12250226e-17  -1.21492735e-14   1.32885124e+00   1.32885124e+00   1.20206046e-14  -1.32885124e+00  -1.32885124e+00   1.32885124e+00  -1.32885124e+00 
