      0.00000000  1.22633382e-04  -8.59544322e-03  -8.60080161e-03  -1.22633382e-04   8.59544322e-03   8.60080161e-03  -8.59544322e-03   8.59544322e-03  -2.41348157e-19   6.21886005e-17   3.52463887e-17   1.97671789e-19  -5.76551901e-17  -4.52275386e-17   6.21886005e-17  -5.76551901e-17 
      0.10000000  5.30183055e-04  -8.37215550e-03  -8.34448626e-03  -9.54354785e-04   8.49245480e-03   8.52805940e-03  -8.37215550e-03   8.49245480e-03   1.69412658e-18   1.10135940e-16   1.09388314e-16   3.30294988e-18   1.10979120e-16   1.07929393e-16   1.10135940e-16   1.10979120e-16 
      0.20000000  7.90254915e-04  -8.21396464e-03  -8.15780732e-03  -1.54892041e-03   8.42869014e-03   8.48702181e-03  -8.21396464e-03   8.42869014e-03   5.02551498e-18   1.08654717e-16   1.10391309e-16   1.10190886e-17   1.09126039e-16   1.11017668e-16   1.08654717e-16   1.09126039e-16 
      0.30000000  9.81534700e-04  -8.09158561e-03  -8.01113468e-03  -2.02171215e-03   8.38619429e-03   8.46209477e-03  -8.09158561e-03   8.38619429e-03   5.96303574e-18   1.10132048e-16   1.05297095e-16   1.38158652e-17   1.10842437e-16   1.10776255e-16   1.10132048e-16   1.10842437e-16 
      0.40000000  1.13216670e-03  -7.99358572e-03  -7.89281135e-03  -2.41743431e-03   8.35862590e-03   8.44799860e-03  -7.99358572e-03   8.35862590e-03   6.12220667e-18   1.10319568e-16   1.10250868e-16   1.23462911e-17   1.09942772e-16   1.08884587e-16   1.10319568e-16   1.09942772e-16 
      0.50000000  1.25628727e-03  -7.91397465e-03  -7.79671013e-03  -2.76060261e-03   8.34322178e-03   8.44253122e-03  -7.91397465e-03   8.34322178e-03   8.74274499e-18   1.10234554e-16   1.06940997e-16   2.71576321e-17   1.10619077e-16   1.10340665e-16   1.10234554e-16   1.10619077e-16 
      0.60000000  1.36249200e-03  -7.84936127e-03  -7.71948837e-03  -3.06788104e-03   8.33922696e-03   8.44514602e-03  -7.84936127e-03   8.33922696e-03   1.08432135e-17   1.10671229e-16   1.10749918e-16   2.25222992e-17   1.10333297e-16   1.10979602e-16   1.10671229e-16   1.10333297e-16 
      0.70000000  1.45719619e-03  -7.79823105e-03  -7.66011247e-03  -3.35400055e-03   8.34814284e-03   8.45709325e-03  -7.79823105e-03   8.34814284e-03   1.29039714e-17   1.09472683e-16   1.10996672e-16   2.67418369e-17   1.09800228e-16   1.06171058e-16   1.09472683e-16   1.09800228e-16 
      0.80000000  1.54796672e-03  -7.76210991e-03  -7.62209031e-03  -3.64136693e-03   8.37761462e-03   8.48448108e-03  -7.76210991e-03   8.37761462e-03   1.35540271e-17   1.10559824e-16   1.06544100e-16   2.54454915e-17   1.09317264e-16   1.07158393e-16   1.10559824e-16   1.09317264e-16 
      0.90000000 -1.00000000e-02  -1.00000000e-02  -1.00000000e-02  -1.00000000e-02   1.00000000e-02   1.00000000e-02  -1.00000000e-02   1.00000000e-02  -2.47810564e-03  -4.75198922e-03  -7.15215212e-03  -3.77081486e-04   4.59761848e-03   8.47748630e-03  -4.75198922e-03   4.59761848e-03 
