       time(s)       omega1           omega2
      0.01000000  9.89552292e-02 -1.18855562e-01
      0.11000000  1.93683649e-01 -2.33286302e-01
      0.21000000  2.81121186e-01 -3.40230119e-01
      0.31000000  3.58487582e-01 -4.36908704e-01
      0.41000000  4.23420710e-01 -5.20961861e-01
      0.51000000  4.74120402e-01 -5.90591335e-01
      0.61000000  5.09478016e-01 -6.44690376e-01
      0.71000000  5.29160486e-01 -6.82927793e-01
      0.81000000  5.33621583e-01 -7.05759213e-01
      0.91000000  5.24028194e-01 -7.14353358e-01
      1.01000000  5.02110308e-01 -7.10442037e-01
      1.11000000  4.69961708e-01 -6.96120835e-01
      1.21000000  4.29827373e-01 -6.73636511e-01
      1.31000000  3.83911322e-01 -6.45194851e-01
      1.41000000  3.34228000e-01 -6.12812047e-01
      1.51000000  2.82506602e-01 -5.78219024e-01
      1.61000000  2.30145942e-01 -5.42816308e-01
      1.71000000  1.78210029e-01 -5.07669606e-01
      1.81000000  1.27451704e-01 -4.73533436e-01
      1.91000000  7.83523009e-02 -4.40890795e-01
      2.01000000  3.11677558e-02 -4.09999264e-01
      2.11000000 -1.40254674e-02 -3.80936937e-01
      2.21000000 -5.72885384e-02 -3.53644257e-01
      2.31000000 -9.87843408e-02 -3.27959937e-01
      2.41000000 -1.38747866e-01 -3.03650568e-01
      2.51000000 -1.77462442e-01 -2.80434386e-01
      2.61000000 -2.15240864e-01 -2.58000148e-01
      2.71000000 -2.52410249e-01 -2.36022268e-01
      2.81000000 -2.89299447e-01 -2.14173417e-01
      2.91000000 -3.26227794e-01 -1.92135765e-01
      3.01000000 -3.63494099e-01 -1.69611989e-01
      3.11000000 -4.01364827e-01 -1.46337099e-01
      3.21000000 -4.40060494e-01 -1.22092040e-01
      3.31000000 -4.79739464e-01 -9.67198908e-02
      3.41000000 -5.20478517e-01 -7.01453031e-02
      3.51000000 -5.62249905e-01 -4.23974424e-02
      3.61000000 -6.04895145e-01 -1.36361941e-02
      3.71000000 -6.48096626e-01  1.58194449e-02
      3.81000000 -6.91349229e-01  4.54629776e-02
      3.91000000 -7.33935549e-01  7.45756410e-02
      4.01000000 -7.74909946e-01  1.02210446e-01
      4.11000000 -8.13097949e-01  1.27191588e-01
      4.21000000 -8.47118237e-01  1.48136426e-01
      4.31000000 -8.75433544e-01  1.63506386e-01
      4.41000000 -8.96433900e-01  1.71690204e-01
      4.51000000 -9.08550311e-01  1.71117602e-01
      4.61000000 -9.10389951e-01  1.60394488e-01
      4.71000000 -9.00876965e-01  1.38443749e-01
      4.81000000 -8.79378397e-01  1.04631185e-01
      4.91000000 -8.45795027e-01  5.88563465e-02
      5.01000000 -8.00602669e-01  1.59382684e-03
      5.11000000 -7.44839415e-01 -6.61194891e-02
      5.21000000 -6.80045140e-01 -1.42744920e-01
      5.31000000 -6.08167514e-01 -2.26335982e-01
      5.41000000 -5.31451421e-01 -3.14648958e-01
      5.51000000 -4.52326009e-01 -4.05255863e-01
      5.61000000 -3.73297434e-01 -4.95651689e-01
      5.71000000 -2.96848838e-01 -5.83354429e-01
      5.81000000 -2.25344688e-01 -6.66000742e-01
      5.91000000 -1.60935949e-01 -7.41440779e-01
      6.01000000 -1.05465559e-01 -8.07832702e-01
      6.11000000 -6.03790436e-02 -8.63732081e-01
      6.21000000 -2.66503704e-02 -9.08166028e-01
      6.31000000 -4.73592591e-03 -9.40679226e-01
      6.41000000  5.43208126e-03 -9.61340528e-01
      6.51000000  4.40737145e-03 -9.70704702e-01
      6.61000000 -6.85041579e-03 -9.69732429e-01
      6.71000000 -2.70862182e-02 -9.59679797e-01
      6.81000000 -5.48740834e-02 -9.41973778e-01
      6.91000000 -8.87384814e-02 -9.18090911e-01
      7.01000000 -1.27258319e-01 -8.89453286e-01
      7.11000000 -1.69145082e-01 -8.57350406e-01
      7.21000000 -2.13292411e-01 -8.22889609e-01
      7.31000000 -2.58799104e-01 -7.86973065e-01
      7.41000000 -3.04970433e-01 -7.50296461e-01
      7.51000000 -3.51303715e-01 -7.13363431e-01
      7.61000000 -3.97463785e-01 -6.76510078e-01
      7.71000000 -4.43253011e-01 -6.39934966e-01
      7.81000000 -4.88579143e-01 -6.03731266e-01
      7.91000000 -5.33423083e-01 -5.67918989e-01
      8.01000000 -5.77807619e-01 -5.32476248e-01
      8.11000000 -6.21767507e-01 -4.97369184e-01
      8.21000000 -6.65320850e-01 -4.62580578e-01
      8.31000000 -7.08441653e-01 -4.28137300e-01
      8.41000000 -7.51033547e-01 -3.94136589e-01
      8.51000000 -7.92905064e-01 -3.60770771e-01
      8.61000000 -8.33747428e-01 -3.28349473e-01
      8.71000000 -8.73116524e-01 -2.97317652e-01
      8.81000000 -9.10421506e-01 -2.68266988e-01
      8.91000000 -9.44923153e-01 -2.41937527e-01
      9.01000000 -9.75745401e-01 -2.19206151e-01
      9.11000000 -1.00190317e+00 -2.01058749e-01
      9.21000000 -1.02234837e+00 -1.88544210e-01
      9.31000000 -1.03603377e+00 -1.82710563e-01
      9.41000000 -1.04199126e+00 -1.84526694e-01
      9.51000000 -1.03941776e+00 -1.94796463e-01
      9.61000000 -1.02775911e+00 -2.14074812e-01
      9.71000000 -1.00678114e+00 -2.42596664e-01
      9.81000000 -9.76618253e-01 -2.80228365e-01
      9.91000000 -9.37793017e-01 -3.26448100e-01
     10.01000000 -8.91205082e-01 -3.80356958e-01
     10.11000000 -8.38092566e-01 -4.40717554e-01
     10.21000000 -7.79972448e-01 -5.06013631e-01
     10.31000000 -7.18567853e-01 -5.74522783e-01
     10.41000000 -6.55729272e-01 -6.44395230e-01
     10.51000000 -5.93354649e-01 -7.13733730e-01
     10.61000000 -5.33310916e-01 -7.80672050e-01
     10.71000000 -4.77358112e-01 -8.43450836e-01
     10.81000000 -4.27077132e-01 -9.00489880e-01
     10.91000000 -3.83803348e-01 -9.50454484e-01
     11.01000000 -3.48570191e-01 -9.92311886e-01
     11.11000000 -3.22068198e-01 -1.02537221e+00
     11.21000000 -3.04625155e-01 -1.04930833e+00
     11.31000000 -2.96211326e-01 -1.06415063e+00
     11.41000000 -2.96470501e-01 -1.07025596e+00
     11.51000000 -3.04773675e-01 -1.06825396e+00
     11.61000000 -3.20288643e-01 -1.05897747e+00
     11.71000000 -3.42056732e-01 -1.04338579e+00
     11.81000000 -3.69067671e-01 -1.02248980e+00
     11.91000000 -4.00325129e-01 -9.97286447e-01
     12.01000000 -4.34897964e-01 -9.68707477e-01
     12.11000000 -4.71955083e-01 -9.37584584e-01
     12.21000000 -5.10784216e-01 -9.04630629e-01
     12.31000000 -5.50796594e-01 -8.70434970e-01
     12.41000000 -5.91520377e-01 -8.35470029e-01
     12.51000000 -6.32585879e-01 -8.00106068e-01
     12.61000000 -6.73705337e-01 -7.64631419e-01
     12.71000000 -7.14649491e-01 -7.29275908e-01
     12.81000000 -7.55222726e-01 -6.94235707e-01
     12.91000000 -7.95238068e-01 -6.59698346e-01
     13.01000000 -8.34493064e-01 -6.25866823e-01
     13.11000000 -8.72747480e-01 -5.92981916e-01
     13.21000000 -9.09703798e-01 -5.61341679e-01
     13.31000000 -9.44991729e-01 -5.31316933e-01
     13.41000000 -9.78158173e-01 -5.03361305e-01
     13.51000000 -1.00866430e+00 -4.78014144e-01
     13.61000000 -1.03589149e+00 -4.55894596e-01
     13.71000000 -1.05915754e+00 -4.37685355e-01
     13.81000000 -1.07774412e+00 -4.24105275e-01
     13.91000000 -1.09093495e+00 -4.15871125e-01
     14.01000000 -1.09806315e+00 -4.13650288e-01
     14.11000000 -1.09856410e+00 -4.18007869e-01
     14.21000000 -1.09202900e+00 -4.29353155e-01
     14.31000000 -1.07825323e+00 -4.47891254e-01
     14.41000000 -1.05727379e+00 -4.73585638e-01
     14.51000000 -1.02939127e+00 -5.06136177e-01
     14.61000000 -9.95173768e-01 -5.44975262e-01
     14.71000000 -9.55442446e-01 -5.89282178e-01
     14.81000000 -9.11240949e-01 -6.38013740e-01
     14.91000000 -8.63791996e-01 -6.89947684e-01
     15.01000000 -8.14445293e-01 -7.43734751e-01
     15.11000000 -7.64620563e-01 -7.97955663e-01
     15.21000000 -7.15748794e-01 -8.51179871e-01
     15.31000000 -6.69214097e-01 -9.02023700e-01
     15.41000000 -6.26298192e-01 -9.49205860e-01
     15.51000000 -5.88129610e-01 -9.91598248e-01
     15.61000000 -5.55640094e-01 -1.02826954e+00
     15.71000000 -5.29531098e-01 -1.05851871e+00
     15.81000000 -5.10253238e-01 -1.08189554e+00
     15.91000000 -4.98000942e-01 -1.09820602e+00
     16.01000000 -4.92723136e-01 -1.10750164e+00
     16.11000000 -4.94148977e-01 -1.11005363e+00
     16.21000000 -5.01825778e-01 -1.10631507e+00
     16.31000000 -5.15164798e-01 -1.09687512e+00
     16.41000000 -5.33489858e-01 -1.08241032e+00
     16.51000000 -5.56083943e-01 -1.06363810e+00
     16.61000000 -5.82229804e-01 -1.04127606e+00
     16.71000000 -6.11241934e-01 -1.01601011e+00
     16.81000000 -6.42488688e-01 -9.88472264e-01
     16.91000000 -6.75404601e-01 -9.59228351e-01
     17.01000000 -7.09493858e-01 -9.28774557e-01
     17.11000000 -7.44326427e-01 -8.97541277e-01
     17.21000000 -7.79528586e-01 -8.65902594e-01
     17.31000000 -8.14769570e-01 -8.34189629e-01
     17.41000000 -8.49745924e-01 -8.02706189e-01
     17.51000000 -8.84164973e-01 -7.71745299e-01
     17.61000000 -9.17728678e-01 -7.41605344e-01
     17.71000000 -9.50119045e-01 -7.12604660e-01
     17.81000000 -9.80986217e-01 -6.85093444e-01
     17.91000000 -1.00994037e+00 -6.59461852e-01
     18.01000000 -1.03654854e+00 -6.36143188e-01
     18.11000000 -1.06033733e+00 -6.15611163e-01
     18.21000000 -1.08080242e+00 -5.98370443e-01
     18.31000000 -1.09742504e+00 -5.84940112e-01
     18.41000000 -1.10969535e+00 -5.75830319e-01
     18.51000000 -1.11714160e+00 -5.71513140e-01
     18.61000000 -1.11936307e+00 -5.72389604e-01
     18.71000000 -1.11606418e+00 -5.78755604e-01
     18.81000000 -1.10708643e+00 -5.90769954e-01
     18.91000000 -1.09243479e+00 -6.08427972e-01
     19.01000000 -1.07229566e+00 -6.31543567e-01
     19.11000000 -1.04704415e+00 -6.59741929e-01
     19.21000000 -1.01723983e+00 -6.92463778e-01
     19.31000000 -9.83611251e-01 -7.28980849e-01
     19.41000000 -9.47030581e-01 -7.68421275e-01
     19.51000000 -9.08480368e-01 -8.09802790e-01
     19.61000000 -8.69014897e-01 -8.52071390e-01
     19.71000000 -8.29718420e-01 -8.94143106e-01
     19.81000000 -7.91662461e-01 -9.34946689e-01
     19.91000000 -7.55864177e-01 -9.73465257e-01
     20.01000000 -7.23247648e-01 -1.00877500e+00
     20.11000000 -6.94609960e-01 -1.04007911e+00
     20.21000000 -6.70593933e-01 -1.06673502e+00
     20.31000000 -6.51669213e-01 -1.08827337e+00
     20.41000000 -6.38123038e-01 -1.10440715e+00
     20.51000000 -6.30061336e-01 -1.11503072e+00
     20.61000000 -6.27419854e-01 -1.12020858e+00
     20.71000000 -6.29984046e-01 -1.12015553e+00
     20.81000000 -6.37415553e-01 -1.11521018e+00
     20.91000000 -6.49282514e-01 -1.10580463e+00
     21.01000000 -6.65090768e-01 -1.09243330e+00
     21.11000000 -6.84313253e-01 -1.07562349e+00
     21.21000000 -7.06415426e-01 -1.05590999e+00
     21.31000000 -7.30875291e-01 -1.03381502e+00
     21.41000000 -7.57197365e-01 -1.00983432e+00
     21.51000000 -7.84920616e-01 -9.84429142e-01
     21.61000000 -8.13620911e-01 -9.58023855e-01
     21.71000000 -8.42908871e-01 -9.31008068e-01
     21.81000000 -8.72424215e-01 -9.03742288e-01
     21.91000000 -9.01827746e-01 -8.76565937e-01
     22.01000000 -9.30792114e-01 -8.49806588e-01
     22.11000000 -9.58992449e-01 -8.23789333e-01
     22.21000000 -9.86097890e-01 -7.98845250e-01
     22.31000000 -1.01176497e+00 -7.75318018e-01
     22.41000000 -1.03563376e+00 -7.53567795e-01
     22.51000000 -1.05732744e+00 -7.33971592e-01
     22.61000000 -1.07645609e+00 -7.16919550e-01
     22.71000000 -1.09262482e+00 -7.02806767e-01
     22.81000000 -1.10544642e+00 -6.92020660e-01
     22.91000000 -1.11455802e+00 -6.84924290e-01
     23.01000000 -1.11964095e+00 -6.81836547e-01
     23.11000000 -1.12044224e+00 -6.83010593e-01
     23.21000000 -1.11679620e+00 -6.88612307e-01
     23.31000000 -1.10864396e+00 -6.98700766e-01
     23.41000000 -1.09604897e+00 -7.13212710e-01
     23.51000000 -1.07920684e+00 -7.31952714e-01
     23.61000000 -1.05844829e+00 -7.54590259e-01
     23.71000000 -1.03423459e+00 -7.80664256e-01
     23.81000000 -1.00714575e+00 -8.09594887e-01
     23.91000000 -9.77862072e-01 -8.40702022e-01
     24.01000000 -9.47140403e-01 -8.73229008e-01
     24.11000000 -9.15786408e-01 -9.06370357e-01
     24.21000000 -8.84624588e-01 -9.39301747e-01
     24.31000000 -8.54467554e-01 -9.71210743e-01
     24.41000000 -8.26086124e-01 -1.00132670e+00
     24.51000000 -8.00181704e-01 -1.02894839e+00
     24.61000000 -7.77362339e-01 -1.05346794e+00
     24.71000000 -7.58123689e-01 -1.07438986e+00
     24.81000000 -7.42835951e-01 -1.09134412e+00
     24.91000000 -7.31737420e-01 -1.10409258e+00
     25.01000000 -7.24934913e-01 -1.11252861e+00
     25.11000000 -7.22410720e-01 -1.11667007e+00
     25.21000000 -7.24035214e-01 -1.11664675e+00
     25.31000000 -7.29583750e-01 -1.11268345e+00
     25.41000000 -7.38756212e-01 -1.10508046e+00
     25.51000000 -7.51197419e-01 -1.09419310e+00
     25.61000000 -7.66516759e-01 -1.08041215e+00
     25.71000000 -7.84305674e-01 -1.06414632e+00
     25.81000000 -8.04152032e-01 -1.04580789e+00
     25.91000000 -8.25650856e-01 -1.02580199e+00
     26.01000000 -8.48411284e-01 -1.00451963e+00
     26.11000000 -8.72060010e-01 -9.82334264e-01
     26.21000000 -8.96241677e-01 -9.59601398e-01
     26.31000000 -9.20616901e-01 -9.36660560e-01
     26.41000000 -9.44858683e-01 -9.13838891e-01
     26.51000000 -9.68648018e-01 -8.91455539e-01
     26.61000000 -9.91669474e-01 -8.69826076e-01
     26.71000000 -1.01360752e+00 -8.49266175e-01
     26.81000000 -1.03414425e+00 -8.30093871e-01
     26.91000000 -1.05295917e+00 -8.12629809e-01
     27.01000000 -1.06973136e+00 -7.97195028e-01
     27.11000000 -1.08414448e+00 -7.84106012e-01
     27.21000000 -1.09589449e+00 -7.73666929e-01
     27.31000000 -1.10470002e+00 -7.66159287e-01
     27.41000000 -1.11031477e+00 -7.61829506e-01
     27.51000000 -1.11254130e+00 -7.60875168e-01
     27.61000000 -1.11124499e+00 -7.63430999e-01
     27.71000000 -1.10636722e+00 -7.69555763e-01
     27.81000000 -1.09793628e+00 -7.79221292e-01
     27.91000000 -1.08607508e+00 -7.92304794e-01
     28.01000000 -1.07100466e+00 -8.08585356e-01
     28.11000000 -1.05304293e+00 -8.27745184e-01
     28.21000000 -1.03259850e+00 -8.49375796e-01
     28.31000000 -1.01015975e+00 -8.72988916e-01
     28.41000000 -9.86279827e-01 -8.98031531e-01
     28.51000000 -9.61558209e-01 -9.23904270e-01
     28.61000000 -9.36620060e-01 -9.49982086e-01
     28.71000000 -9.12094317e-01 -9.75636157e-01
     28.81000000 -8.88591715e-01 -1.00025586e+00
     28.91000000 -8.66683838e-01 -1.02326972e+00
     29.01000000 -8.46884230e-01 -1.04416431e+00
     29.11000000 -8.29632507e-01 -1.06250012e+00
     29.21000000 -8.15282241e-01 -1.07792368e+00
     29.31000000 -8.04093180e-01 -1.09017536e+00
     29.41000000 -7.96228059e-01 -1.09909253e+00
     29.51000000 -7.91753990e-01 -1.10460818e+00
     29.61000000 -7.90648020e-01 -1.10674536e+00
     29.71000000 -7.92806179e-01 -1.10560815e+00
     29.81000000 -7.98055099e-01 -1.10137003e+00
     29.91000000 -8.06165123e-01 -1.09426074e+00
     30.01000000 -8.16863846e-01 -1.08455280e+00
     30.11000000 -8.29849090e-01 -1.07254847e+00
     30.21000000 -8.44800516e-01 -1.05856821e+00
     30.31000000 -8.61389299e-01 -1.04294092e+00
     30.41000000 -8.79285580e-01 -1.02599657e+00
     30.51000000 -8.98163618e-01 -1.00806099e+00
     30.61000000 -9.17704797e-01 -9.89452893e-01
     30.71000000 -9.37598823e-01 -9.70482664e-01
     30.81000000 -9.57543535e-01 -9.51452556e-01
     30.91000000 -9.77243845e-01 -9.32657750e-01
     31.01000000 -9.96410341e-01 -9.14387748e-01
     31.11000000 -1.01475809e+00 -8.96927577e-01
     31.21000000 -1.03200610e+00 -8.80558301e-01
     31.31000000 -1.04787797e+00 -8.65556432e-01
     31.41000000 -1.06210385e+00 -8.52191893e-01
     31.51000000 -1.07442417e+00 -8.40724353e-01
     31.61000000 -1.08459495e+00 -8.31397857e-01
     31.71000000 -1.09239479e+00 -8.24433900e-01
     31.81000000 -1.09763304e+00 -8.20023222e-01
     31.91000000 -1.10015878e+00 -8.18316816e-01
     32.01000000 -1.09987000e+00 -8.19416775e-01
     32.11000000 -1.09672218e+00 -8.23367707e-01
     32.21000000 -1.09073552e+00 -8.30149480e-01
     32.31000000 -1.08200017e+00 -8.39672040e-01
     32.41000000 -1.07067870e+00 -8.51772884e-01
     32.51000000 -1.05700556e+00 -8.66217641e-01
     32.61000000 -1.04128321e+00 -8.82703939e-01
     32.71000000 -1.02387496e+00 -9.00868523e-01
     32.81000000 -1.00519496e+00 -9.20297343e-01
     32.91000000 -9.85695524e-01 -9.40538141e-01
     33.01000000 -9.65852761e-01 -9.61114891e-01
     33.11000000 -9.46150953e-01 -9.81543383e-01
     33.21000000 -9.27066641e-01 -1.00134715e+00
     33.31000000 -9.09053128e-01 -1.02007296e+00
     33.41000000 -8.92526183e-01 -1.03730511e+00
     33.51000000 -8.77851612e-01 -1.05267787e+00
     33.61000000 -8.65335274e-01 -1.06588545e+00
     33.71000000 -8.55215968e-01 -1.07668912e+00
     33.81000000 -8.47661428e-01 -1.08492122e+00
     33.91000000 -8.42767467e-01 -1.09048599e+00
     34.01000000 -8.40560103e-01 -1.09335750e+00
     34.11000000 -8.41000288e-01 -1.09357484e+00
     34.21000000 -8.43990720e-01 -1.09123540e+00
     34.31000000 -8.49384092e-01 -1.08648654e+00
     34.41000000 -8.56992102e-01 -1.07951663e+00
     34.51000000 -8.66594562e-01 -1.07054591e+00
     34.61000000 -8.77948031e-01 -1.05981791e+00
     34.71000000 -8.90793527e-01 -1.04759165e+00
     34.81000000 -9.04863011e-01 -1.03413524e+00
     34.91000000 -9.19884505e-01 -1.01972073e+00
     35.01000000 -9.35585844e-01 -1.00462033e+00
     35.11000000 -9.51697199e-01 -9.89103930e-01
     35.21000000 -9.67952595e-01 -9.73437573e-01
     35.31000000 -9.84090728e-01 -9.57882617e-01
     35.41000000 -9.99855411e-01 -9.42695310e-01
     35.51000000 -1.01499599e+00 -9.28126356e-01
     35.61000000 -1.02926810e+00 -9.14420196e-01
     35.71000000 -1.04243491e+00 -9.01813690e-01
     35.81000000 -1.05426934e+00 -8.90533996e-01
     35.91000000 -1.06455705e+00 -8.80795505e-01
     36.01000000 -1.07310051e+00 -8.72795800e-01
     36.11000000 -1.07972393e+00 -8.66710715e-01
     36.21000000 -1.08427894e+00 -8.62688693e-01
     36.31000000 -1.08665057e+00 -8.60844739e-01
     36.41000000 -1.08676336e+00 -8.61254378e-01
     36.51000000 -1.08458691e+00 -8.63948063e-01
     36.61000000 -1.08014054e+00 -8.68906522e-01
     36.71000000 -1.07349655e+00 -8.76057504e-01
     36.81000000 -1.06478168e+00 -8.85274314e-01
     36.91000000 -1.05417652e+00 -8.96376424e-01
     37.01000000 -1.04191264e+00 -9.09132318e-01
     37.11000000 -1.02826751e+00 -9.23264553e-01
     37.21000000 -1.01355743e+00 -9.38456896e-01
     37.31000000 -9.98128543e-01 -9.54363251e-01
     37.41000000 -9.82346551e-01 -9.70617958e-01
     37.51000000 -9.66585519e-01 -9.86847000e-01
     37.61000000 -9.51216302e-01 -1.00267957e+00
     37.71000000 -9.36595155e-01 -1.01775946e+00
     37.81000000 -9.23053065e-01 -1.03175573e+00
     37.91000000 -9.10886277e-01 -1.04437218e+00
     38.01000000 -9.00348440e-01 -1.05535520e+00
     38.11000000 -8.91644674e-01 -1.06449972e+00
     38.21000000 -8.84927758e-01 -1.07165301e+00
     38.31000000 -8.80296502e-01 -1.07671630e+00
     38.41000000 -8.77796219e-01 -1.07964431e+00
     38.51000000 -8.77421104e-01 -1.08044290e+00
     38.61000000 -8.79118200e-01 -1.07916506e+00
     38.71000000 -8.82792565e-01 -1.07590578e+00
     38.81000000 -8.88313212e-01 -1.07079610e+00
     38.91000000 -8.95519393e-01 -1.06399678e+00
     39.01000000 -9.04226828e-01 -1.05569217e+00
     39.11000000 -9.14233566e-01 -1.04608424e+00
     39.21000000 -9.25325214e-01 -1.03538744e+00
     39.31000000 -9.37279412e-01 -1.02382416e+00
     39.41000000 -9.49869492e-01 -1.01162110e+00
     39.51000000 -9.62867363e-01 -9.99006408e-01
     39.61000000 -9.76045725e-01 -9.86207408e-01
     39.71000000 -9.89179792e-01 -9.73448930e-01
     39.81000000 -1.00204870e+00 -9.60951872e-01
     39.91000000 -1.01443684e+00 -9.48931885e-01
     40.01000000 -1.02613527e+00 -9.37597937e-01
     40.11000000 -1.03694349e+00 -9.27150582e-01
     40.21000000 -1.04667154e+00 -9.17779804e-01
     40.31000000 -1.05514271e+00 -9.09662347e-01
     40.41000000 -1.06219674e+00 -9.02958509e-01
     40.51000000 -1.06769349e+00 -8.97808476e-01
     40.61000000 -1.07151692e+00 -8.94328304e-01
     40.71000000 -1.07357931e+00 -8.92605763e-01
     40.81000000 -1.07382524e+00 -8.92696295e-01
     40.91000000 -1.07223528e+00 -8.94619370e-01
     41.01000000 -1.06882889e+00 -8.98355562e-01
     41.11000000 -1.06366636e+00 -9.03844614e-01
     41.21000000 -1.05684948e+00 -9.10984767e-01
     41.31000000 -1.04852079e+00 -9.19633508e-01
     41.41000000 -1.03886130e+00 -9.29609862e-01
     41.51000000 -1.02808667e+00 -9.40698212e-01
     41.61000000 -1.01644192e+00 -9.52653560e-01
     41.71000000 -1.00419494e+00 -9.65208043e-01
     41.81000000 -9.91628991e-01 -9.78078439e-01
     41.91000000 -9.79034513e-01 -9.90974334e-01
     42.01000000 -9.66700669e-01 -1.00360659e+00
     42.11000000 -9.54906947e-01 -1.01569576e+00
     42.21000000 -9.43915214e-01 -1.02698001e+00
     42.31000000 -9.33962555e-01 -1.03722226e+00
     42.41000000 -9.25255210e-01 -1.04621632e+00
     42.51000000 -9.17963804e-01 -1.05379159e+00
     42.61000000 -9.12220058e-01 -1.05981638e+00
     42.71000000 -9.08115004e-01 -1.06419967e+00
     42.81000000 -9.05698697e-01 -1.06689145e+00
     42.91000000 -9.04981314e-01 -1.06788157e+00
     43.01000000 -9.05935430e-01 -1.06719747e+00
     43.11000000 -9.08499263e-01 -1.06490097e+00
     43.21000000 -9.12580590e-01 -1.06108432e+00
     43.31000000 -9.18061070e-01 -1.05586587e+00
     43.41000000 -9.24800707e-01 -1.04938567e+00
     43.51000000 -9.32642217e-01 -1.04180101e+00
     43.61000000 -9.41415131e-01 -1.03328239e+00
     43.71000000 -9.50939498e-01 -1.02400978e+00
     43.81000000 -9.61029139e-01 -1.01416940e+00
     43.91000000 -9.71494434e-01 -1.00395089e+00
     44.01000000 -9.82144705e-01 -9.93544939e-01
     44.11000000 -9.92790253e-01 -9.83141282e-01
     44.21000000 -1.00324419e+00 -9.72926830e-01
     44.31000000 -1.01332416e+00 -9.63083962e-01
     44.41000000 -1.02285409e+00 -9.53788777e-01
     44.51000000 -1.03166605e+00 -9.45209221e-01
     44.61000000 -1.03960237e+00 -9.37502996e-01
     44.71000000 -1.04651794e+00 -9.30815232e-01
     44.81000000 -1.05228283e+00 -9.25275885e-01
     44.91000000 -1.05678507e+00 -9.20996935e-01
     45.01000000 -1.05993362e+00 -9.18069458e-01
     45.11000000 -1.06166124e+00 -9.16560710e-01
     45.21000000 -1.06192726e+00 -9.16511390e-01
     45.31000000 -1.06071993e+00 -9.17933261e-01
     45.41000000 -1.05805825e+00 -9.20807344e-01
     45.51000000 -1.05399304e+00 -9.25082839e-01
     45.61000000 -1.04860712e+00 -9.30676962e-01
     45.71000000 -1.04201443e+00 -9.37475777e-01
     45.81000000 -1.03435816e+00 -9.45336119e-01
     45.91000000 -1.02580776e+00 -9.54088573e-01
     46.01000000 -1.01655490e+00 -9.63541465e-01
     46.11000000 -1.00680869e+00 -9.73485723e-01
     46.21000000 -9.96790036e-01 -9.83700445e-01
     46.31000000 -9.86725666e-01 -9.93958939e-01
     46.41000000 -9.76841811e-01 -1.00403499e+00
     46.51000000 -9.67358002e-01 -1.01370907e+00
     46.61000000 -9.58481120e-01 -1.02277434e+00
     46.71000000 -9.50399994e-01 -1.03104198e+00
     46.81000000 -9.43280732e-01 -1.03834590e+00
     46.91000000 -9.37262969e-01 -1.04454648e+00
     47.01000000 -9.32457119e-01 -1.04953333e+00
     47.11000000 -9.28942711e-01 -1.05322693e+00
     47.21000000 -9.26767778e-01 -1.05557928e+00
     47.31000000 -9.25949259e-01 -1.05657345e+00
     47.41000000 -9.26474282e-01 -1.05622233e+00
     47.51000000 -9.28302194e-01 -1.05456659e+00
     47.61000000 -9.31367166e-01 -1.05167207e+00
     47.71000000 -9.35581174e-01 -1.04762683e+00
     47.81000000 -9.40837200e-01 -1.04253789e+00
     47.91000000 -9.47012483e-01 -1.03652802e+00
     48.01000000 -9.53971692e-01 -1.02973259e+00
     48.11000000 -9.61569923e-01 -1.02229650e+00
     48.21000000 -9.69655467e-01 -1.01437149e+00
     48.31000000 -9.78072318e-01 -1.00611357e+00
     48.41000000 -9.86662442e-01 -9.97680803e-01
     48.51000000 -9.95267833e-01 -9.89231199e-01
     48.61000000 -1.00373242e+00 -9.80920845e-01
     48.71000000 -1.01190391e+00 -9.72902064e-01
     48.81000000 -1.01963554e+00 -9.65321615e-01
     48.91000000 -1.02678798e+00 -9.58318852e-01
     49.01000000 -1.03323122e+00 -9.52023801e-01
     49.11000000 -1.03884661e+00 -9.46555133e-01
     49.21000000 -1.04352895e+00 -9.42018044e-01
     49.31000000 -1.04718873e+00 -9.38502078e-01
     49.41000000 -1.04975424e+00 -9.36078945e-01
     49.51000000 -1.05117370e+00 -9.34800448e-01
     49.61000000 -1.05141711e+00 -9.34696595e-01
     49.71000000 -1.05047782e+00 -9.35774058e-01
     49.81000000 -1.04837361e+00 -9.38015061e-01
     49.91000000 -1.04514726e+00 -9.41376849e-01
     50.01000000 -1.04086639e+00 -9.45791805e-01
     50.11000000 -1.03562263e+00 -9.51168313e-01
     50.21000000 -1.02953001e+00 -9.57392368e-01
     50.31000000 -1.02272255e+00 -9.64329949e-01
     50.41000000 -1.01535123e+00 -9.71830100e-01
     50.51000000 -1.00758026e+00 -9.79728622e-01
     50.61000000 -9.99582902e-01 -9.87852257e-01
     50.71000000 -9.91536972e-01 -9.96023210e-01
     50.81000000 -9.83620125e-01 -1.00406384e+00
     50.91000000 -9.76005204e-01 -1.01180130e+00
     51.01000000 -9.68855768e-01 -1.01907207e+00
     51.11000000 -9.62321989e-01 -1.02572596e+00
     51.21000000 -9.56537071e-01 -1.03162981e+00
     51.31000000 -9.51614297e-01 -1.03667032e+00
     51.41000000 -9.47644798e-01 -1.04075639e+00
     51.51000000 -9.44696084e-01 -1.04382052e+00
     51.61000000 -9.42811337e-01 -1.04581953e+00
     51.71000000 -9.42009442e-01 -1.04673455e+00
     51.81000000 -9.42285684e-01 -1.04657030e+00
     51.91000000 -9.43613021e-01 -1.04535385e+00
     52.01000000 -9.45943816e-01 -1.04313284e+00
     52.11000000 -9.49211922e-01 -1.03997342e+00
     52.21000000 -9.53334987e-01 -1.03595796e+00
     52.31000000 -9.58216880e-01 -1.03118261e+00
     52.41000000 -9.63750143e-01 -1.02575482e+00
     52.51000000 -9.69818384e-01 -1.01979101e+00
     52.61000000 -9.76298584e-01 -1.01341420e+00
     52.71000000 -9.83063262e-01 -1.00675188e+00
     52.81000000 -9.89982519e-01 -9.99933960e-01
     52.91000000 -9.96925950e-01 -9.93090862e-01
     53.01000000 -1.00376446e+00 -9.86351689e-01
     53.11000000 -1.01037200e+00 -9.79842489e-01
     53.21000000 -1.01662732e+00 -9.73684539e-01
     53.31000000 -1.02241562e+00 -9.67992642e-01
     53.41000000 -1.02763029e+00 -9.62873410e-01
     53.51000000 -1.03217466e+00 -9.58423532e-01
     53.61000000 -1.03596370e+00 -9.54728037e-01
     53.71000000 -1.03892577e+00 -9.51858582e-01
     53.81000000 -1.04100424e+00 -9.49871813e-01
     53.91000000 -1.04215899e+00 -9.48807852e-01
     54.01000000 -1.04236772e+00 -9.48688997e-01
     54.11000000 -1.04162701e+00 -9.49518702e-01
     54.21000000 -1.03995289e+00 -9.51280921e-01
     54.31000000 -1.03738114e+00 -9.53939891e-01
     54.41000000 -1.03396698e+00 -9.57440409e-01
     54.51000000 -1.02978425e+00 -9.61708641e-01
     54.61000000 -1.02492405e+00 -9.66653485e-01
     54.71000000 -1.01949287e+00 -9.72168475e-01
     54.81000000 -1.01361013e+00 -9.78134181e-01
     54.91000000 -1.00740541e+00 -9.84421049e-01
     55.01000000 -1.00101520e+00 -9.90892587e-01
     55.11000000 -9.94579519e-01 -9.97408785e-01
     55.21000000 -9.88238367e-01 -1.00382965e+00
     55.31000000 -9.82128190e-01 -1.01001876e+00
     55.41000000 -9.76378501e-01 -1.01584658e+00
     55.51000000 -9.71108751e-01 -1.02119370e+00
     55.61000000 -9.66425561e-01 -1.02595348e+00
     55.71000000 -9.62420414e-01 -1.03003446e+00
     55.81000000 -9.59167848e-01 -1.03336210e+00
     55.91000000 -9.56724210e-01 -1.03588006e+00
     56.01000000 -9.55126956e-01 -1.03755090e+00
     56.11000000 -9.54394500e-01 -1.03835622e+00
     56.21000000 -9.54526564e-01 -1.03829629e+00
     56.31000000 -9.55504971e-01 -1.03738929e+00
     56.41000000 -9.57294813e-01 -1.03567015e+00
     56.51000000 -9.59845916e-01 -1.03318905e+00
     56.61000000 -9.63094518e-01 -1.03000975e+00
     56.71000000 -9.66965091e-01 -1.02620779e+00
     56.81000000 -9.71372231e-01 -1.02186858e+00
     56.91000000 -9.76222572e-01 -1.01708550e+00
     57.01000000 -9.81416673e-01 -1.01195798e+00
     57.11000000 -9.86850853e-01 -1.00658973e+00
     57.21000000 -9.92418962e-01 -1.00108688e+00
     57.31000000 -9.98014083e-01 -9.95556380e-01
     57.41000000 -1.00353017e+00 -9.90104265e-01
     57.51000000 -1.00886365e+00 -9.84834130e-01
     57.61000000 -1.01391493e+00 -9.79845553e-01
     57.71000000 -1.01858998e+00 -9.75232591e-01
     57.81000000 -1.02280176e+00 -9.71082278e-01
     57.91000000 -1.02647172e+00 -9.67473167e-01
     58.01000000 -1.02953123e+00 -9.64473906e-01
     58.11000000 -1.03192290e+00 -9.62141886e-01
     58.21000000 -1.03360186e+00 -9.60521989e-01
     58.31000000 -1.03453684e+00 -9.59645475e-01
     58.41000000 -1.03471114e+00 -9.59529067e-01
     58.51000000 -1.03412323e+00 -9.60174280e-01
     58.61000000 -1.03278721e+00 -9.61567046e-01
     58.71000000 -1.03073276e+00 -9.63677672e-01
     58.81000000 -1.02800486e+00 -9.66461184e-01
     58.91000000 -1.02466305e+00 -9.69858062e-01
     59.01000000 -1.02078025e+00 -9.73795379e-01
     59.11000000 -1.01644126e+00 -9.78188335e-01
     59.21000000 -1.01174089e+00 -9.82942142e-01
     59.31000000 -1.00678171e+00 -9.87954228e-01
     59.41000000 -1.00167163e+00 -9.93116687e-01
     59.51000000 -9.96521289e-01 -9.98318887e-01
     59.61000000 -9.91441344e-01 -1.00345017e+00
     59.71000000 -9.86539793e-01 -1.00840255e+00
     59.81000000 -9.81919386e-01 -1.01307329e+00
     59.91000000 -9.77675219e-01 -1.01736728e+00
     60.01000000 -9.73892595e-01 -1.02119923e+00
     60.11000000 -9.70645209e-01 -1.02449545e+00
     60.21000000 -9.67993699e-01 -1.02719531e+00
     60.31000000 -9.65984600e-01 -1.02925228e+00
     60.41000000 -9.64649708e-01 -1.03063457e+00
     60.51000000 -9.64005846e-01 -1.03132535e+00
     60.61000000 -9.64055014e-01 -1.03132264e+00
     60.71000000 -9.64784880e-01 -1.03063877e+00
     60.81000000 -9.66169574e-01 -1.02929961e+00
     60.91000000 -9.68170727e-01 -1.02734354e+00
     61.01000000 -9.70738705e-01 -1.02482019e+00
     61.11000000 -9.73813988e-01 -1.02178910e+00
     61.21000000 -9.77328633e-01 -1.01831821e+00
     61.31000000 -9.81207797e-01 -1.01448236e+00
     61.41000000 -9.85371275e-01 -1.01036176e+00
     61.51000000 -9.89735023e-01 -1.00604047e+00
     61.61000000 -9.94212670e-01 -1.00160486e+00
     61.71000000 -9.98716988e-01 -9.97142156e-01
     61.81000000 -1.00316132e+00 -9.92739028e-01
     61.91000000 -1.00746097e+00 -9.88480165e-01
     62.01000000 -1.01153459e+00 -9.84446938e-01
     62.11000000 -1.01530543e+00 -9.80716077e-01
     62.21000000 -1.01870270e+00 -9.77358396e-01
     62.31000000 -1.02166272e+00 -9.74437574e-01
     62.41000000 -1.02413010e+00 -9.72008988e-01
     62.51000000 -1.02605887e+00 -9.70118643e-01
     62.61000000 -1.02741334e+00 -9.68802202e-01
     62.71000000 -1.02816904e+00 -9.68084160e-01
     62.81000000 -1.02831329e+00 -9.67977194e-01
     62.91000000 -1.02784568e+00 -9.68481713e-01
     63.01000000 -1.02677828e+00 -9.69585654e-01
     63.11000000 -1.02513557e+00 -9.71264541e-01
     63.21000000 -1.02295410e+00 -9.73481835e-01
     63.31000000 -1.02028181e+00 -9.76189584e-01
     63.41000000 -1.01717714e+00 -9.79329363e-01
     63.51000000 -1.01370775e+00 -9.82833514e-01
     63.61000000 -1.00994904e+00 -9.86626639e-01
     63.71000000 -1.00598244e+00 -9.90627314e-01
     63.81000000 -1.00189350e+00 -9.94749992e-01
     63.91000000 -9.97769877e-01 -9.98907008e-01
     64.01000000 -9.93699289e-01 -1.00301066e+00
     64.11000000 -9.89767413e-01 -1.00697527e+00
     64.21000000 -9.86055917e-01 -1.01071918e+00
     64.31000000 -9.82640596e-01 -1.01416659e+00
     64.41000000 -9.79589710e-01 -1.01724925e+00
     64.51000000 -9.76962549e-01 -1.01990786e+00
     64.61000000 -9.74808276e-01 -1.02209327e+00
     64.71000000 -9.73165061e-01 -1.02376732e+00
     64.81000000 -9.72059523e-01 -1.02490338e+00
     64.91000000 -9.71506472e-01 -1.02548665e+00
     65.01000000 -9.71508944e-01 -1.02551410e+00
     65.11000000 -9.72058505e-01 -1.02499416e+00
     65.21000000 -9.73135790e-01 -1.02394620e+00
     65.31000000 -9.74711258e-01 -1.02239976e+00
     65.41000000 -9.76746099e-01 -1.02039367e+00
     65.51000000 -9.79193286e-01 -1.01797494e+00
     65.61000000 -9.81998717e-01 -1.01519769e+00
     65.71000000 -9.85102423e-01 -1.01212188e+00
     65.81000000 -9.88439813e-01 -1.00881211e+00
     65.91000000 -9.91942933e-01 -1.00533633e+00
     66.01000000 -9.95541732e-01 -1.00176460e+00
     66.11000000 -9.99165303e-01 -9.98167835e-01
     66.21000000 -1.00274311e+00 -9.94616563e-01
     66.31000000 -1.00620619e+00 -9.91179757e-01
     66.41000000 -1.00948829e+00 -9.87923662e-01
     66.51000000 -1.01252704e+00 -9.84910670e-01
     66.61000000 -1.01526495e+00 -9.82198253e-01
     66.71000000 -1.01765050e+00 -9.79837943e-01
     66.81000000 -1.01963905e+00 -9.77874389e-01
     66.91000000 -1.02119368e+00 -9.76344499e-01
     67.01000000 -1.02228598e+00 -9.75276688e-01
     67.11000000 -1.02289667e+00 -9.74690256e-01
     67.21000000 -1.02301602e+00 -9.74594915e-01
     67.31000000 -1.02264421e+00 -9.74990491e-01
     67.41000000 -1.02179142e+00 -9.75866819e-01
     67.51000000 -1.02047769e+00 -9.77203851e-01
     67.61000000 -1.01873262e+00 -9.78971986e-01
     67.71000000 -1.01659483e+00 -9.81132625e-01
     67.81000000 -1.01411111e+00 -9.83638950e-01
     67.91000000 -1.01133552e+00 -9.86436925e-01
     68.01000000 -1.00832814e+00 -9.89466471e-01
     68.11000000 -1.00515373e+00 -9.92662826e-01
     68.21000000 -1.00188027e+00 -9.95958012e-01
     68.31000000 -9.98577388e-01 -9.99282406e-01
     68.41000000 -9.95314750e-01 -1.00256634e+00
     68.51000000 -9.92160476e-01 -1.00574170e+00
     68.61000000 -9.89179591e-01 -1.00874346e+00
     68.71000000 -9.86432579e-01 -1.01151113e+00
     68.81000000 -9.83974085e-01 -1.01399009e+00
     68.91000000 -9.81851782e-01 -1.01613265e+00
     69.01000000 -9.80105444e-01 -1.01789904e+00
     69.11000000 -9.78766238e-01 -1.01925810e+00
     69.21000000 -9.77856239e-01 -1.02018776e+00
     69.31000000 -9.77388187e-01 -1.02067527e+00
     69.41000000 -9.77365452e-01 -1.02071728e+00
     69.51000000 -9.77782227e-01 -1.02031958e+00
     69.61000000 -9.78623897e-01 -1.01949680e+00
     69.71000000 -9.79867580e-01 -1.01827181e+00
     69.81000000 -9.81482821e-01 -1.01667509e+00
     69.91000000 -9.83432386e-01 -1.01474385e+00
     70.01000000 -9.85673157e-01 -1.01252123e+00
     70.11000000 -9.88157097e-01 -1.01005525e+00
     70.21000000 -9.90832250e-01 -1.00739789e+00
     70.31000000 -9.93643778e-01 -1.00460397e+00
     70.41000000 -9.96535001e-01 -1.00173018e+00
     70.51000000 -9.99448447e-01 -9.98833997e-01
     70.61000000 -1.00232687e+00 -9.95972660e-01
     70.71000000 -1.00511429e+00 -9.93202168e-01
     70.81000000 -1.00775691e+00 -9.90576295e-01
     70.91000000 -1.01020414e+00 -9.88145651e-01
     71.01000000 -1.01240942e+00 -9.85956785e-01
     71.11000000 -1.01433112e+00 -9.84051349e-01
     71.21000000 -1.01593323e+00 -9.82465329e-01
     71.31000000 -1.01718614e+00 -9.81228359e-01
     71.41000000 -1.01806714e+00 -9.80363134e-01
     71.51000000 -1.01856096e+00 -9.79884936e-01
     71.61000000 -1.01866007e+00 -9.79801284e-01
     71.71000000 -1.01836493e+00 -9.80111736e-01
     71.81000000 -1.01768398e+00 -9.80807844e-01
     71.91000000 -1.01663355e+00 -9.81873276e-01
     72.01000000 -1.01523758e+00 -9.83284110e-01
     72.11000000 -1.01352708e+00 -9.85009310e-01
     72.21000000 -1.01153960e+00 -9.87011362e-01
     72.31000000 -1.00931830e+00 -9.89247073e-01
     72.41000000 -1.00691113e+00 -9.91668518e-01
     72.51000000 -1.00436968e+00 -9.94224102e-01
     72.61000000 -1.00174806e+00 -9.96859714e-01
     72.71000000 -9.99101677e-01 -9.99519952e-01
     72.81000000 -9.96485976e-01 -1.00214937e+00
     72.91000000 -9.93955210e-01 -1.00469371e+00
     73.01000000 -9.91561228e-01 -1.00710114e+00
     73.11000000 -9.89352354e-01 -1.00932332e+00
     73.21000000 -9.87372357e-01 -1.01131650e+00
     73.31000000 -9.85659561e-01 -1.01304234e+00
     73.41000000 -9.84246100e-01 -1.01446872e+00
     73.51000000 -9.83157339e-01 -1.01557026e+00
     73.61000000 -9.82411469e-01 -1.01632879e+00
     73.71000000 -9.82019277e-01 -1.01673352e+00
     73.81000000 -9.81984092e-01 -1.01678112e+00
     73.91000000 -9.82301892e-01 -1.01647560e+00
     74.01000000 -9.82961564e-01 -1.01582809e+00
     74.11000000 -9.83945306e-01 -1.01485640e+00
     74.21000000 -9.85229143e-01 -1.01358448e+00
     74.31000000 -9.86783544e-01 -1.01204189e+00
     74.41000000 -9.88574124e-01 -1.01026299e+00
     74.51000000 -9.90562411e-01 -1.00828628e+00
     74.61000000 -9.92706650e-01 -1.00615349e+00
     74.71000000 -9.94962649e-01 -1.00390884e+00
     74.81000000 -9.97284638e-01 -1.00159808e+00
     74.91000000 -9.99626132e-01 -9.99267699e-01
     75.01000000 -1.00194079e+00 -9.96964049e-01
     75.11000000 -1.00418325e+00 -9.94732486e-01
     75.21000000 -1.00630996e+00 -9.92616567e-01
     75.31000000 -1.00827994e+00 -9.90657262e-01
     75.41000000 -1.01005556e+00 -9.88892219e-01
     75.51000000 -1.01160318e+00 -9.87355070e-01
     75.61000000 -1.01289380e+00 -9.86074813e-01
     75.71000000 -1.01390362e+00 -9.85075262e-01
     75.81000000 -1.01461446e+00 -9.84374582e-01
     75.91000000 -1.01501417e+00 -9.83984923e-01
     76.01000000 -1.01509689e+00 -9.83912166e-01
     76.11000000 -1.01486313e+00 -9.84155784e-01
     76.21000000 -1.01431985e+00 -9.84708828e-01
     76.31000000 -1.01348029e+00 -9.85558053e-01
     76.41000000 -1.01236374e+00 -9.86684174e-01
     76.51000000 -1.01099513e+00 -9.88062259e-01
     76.61000000 -1.00940451e+00 -9.89662252e-01
     76.71000000 -1.00762644e+00 -9.91449614e-01
     76.81000000 -1.00569917e+00 -9.93386078e-01
     76.91000000 -1.00366386e+00 -9.95430489e-01
     77.01000000 -1.00156364e+00 -9.97539713e-01
     77.11000000 -9.99442685e-01 -9.99669594e-01
     77.21000000 -9.97345179e-01 -1.00177593e+00
     77.31000000 -9.95314396e-01 -1.00381546e+00
     77.41000000 -9.93391736e-01 -1.00574678e+00
     77.51000000 -9.91615843e-01 -1.00753124e+00
     77.61000000 -9.90021797e-01 -1.00913378e+00
     77.71000000 -9.88640405e-01 -1.01052357e+00
     77.81000000 -9.87497605e-01 -1.01167469e+00
     77.91000000 -9.86613994e-01 -1.01256654e+00
     78.01000000 -9.86004490e-01 -1.01318419e+00
     78.11000000 -9.85678133e-01 -1.01351862e+00
     78.21000000 -9.85638013e-01 -1.01356674e+00
     78.31000000 -9.85881332e-01 -1.01333133e+00
     78.41000000 -9.86399593e-01 -1.01282090e+00
     78.51000000 -9.87178888e-01 -1.01204936e+00
     78.61000000 -9.88200299e-01 -1.01103563e+00
     78.71000000 -9.89440373e-01 -1.00980316e+00
     78.81000000 -9.90871674e-01 -1.00837939e+00
     78.91000000 -9.92463392e-01 -1.00679512e+00
     79.01000000 -9.94181997e-01 -1.00508389e+00
     79.11000000 -9.95991917e-01 -1.00328128e+00
     79.21000000 -9.97856245e-01 -1.00142418e+00
     79.31000000 -9.99737448e-01 -9.99550139e-01
     79.41000000 -1.00159807e+00 -9.97696603e-01
     79.51000000 -1.00340145e+00 -9.95900248e-01
     79.61000000 -1.00511235e+00 -9.94196293e-01
     79.71000000 -1.00669766e+00 -9.92617858e-01
     79.81000000 -1.00812698e+00 -9.91195353e-01
     79.91000000 -1.00937316e+00 -9.89955918e-01
     80.01000000 -1.01041283e+00 -9.88922917e-01
     80.11000000 -1.01122686e+00 -9.88115497e-01
     80.21000000 -1.01180068e+00 -9.87548224e-01
     80.31000000 -1.01212459e+00 -9.87230797e-01
     80.41000000 -1.01219394e+00 -9.87167855e-01
     80.51000000 -1.01200926e+00 -9.87358882e-01
     80.61000000 -1.01157622e+00 -9.87798213e-01
     80.71000000 -1.01090551e+00 -9.88475146e-01
     80.81000000 -1.01001266e+00 -9.89374164e-01
     80.91000000 -1.00891766e+00 -9.90475258e-01
     81.01000000 -1.00764461e+00 -9.91754350e-01
     81.11000000 -1.00622113e+00 -9.93183815e-01
     81.21000000 -1.00467779e+00 -9.94733075e-01
     81.31000000 -1.00304745e+00 -9.96369271e-01
     81.41000000 -1.00136455e+00 -9.98057978e-01
     81.51000000 -9.99664316e-01 -9.99763960e-01
     81.61000000 -9.97982024e-01 -1.00145194e+00
     81.71000000 -9.96352233e-01 -1.00308736e+00
     81.81000000 -9.94808034e-01 -1.00463714e+00
     81.91000000 -9.93380359e-01 -1.00607033e+00
     82.01000000 -9.92097338e-01 -1.00735882e+00
     82.11000000 -9.90983737e-01 -1.00847783e+00
     82.21000000 -9.90060479e-01 -1.00940645e+00
     82.31000000 -9.89344263e-01 -1.01012797e+00
     82.41000000 -9.88847282e-01 -1.01063020e+00
     82.51000000 -9.88577052e-01 -1.01090563e+00
     82.61000000 -9.88536339e-01 -1.01095149e+00
     82.71000000 -9.88723195e-01 -1.01076973e+00
     82.81000000 -9.89131085e-01 -1.01036689e+00
     82.91000000 -9.89749114e-01 -1.00975385e+00
     83.01000000 -9.90562323e-01 -1.00894559e+00
     83.11000000 -9.91552065e-01 -1.00796074e+00
     83.21000000 -9.92696439e-01 -1.00682122e+00
     83.31000000 -9.93970776e-01 -1.00555168e+00
     83.41000000 -9.95348163e-01 -1.00417904e+00
     83.51000000 -9.96799993e-01 -1.00273192e+00
     83.61000000 -9.98296541e-01 -1.00124003e+00
     83.71000000 -9.99807542e-01 -9.99733638e-01
     83.81000000 -1.00130277e+00 -9.98242975e-01
     83.91000000 -1.00275262e+00 -9.96797646e-01
     84.01000000 -1.00412865e+00 -9.95426094e-01
     84.11000000 -1.00540411e+00 -9.94155058e-01
     84.21000000 -1.00655448e+00 -9.93009081e-01
     84.31000000 -1.00755785e+00 -9.92010050e-01
     84.41000000 -1.00839541e+00 -9.91176789e-01
     84.51000000 -1.00905175e+00 -9.90524704e-01
     84.61000000 -1.00951518e+00 -9.90065491e-01
     84.71000000 -1.00977793e+00 -9.89806917e-01
     84.81000000 -1.00983630e+00 -9.89752670e-01
     84.91000000 -1.00969077e+00 -9.89902292e-01
     85.01000000 -1.00934592e+00 -9.90251196e-01
     85.11000000 -1.00881036e+00 -9.90790763e-01
     85.21000000 -1.00809656e+00 -9.91508526e-01
     85.31000000 -1.00722058e+00 -9.92388441e-01
     85.41000000 -1.00620169e+00 -9.93411223e-01
     85.51000000 -1.00506199e+00 -9.94554772e-01
     85.61000000 -1.00382593e+00 -9.95794643e-01
     85.71000000 -1.00251977e+00 -9.97104577e-01
     85.81000000 -1.00117101e+00 -9.98457078e-01
     85.91000000 -9.99807792e-01 -9.99823997e-01
     86.01000000 -9.98458304e-01 -1.00117715e+00
     86.11000000 -9.97150171e-01 -1.00248891e+00
     86.21000000 -9.95909868e-01 -1.00373280e+00
     86.31000000 -9.94762172e-01 -1.00488405e+00
     86.41000000 -9.93729651e-01 -1.00592010e+00
     86.51000000 -9.92832217e-01 -1.00682101e+00
     86.61000000 -9.92086741e-01 -1.00756994e+00
     86.71000000 -9.91506743e-01 -1.00815335e+00
     86.81000000 -9.91102167e-01 -1.00856131e+00
     86.91000000 -9.90879224e-01 -1.00878760e+00
     87.01000000 -9.90840334e-01 -1.00882981e+00
     87.11000000 -9.90984138e-01 -1.00868929e+00
     87.21000000 -9.91305594e-01 -1.00837108e+00
     87.31000000 -9.91796141e-01 -1.00788375e+00
     87.41000000 -9.92443933e-01 -1.00723914e+00
     87.51000000 -9.93234130e-01 -1.00645210e+00
     87.61000000 -9.94149246e-01 -1.00554011e+00
     87.71000000 -9.95169529e-01 -1.00452291e+00
     87.81000000 -9.96273388e-01 -1.00342212e+00
     87.91000000 -9.97437832e-01 -1.00226070e+00
     88.01000000 -9.98638943e-01 -1.00106259e+00
     88.11000000 -9.99852342e-01 -9.99852162e-01
     88.21000000 -1.00105366e+00 -9.98653779e-01
     88.31000000 -1.00221903e+00 -9.97491321e-01
     88.41000000 -1.00332551e+00 -9.96387730e-01
     88.51000000 -1.00435151e+00 -9.95364577e-01
     88.61000000 -1.00527726e+00 -9.94441653e-01
     88.71000000 -1.00608511e+00 -9.93636604e-01
     88.81000000 -1.00675989e+00 -9.92964593e-01
     88.91000000 -1.00728920e+00 -9.92438023e-01
     89.01000000 -1.00766364e+00 -9.92066298e-01
     89.11000000 -1.00787697e+00 -9.91855654e-01
     89.21000000 -1.00792624e+00 -9.91809041e-01
     89.31000000 -1.00781184e+00 -9.91926080e-01
     89.41000000 -1.00753745e+00 -9.92203073e-01
     89.51000000 -1.00711001e+00 -9.92633098e-01
     89.61000000 -1.00653951e+00 -9.93206153e-01
     89.71000000 -1.00583881e+00 -9.93909381e-01
     89.81000000 -1.00502336e+00 -9.94727342e-01
     89.91000000 -1.00411083e+00 -9.95642350e-01
     90.01000000 -1.00312078e+00 -9.96634855e-01
     90.11000000 -1.00207420e+00 -9.97683864e-01
     90.21000000 -1.00099308e+00 -9.98767393e-01
     90.31000000 -9.99899917e-01 -9.99862941e-01
     90.41000000 -9.98817252e-01 -1.00094797e+00
     90.51000000 -9.97767185e-01 -1.00200037e+00
     90.61000000 -9.96770917e-01 -1.00299895e+00
     90.71000000 -9.95848305e-01 -1.00392385e+00
     90.81000000 -9.95017463e-01 -1.00475696e+00
     90.91000000 -9.94294401e-01 -1.00548227e+00
     91.01000000 -9.93692720e-01 -1.00608617e+00
     91.11000000 -9.93223358e-01 -1.00655773e+00
     91.21000000 -9.92894405e-01 -1.00688886e+00
     91.31000000 -9.92710976e-01 -1.00707445e+00
     91.41000000 -9.92675153e-01 -1.00711241e+00
     91.51000000 -9.92785990e-01 -1.00700368e+00
     91.61000000 -9.93039581e-01 -1.00675219e+00
     91.71000000 -9.93429187e-01 -1.00636465e+00
     91.81000000 -9.93945415e-01 -1.00585047e+00
     91.91000000 -9.94576449e-01 -1.00522147e+00
     92.01000000 -9.95308321e-01 -1.00449161e+00
     92.11000000 -9.96125218e-01 -1.00367670e+00
     92.21000000 -9.97009823e-01 -1.00279407e+00
     92.31000000 -9.97943672e-01 -1.00186217e+00
     92.41000000 -9.98907532e-01 -1.00090024e+00
     92.51000000 -9.99881782e-01 -9.99927908e-01
     92.61000000 -1.00084680e+00 -9.98964783e-01
     92.71000000 -1.00178335e+00 -9.98030112e-01
     92.81000000 -1.00267293e+00 -9.97142385e-01
     92.91000000 -1.00349816e+00 -9.96318988e-01
     93.01000000 -1.00424310e+00 -9.95575876e-01
     93.11000000 -1.00489351e+00 -9.94927266e-01
     93.21000000 -1.00543718e+00 -9.94385377e-01
     93.31000000 -1.00586413e+00 -9.93960194e-01
     93.41000000 -1.00616678e+00 -9.93659288e-01
     93.51000000 -1.00634012e+00 -9.93487675e-01
     93.61000000 -1.00638178e+00 -9.93447731e-01
     93.71000000 -1.00629206e+00 -9.93539151e-01
     93.81000000 -1.00607392e+00 -9.93758972e-01
     93.91000000 -1.00573291e+00 -9.94101643e-01
     94.01000000 -1.00527705e+00 -9.94559152e-01
     94.11000000 -1.00471663e+00 -9.95121200e-01
     94.21000000 -1.00406402e+00 -9.95775426e-01
     94.31000000 -1.00333336e+00 -9.96507679e-01
     94.41000000 -1.00254030e+00 -9.97302317e-01
     94.51000000 -1.00170164e+00 -9.98142548e-01
     94.61000000 -1.00083495e+00 -9.99010787e-01
     94.71000000 -9.99958240e-01 -9.99889032e-01
     94.81000000 -9.99089546e-01 -1.00075925e+00
     94.91000000 -9.98246562e-01 -1.00160373e+00
     95.01000000 -9.97446272e-01 -1.00240551e+00
     95.11000000 -9.96704601e-01 -1.00314866e+00
     95.21000000 -9.96036092e-01 -1.00381863e+00
     95.31000000 -9.95453621e-01 -1.00440255e+00
     95.41000000 -9.94968148e-01 -1.00488945e+00
     95.51000000 -9.94588518e-01 -1.00527050e+00
     95.61000000 -9.94321302e-01 -1.00553912e+00
     95.71000000 -9.94170698e-01 -1.00569111e+00
     95.81000000 -9.94138477e-01 -1.00572470e+00
     95.91000000 -9.94223985e-01 -1.00564056e+00
     96.01000000 -9.94424188e-01 -1.00544170e+00
     96.11000000 -9.94733771e-01 -1.00513345e+00
     96.21000000 -9.95145279e-01 -1.00472327e+00
     96.31000000 -9.95649296e-01 -1.00422056e+00
     96.41000000 -9.96234665e-01 -1.00363648e+00
     96.51000000 -9.96888726e-01 -1.00298370e+00
     96.61000000 -9.97597595e-01 -1.00227610e+00
     96.71000000 -9.98346450e-01 -1.00152851e+00
     96.81000000 -9.99119833e-01 -1.00075637e+00
     96.91000000 -9.99901963e-01 -9.99975470e-01
     97.01000000 -1.00067705e+00 -9.99201604e-01
     97.11000000 -1.00142960e+00 -9.98450261e-01
     97.21000000 -1.00214472e+00 -9.97736335e-01
     97.31000000 -1.00280841e+00 -9.97073833e-01
     97.41000000 -1.00340780e+00 -9.96475608e-01
     97.51000000 -1.00393146e+00 -9.95953114e-01
     97.61000000 -1.00436952e+00 -9.95516195e-01
     97.71000000 -1.00471396e+00 -9.95172894e-01
     97.81000000 -1.00495867e+00 -9.94929311e-01
     97.91000000 -1.00509961e+00 -9.94789489e-01
     98.01000000 -1.00513485e+00 -9.94755346e-01
     98.11000000 -1.00506464e+00 -9.94826650e-01
     98.21000000 -1.00489134e+00 -9.95001033e-01
     98.31000000 -1.00461939e+00 -9.95274052e-01
     98.41000000 -1.00425521e+00 -9.95639294e-01
     98.51000000 -1.00380704e+00 -9.96088514e-01
     98.61000000 -1.00328477e+00 -9.96611820e-01
     98.71000000 -1.00269974e+00 -9.97197885e-01
     98.81000000 -1.00206445e+00 -9.97834193e-01
     98.91000000 -1.00139234e+00 -9.98507307e-01
     99.01000000 -1.00069750e+00 -9.99203153e-01
     99.11000000 -9.99994315e-01 -9.99907322e-01
     99.21000000 -9.99297243e-01 -1.00060537e+00
     99.31000000 -9.98620455e-01 -1.00128313e+00
     99.41000000 -9.97977564e-01 -1.00192698e+00
     99.51000000 -9.97381345e-01 -1.00252415e+00
     99.61000000 -9.96843479e-01 -1.00306296e+00
     99.71000000 -9.96374322e-01 -1.00353304e+00
     99.81000000 -9.95982706e-01 -1.00392558e+00
     99.91000000 -9.95675776e-01 -1.00423342e+00
    100.01000000 -9.95458867e-01 -1.00445124e+00
    100.11000000 -9.95335415e-01 -1.00457558e+00
    100.21000000 -9.95306915e-01 -1.00460497e+00
    100.31000000 -9.95372916e-01 -1.00453984e+00
    100.41000000 -9.95531056e-01 -1.00438257e+00
    100.51000000 -9.95777139e-01 -1.00413735e+00
    100.61000000 -9.96105243e-01 -1.00381010e+00
    100.71000000 -9.96507862e-01 -1.00340832e+00
    100.81000000 -9.96976081e-01 -1.00294093e+00
    100.91000000 -9.97499767e-01 -1.00241807e+00
    101.01000000 -9.98067789e-01 -1.00185087e+00
    101.11000000 -9.98668253e-01 -1.00125121e+00
    101.21000000 -9.99288741e-01 -1.00063153e+00
    101.31000000 -9.99916569e-01 -1.00000449e+00
    101.41000000 -1.00053903e+00 -9.99382813e-01
    101.51000000 -1.00114367e+00 -9.98778954e-01
    101.61000000 -1.00171849e+00 -9.98204906e-01
    101.71000000 -1.00225221e+00 -9.97671946e-01
    101.81000000 -1.00273449e+00 -9.97190427e-01
    101.91000000 -1.00315608e+00 -9.96769575e-01
    102.01000000 -1.00350908e+00 -9.96417319e-01
    102.11000000 -1.00378699e+00 -9.96140141e-01
    102.21000000 -1.00398490e+00 -9.95942958e-01
    102.31000000 -1.00409954e+00 -9.95829033e-01
    102.41000000 -1.00412936e+00 -9.95799922e-01
    102.51000000 -1.00407454e+00 -9.95855452e-01
    102.61000000 -1.00393695e+00 -9.95993737e-01
    102.71000000 -1.00372015e+00 -9.96211228e-01
    102.81000000 -1.00342926e+00 -9.96502794e-01
    102.91000000 -1.00307090e+00 -9.96861837e-01
    103.01000000 -1.00265296e+00 -9.97280442e-01
    103.11000000 -1.00218452e+00 -9.97749543e-01
    103.21000000 -1.00167560e+00 -9.98259123e-01
    103.31000000 -1.00113695e+00 -9.98798426e-01
    103.41000000 -1.00057983e+00 -9.99356185e-01
    103.51000000 -1.00001579e+00 -9.99920861e-01
    103.61000000 -9.99456395e-01 -1.00048089e+00
    103.71000000 -9.98913005e-01 -1.00102490e+00
    103.81000000 -9.98396536e-01 -1.00154199e+00
    103.91000000 -9.97917242e-01 -1.00202189e+00
    104.01000000 -9.97484504e-01 -1.00245524e+00
    104.11000000 -9.97106653e-01 -1.00283369e+00
    104.21000000 -9.96790806e-01 -1.00315013e+00
    104.31000000 -9.96542733e-01 -1.00339879e+00
    104.41000000 -9.96366761e-01 -1.00357534e+00
    104.51000000 -9.96265697e-01 -1.00367698e+00
    104.61000000 -9.96240794e-01 -1.00370246e+00
    104.71000000 -9.96291744e-01 -1.00365207e+00
    104.81000000 -9.96416707e-01 -1.00352767e+00
    104.91000000 -9.96612367e-01 -1.00333256e+00
    105.01000000 -9.96874014e-01 -1.00307146e+00
    105.11000000 -9.97195666e-01 -1.00275035e+00
    105.21000000 -9.97570195e-01 -1.00237636e+00
    105.31000000 -9.97989492e-01 -1.00195759e+00
    105.41000000 -9.98444636e-01 -1.00150298e+00
    105.51000000 -9.98926084e-01 -1.00102205e+00
    105.61000000 -9.99423866e-01 -1.00052478e+00
    105.71000000 -9.99927789e-01 -1.00002137e+00
    105.81000000 -1.00042764e+00 -9.99522027e-01
    105.91000000 -1.00091339e+00 -9.99036775e-01
    106.01000000 -1.00137540e+00 -9.98575265e-01
    106.11000000 -1.00180458e+00 -9.98146574e-01
    106.21000000 -1.00219260e+00 -9.97759037e-01
    106.31000000 -1.00253204e+00 -9.97420085e-01
    106.41000000 -1.00281649e+00 -9.97136104e-01
    106.51000000 -1.00304075e+00 -9.96912320e-01
    106.61000000 -1.00320084e+00 -9.96752697e-01
    106.71000000 -1.00329413e+00 -9.96659873e-01
    106.81000000 -1.00331934e+00 -9.96635112e-01
    106.91000000 -1.00327662e+00 -9.96678292e-01
    107.01000000 -1.00316745e+00 -9.96787913e-01
    107.11000000 -1.00299466e+00 -9.96961142e-01
    107.21000000 -1.00276236e+00 -9.97193878e-01
    107.31000000 -1.00247583e+00 -9.97480845e-01
    107.41000000 -1.00214140e+00 -9.97815707e-01
    107.51000000 -1.00176633e+00 -9.98191210e-01
    107.61000000 -1.00135862e+00 -9.98599335e-01
    107.71000000 -1.00092691e+00 -9.99031470e-01
    107.81000000 -1.00048020e+00 -9.99478592e-01
    107.91000000 -1.00002774e+00 -9.99931459e-01
    108.01000000 -9.99578807e-01 -1.00038080e+00
    108.11000000 -9.99142502e-01 -1.00081751e+00
    108.21000000 -9.98727582e-01 -1.00123282e+00
    108.31000000 -9.98342280e-01 -1.00161852e+00
    108.41000000 -9.97994133e-01 -1.00196706e+00
    108.51000000 -9.97689842e-01 -1.00227174e+00
    108.61000000 -9.97435141e-01 -1.00252682e+00
    108.71000000 -9.97234690e-01 -1.00272765e+00
    108.81000000 -9.97091994e-01 -1.00287072e+00
    108.91000000 -9.97009343e-01 -1.00295374e+00
    109.01000000 -9.96987783e-01 -1.00297567e+00
    109.11000000 -9.97027109e-01 -1.00293671e+00
    109.21000000 -9.97125882e-01 -1.00283829e+00
    109.31000000 -9.97281479e-01 -1.00268305e+00
    109.41000000 -9.97490157e-01 -1.00247473e+00
    109.51000000 -9.97747140e-01 -1.00221809e+00
    109.61000000 -9.98046735e-01 -1.00191884e+00
    109.71000000 -9.98382449e-01 -1.00158347e+00
    109.81000000 -9.98747135e-01 -1.00121913e+00
    109.91000000 -9.99133137e-01 -1.00083346e+00
    110.01000000 -9.99532453e-01 -1.00043448e+00
    110.11000000 -9.99936895e-01 -1.00003036e+00
    110.21000000 -1.00033825e+00 -9.99629329e-01
    110.31000000 -1.00072847e+00 -9.99239436e-01
    110.41000000 -1.00109978e+00 -9.98868445e-01
    110.51000000 -1.00144488e+00 -9.98523660e-01
    110.61000000 -1.00175706e+00 -9.98211791e-01
    110.71000000 -1.00203034e+00 -9.97938820e-01
    110.81000000 -1.00225958e+00 -9.97709893e-01
    110.91000000 -1.00244055e+00 -9.97529222e-01
    111.01000000 -1.00257007e+00 -9.97400006e-01
    111.11000000 -1.00264600e+00 -9.97324377e-01
    111.21000000 -1.00266730e+00 -9.97303367e-01
    111.31000000 -1.00263407e+00 -9.97336889e-01
    111.41000000 -1.00254749e+00 -9.97423758e-01
    111.51000000 -1.00240982e+00 -9.97561713e-01
    111.61000000 -1.00222434e+00 -9.97747478e-01
    111.71000000 -1.00199527e+00 -9.97976833e-01
    111.81000000 -1.00172767e+00 -9.98244711e-01
    111.91000000 -1.00142735e+00 -9.98545305e-01
    112.01000000 -1.00110073e+00 -9.98872194e-01
    112.11000000 -1.00075471e+00 -9.99218483e-01
    112.21000000 -1.00039652e+00 -9.99576944e-01
    112.31000000 -1.00003355e+00 -9.99940172e-01
    112.41000000 -9.99673249e-01 -1.00030074e+00
    112.51000000 -9.99322913e-01 -1.00065133e+00
    112.61000000 -9.98989568e-01 -1.00098493e+00
    112.71000000 -9.98679824e-01 -1.00129493e+00
    112.81000000 -9.98399738e-01 -1.00157527e+00
    112.91000000 -9.98154702e-01 -1.00182055e+00
    113.01000000 -9.97949334e-01 -1.00202617e+00
    113.11000000 -9.97787396e-01 -1.00218835e+00
    113.21000000 -9.97671726e-01 -1.00230426e+00
    113.31000000 -9.97604192e-01 -1.00237203e+00
    113.41000000 -9.97585662e-01 -1.00239080e+00
    113.51000000 -9.97616001e-01 -1.00236069e+00
    113.61000000 -9.97694087e-01 -1.00228284e+00
    113.71000000 -9.97817842e-01 -1.00215931e+00
    113.81000000 -9.97984287e-01 -1.00199310e+00
    113.91000000 -9.98189614e-01 -1.00178800e+00
    114.01000000 -9.98429271e-01 -1.00154856e+00
    114.11000000 -9.98698062e-01 -1.00127999e+00
    114.21000000 -9.98990259e-01 -1.00098801e+00
    114.31000000 -9.99299724e-01 -1.00067876e+00
    114.41000000 -9.99620033e-01 -1.00035867e+00
    114.51000000 -9.99944613e-01 -1.00003430e+00
    114.61000000 -1.00026687e+00 -9.99712254e-01
    114.71000000 -1.00058032e+00 -9.99399012e-01
    114.81000000 -1.00087872e+00 -9.99100813e-01
    114.91000000 -1.00115620e+00 -9.98823536e-01
    115.01000000 -1.00140736e+00 -9.98572579e-01
    115.11000000 -1.00162738e+00 -9.98352759e-01
    115.21000000 -1.00181212e+00 -9.98168222e-01
    115.31000000 -1.00195817e+00 -9.98022362e-01
    115.41000000 -1.00206297e+00 -9.97917762e-01
    115.51000000 -1.00212477e+00 -9.97856147e-01
    115.61000000 -1.00214275e+00 -9.97838359e-01
    115.71000000 -1.00211695e+00 -9.97864344e-01
    115.81000000 -1.00204832e+00 -9.97933160e-01
    115.91000000 -1.00193866e+00 -9.98043009e-01
    116.01000000 -1.00179058e+00 -9.98191273e-01
    116.11000000 -1.00160745e+00 -9.98374579e-01
    116.21000000 -1.00139334e+00 -9.98588873e-01
    116.31000000 -1.00115288e+00 -9.98829508e-01
    116.41000000 -1.00089122e+00 -9.99091343e-01
    116.51000000 -1.00061388e+00 -9.99368856e-01
    116.61000000 -1.00032665e+00 -9.99656256e-01
    116.71000000 -1.00003547e+00 -9.99947608e-01
    116.81000000 -9.99746291e-01 -1.00023695e+00
    116.91000000 -9.99464977e-01 -1.00051844e+00
    117.01000000 -9.99197164e-01 -1.00078641e+00
    117.11000000 -9.98948161e-01 -1.00103558e+00
    117.21000000 -9.98722835e-01 -1.00126107e+00
    117.31000000 -9.98525525e-01 -1.00145854e+00
    117.41000000 -9.98359950e-01 -1.00162427e+00
    117.51000000 -9.98229148e-01 -1.00175523e+00
    117.61000000 -9.98135415e-01 -1.00184912e+00
    117.71000000 -9.98080271e-01 -1.00190442e+00
    117.81000000 -9.98064437e-01 -1.00192040e+00
    117.91000000 -9.98087828e-01 -1.00189716e+00
    118.01000000 -9.98149565e-01 -1.00183558e+00
    118.11000000 -9.98248003e-01 -1.00173729e+00
    118.21000000 -9.98380771e-01 -1.00160466e+00
    118.31000000 -9.98544830e-01 -1.00144075e+00
    118.41000000 -9.98736542e-01 -1.00124918e+00
    118.51000000 -9.98951748e-01 -1.00103412e+00
    118.61000000 -9.99185859e-01 -1.00080015e+00
    118.71000000 -9.99433953e-01 -1.00055219e+00
    118.81000000 -9.99690877e-01 -1.00029541e+00
    118.91000000 -9.99951352e-01 -1.00003507e+00
    119.01000000 -1.00021008e+00 -9.99776474e-01
    119.11000000 -1.00046185e+00 -9.99524834e-01
    119.21000000 -1.00070166e+00 -9.99285164e-01
    119.31000000 -1.00092476e+00 -9.99062193e-01
    119.41000000 -1.00112682e+00 -9.98860263e-01
    119.51000000 -1.00130396e+00 -9.98683254e-01
    119.61000000 -1.00145283e+00 -9.98534505e-01
    119.71000000 -1.00157071e+00 -9.98416753e-01
    119.81000000 -1.00165551e+00 -9.98332082e-01
    119.91000000 -1.00170582e+00 -9.98281890e-01
    120.01000000 -1.00172097e+00 -9.98266863e-01
    120.11000000 -1.00170098e+00 -9.98286971e-01
    120.21000000 -1.00164661e+00 -9.98341470e-01
    120.31000000 -1.00155927e+00 -9.98428926e-01
    120.41000000 -1.00144106e+00 -9.98547252e-01
    120.51000000 -1.00129468e+00 -9.98693752e-01
    120.61000000 -1.00112336e+00 -9.98865181e-01
    120.71000000 -1.00093084e+00 -9.99057821e-01
    120.81000000 -1.00072121e+00 -9.99267556e-01
    120.91000000 -1.00049892e+00 -9.99489962e-01
    121.01000000 -1.00026859e+00 -9.99720400e-01
    121.11000000 -1.00003499e+00 -9.99954111e-01
    121.21000000 -9.99802891e-01 -1.00018632e+00
    121.31000000 -9.99576996e-01 -1.00041232e+00
    121.41000000 -9.99361830e-01 -1.00062759e+00
    121.51000000 -9.99161655e-01 -1.00082787e+00
    121.61000000 -9.98980387e-01 -1.00100925e+00
    121.71000000 -9.98821514e-01 -1.00116822e+00
    121.81000000 -9.98688033e-01 -1.00130181e+00
    121.91000000 -9.98582394e-01 -1.00140754e+00
    122.01000000 -9.98506458e-01 -1.00148358e+00
    122.11000000 -9.98461458e-01 -1.00152868e+00
    122.21000000 -9.98447992e-01 -1.00154224e+00
    122.31000000 -9.98466010e-01 -1.00152432e+00
    122.41000000 -9.98514822e-01 -1.00147561e+00
    122.51000000 -9.98593126e-01 -1.00139740e+00
    122.61000000 -9.98699035e-01 -1.00129158e+00
    122.71000000 -9.98830124e-01 -1.00116059e+00
    122.81000000 -9.98983483e-01 -1.00100732e+00
    122.91000000 -9.99155784e-01 -1.00083511e+00
    123.01000000 -9.99343352e-01 -1.00064764e+00
    123.11000000 -9.99542240e-01 -1.00044884e+00
    123.21000000 -9.99748313e-01 -1.00024285e+00
    123.31000000 -9.99957335e-01 -1.00003392e+00
    123.41000000 -1.00016505e+00 -9.99826289e-01
    123.51000000 -1.00036728e+00 -9.99624150e-01
    123.61000000 -1.00055998e+00 -9.99431535e-01
    123.71000000 -1.00073935e+00 -9.99252243e-01
    123.81000000 -1.00090191e+00 -9.99089772e-01
    123.91000000 -1.00104452e+00 -9.98947243e-01
    124.01000000 -1.00116450e+00 -9.98827346e-01
    124.11000000 -1.00125964e+00 -9.98732287e-01
    124.21000000 -1.00132826e+00 -9.98663751e-01
    124.31000000 -1.00136922e+00 -9.98622869e-01
    124.41000000 -1.00138196e+00 -9.98610202e-01
    124.51000000 -1.00136651e+00 -9.98625735e-01
    124.61000000 -1.00132344e+00 -9.98668882e-01
    124.71000000 -1.00125389e+00 -9.98738503e-01
    124.81000000 -1.00115954e+00 -9.98832930e-01
    124.91000000 -1.00104254e+00 -9.98950010e-01
    125.01000000 -1.00090547e+00 -9.99087148e-01
    125.11000000 -1.00075133e+00 -9.99241368e-01
    125.21000000 -1.00058339e+00 -9.99409374e-01
    125.31000000 -1.00040522e+00 -9.99587622e-01
    125.41000000 -1.00022052e+00 -9.99772394e-01
    125.51000000 -1.00003311e+00 -9.99959875e-01
    125.61000000 -9.99846816e-01 -1.00014623e+00
    125.71000000 -9.99665419e-01 -1.00032770e+00
    125.81000000 -9.99492549e-01 -1.00050064e+00
    125.91000000 -9.99331629e-01 -1.00066163e+00
    126.01000000 -9.99185806e-01 -1.00080752e+00
    126.11000000 -9.99057886e-01 -1.00093550e+00
    126.21000000 -9.98950286e-01 -1.00104317e+00
    126.31000000 -9.98864980e-01 -1.00112854e+00
    126.41000000 -9.98803474e-01 -1.00119011e+00
    126.51000000 -9.98766772e-01 -1.00122688e+00
    126.61000000 -9.98755365e-01 -1.00123835e+00
    126.71000000 -9.98769228e-01 -1.00122455e+00
    126.81000000 -9.98807821e-01 -1.00118602e+00
    126.91000000 -9.98870112e-01 -1.00112379e+00
    127.01000000 -9.98954597e-01 -1.00103936e+00
    127.11000000 -9.99059342e-01 -1.00093468e+00
    127.21000000 -9.99182020e-01 -1.00081206e+00
    127.31000000 -9.99319969e-01 -1.00067417e+00
    127.41000000 -9.99470244e-01 -1.00052395e+00
    127.51000000 -9.99629680e-01 -1.00036457e+00
    127.61000000 -9.99794962e-01 -1.00019935e+00
    127.71000000 -9.99962688e-01 -1.00003168e+00
    127.81000000 -1.00012944e+00 -9.99864979e-01
    127.91000000 -1.00029187e+00 -9.99702613e-01
    128.01000000 -1.00044671e+00 -9.99547821e-01
    128.11000000 -1.00059093e+00 -9.99403660e-01
    128.21000000 -1.00072170e+00 -9.99272943e-01
    128.31000000 -1.00083651e+00 -9.99158182e-01
    128.41000000 -1.00093320e+00 -9.99061544e-01
    128.51000000 -1.00100999e+00 -9.98984808e-01
    128.61000000 -1.00106552e+00 -9.98929334e-01
    128.71000000 -1.00109886e+00 -9.98896039e-01
    128.81000000 -1.00110957e+00 -9.98885382e-01
    128.91000000 -1.00109764e+00 -9.98897360e-01
    129.01000000 -1.00106354e+00 -9.98931511e-01
    129.11000000 -1.00100818e+00 -9.98986926e-01
    129.21000000 -1.00093287e+00 -9.99062278e-01
    129.31000000 -1.00083936e+00 -9.99155843e-01
    129.41000000 -1.00072970e+00 -9.99265549e-01
    129.51000000 -1.00060628e+00 -9.99389012e-01
    129.61000000 -1.00047175e+00 -9.99523593e-01
    129.71000000 -1.00032893e+00 -9.99666453e-01
    129.81000000 -1.00018082e+00 -9.99814613e-01
    129.91000000 -1.00003046e+00 -9.99965015e-01
    130.01000000 -9.99880941e-01 -1.00011458e+00
    130.11000000 -9.99735276e-01 -1.00026029e+00
    130.21000000 -9.99596386e-01 -1.00039923e+00
    130.31000000 -9.99467023e-01 -1.00052863e+00
    130.41000000 -9.99349716e-01 -1.00064598e+00
    130.51000000 -9.99246724e-01 -1.00074902e+00
    130.61000000 -9.99159990e-01 -1.00083579e+00
    130.71000000 -9.99091112e-01 -1.00090472e+00
    130.81000000 -9.99041303e-01 -1.00095457e+00
    130.91000000 -9.99011382e-01 -1.00098453e+00
    131.01000000 -9.99001752e-01 -1.00099420e+00
    131.11000000 -9.99012404e-01 -1.00098359e+00
    131.21000000 -9.99042915e-01 -1.00095312e+00
    131.31000000 -9.99092467e-01 -1.00090360e+00
    131.41000000 -9.99159863e-01 -1.00083625e+00
    131.51000000 -9.99243558e-01 -1.00075259e+00
    131.61000000 -9.99341694e-01 -1.00065449e+00
    131.71000000 -9.99452138e-01 -1.00054409e+00
    131.81000000 -9.99572531e-01 -1.00042373e+00
    131.91000000 -9.99700339e-01 -1.00029596e+00
    132.01000000 -9.99832900e-01 -1.00016344e+00
    132.11000000 -9.99967486e-01 -1.00002889e+00
    132.21000000 -1.00010135e+00 -9.99895055e-01
    132.31000000 -1.00023180e+00 -9.99764642e-01
    132.41000000 -1.00035623e+00 -9.99640252e-01
    132.51000000 -1.00047217e+00 -9.99524343e-01
    132.61000000 -1.00057737e+00 -9.99419178e-01
    132.71000000 -1.00066981e+00 -9.99326778e-01
    132.81000000 -1.00074773e+00 -9.99248890e-01
    132.91000000 -1.00080970e+00 -9.99186947e-01
    133.01000000 -1.00085464e+00 -9.99142048e-01
    133.11000000 -1.00088178e+00 -9.99114937e-01
    133.21000000 -1.00089076e+00 -9.99105988e-01
    133.31000000 -1.00088158e+00 -9.99115207e-01
    133.41000000 -1.00085459e+00 -9.99142228e-01
    133.51000000 -1.00081051e+00 -9.99186332e-01
    133.61000000 -1.00075042e+00 -9.99246458e-01
    133.71000000 -1.00067568e+00 -9.99321230e-01
    133.81000000 -1.00058795e+00 -9.99408990e-01
    133.91000000 -1.00048914e+00 -9.99507830e-01
    134.01000000 -1.00038136e+00 -9.99615637e-01
    134.11000000 -1.00026689e+00 -9.99730138e-01
    134.21000000 -1.00014812e+00 -9.99848943e-01
    134.31000000 -1.00002749e+00 -9.99969600e-01
    134.41000000 -9.99907474e-01 -1.00008964e+00
    134.51000000 -9.99790501e-01 -1.00020665e+00
    134.61000000 -9.99678913e-01 -1.00031826e+00
    134.71000000 -9.99574919e-01 -1.00042228e+00
    134.81000000 -9.99480553e-01 -1.00051668e+00
    134.91000000 -9.99397632e-01 -1.00059963e+00
    135.01000000 -9.99327723e-01 -1.00066956e+00
    135.11000000 -9.99272113e-01 -1.00072520e+00
    135.21000000 -9.99231784e-01 -1.00076556e+00
    135.31000000 -9.99207400e-01 -1.00078997e+00
    135.41000000 -9.99199294e-01 -1.00079810e+00
    135.51000000 -9.99207466e-01 -1.00078995e+00
    135.61000000 -9.99231586e-01 -1.00076586e+00
    135.71000000 -9.99271004e-01 -1.00072647e+00
    135.81000000 -9.99324767e-01 -1.00067273e+00
    135.91000000 -9.99391643e-01 -1.00060588e+00
    136.01000000 -9.99470144e-01 -1.00052740e+00
    136.11000000 -9.99558566e-01 -1.00043900e+00
    136.21000000 -9.99655019e-01 -1.00034257e+00
    136.31000000 -9.99757469e-01 -1.00024015e+00
    136.41000000 -9.99863785e-01 -1.00013386e+00
    136.51000000 -9.99971775e-01 -1.00002589e+00
    136.61000000 -1.00007924e+00 -9.99918448e-01
    136.71000000 -1.00018401e+00 -9.99813704e-01
    136.81000000 -1.00028398e+00 -9.99713749e-01
    136.91000000 -1.00037720e+00 -9.99620559e-01
    137.01000000 -1.00046182e+00 -9.99535954e-01
    137.11000000 -1.00053624e+00 -9.99461561e-01
    137.21000000 -1.00059904e+00 -9.99398786e-01
    137.31000000 -1.00064906e+00 -9.99348787e-01
    137.41000000 -1.00068542e+00 -9.99312449e-01
    137.51000000 -1.00070751e+00 -9.99290377e-01
    137.61000000 -1.00071503e+00 -9.99282876e-01
    137.71000000 -1.00070797e+00 -9.99289956e-01
    137.81000000 -1.00068662e+00 -9.99311331e-01
    137.91000000 -1.00065154e+00 -9.99346429e-01
    138.01000000 -1.00060359e+00 -9.99394402e-01
    138.11000000 -1.00054385e+00 -9.99454154e-01
    138.21000000 -1.00047367e+00 -9.99524357e-01
    138.31000000 -1.00039456e+00 -9.99603485e-01
    138.41000000 -1.00030822e+00 -9.99689845e-01
    138.51000000 -1.00021647e+00 -9.99781617e-01
    138.61000000 -1.00012122e+00 -9.99876884e-01
    138.71000000 -1.00002444e+00 -9.99973681e-01
    138.81000000 -9.99928114e-01 -1.00007003e+00
    138.91000000 -9.99834181e-01 -1.00016398e+00
    139.01000000 -9.99744528e-01 -1.00025365e+00
    139.11000000 -9.99660928e-01 -1.00033727e+00
    139.21000000 -9.99585018e-01 -1.00041320e+00
    139.31000000 -9.99518259e-01 -1.00047997e+00
    139.41000000 -9.99461914e-01 -1.00053634e+00
    139.51000000 -9.99417019e-01 -1.00058125e+00
    139.61000000 -9.99384371e-01 -1.00061392e+00
    139.71000000 -9.99364506e-01 -1.00063380e+00
    139.81000000 -9.99357700e-01 -1.00064062e+00
    139.91000000 -9.99363959e-01 -1.00063438e+00
    140.01000000 -9.99383023e-01 -1.00061533e+00
    140.11000000 -9.99414379e-01 -1.00058399e+00
    140.21000000 -9.99457267e-01 -1.00054112e+00
    140.31000000 -9.99510703e-01 -1.00048770e+00
    140.41000000 -9.99573498e-01 -1.00042492e+00
    140.51000000 -9.99644288e-01 -1.00035415e+00
    140.61000000 -9.99721559e-01 -1.00027689e+00
    140.71000000 -9.99803682e-01 -1.00019478e+00
    140.81000000 -9.99888946e-01 -1.00010953e+00
    140.91000000 -9.99975595e-01 -1.00002290e+00
    141.01000000 -1.00006186e+00 -9.99936650e-01
    141.11000000 -1.00014600e+00 -9.99852526e-01
    141.21000000 -1.00022633e+00 -9.99772209e-01
    141.31000000 -1.00030127e+00 -9.99697287e-01
    141.41000000 -1.00036934e+00 -9.99629224e-01
    141.51000000 -1.00042925e+00 -9.99569330e-01
    141.61000000 -1.00047986e+00 -9.99518738e-01
    141.71000000 -1.00052023e+00 -9.99478381e-01
    141.81000000 -1.00054965e+00 -9.99448974e-01
    141.91000000 -1.00056763e+00 -9.99431006e-01
    142.01000000 -1.00057392e+00 -9.99424729e-01
    142.11000000 -1.00056851e+00 -9.99430155e-01
    142.21000000 -1.00055162e+00 -9.99447060e-01
    142.31000000 -1.00052371e+00 -9.99474987e-01
    142.41000000 -1.00048544e+00 -9.99513263e-01
    142.51000000 -1.00043771e+00 -9.99561010e-01
    142.61000000 -1.00038156e+00 -9.99617167e-01
    142.71000000 -1.00031823e+00 -9.99680514e-01
    142.81000000 -1.00024906e+00 -9.99749694e-01
    142.91000000 -1.00017552e+00 -9.99823249e-01
    143.01000000 -1.00009914e+00 -9.99899643e-01
    143.11000000 -1.00002149e+00 -9.99977299e-01
    143.21000000 -9.99944174e-01 -1.00005463e+00
    143.31000000 -9.99868744e-01 -1.00013007e+00
    143.41000000 -9.99796713e-01 -1.00020212e+00
    143.51000000 -9.99729509e-01 -1.00026933e+00
    143.61000000 -9.99668446e-01 -1.00033041e+00
    143.71000000 -9.99614701e-01 -1.00038416e+00
    143.81000000 -9.99569289e-01 -1.00042959e+00
    143.91000000 -9.99533048e-01 -1.00046584e+00
    144.01000000 -9.99506620e-01 -1.00049228e+00
    144.11000000 -9.99490443e-01 -1.00050846e+00
    144.21000000 -9.99484741e-01 -1.00051418e+00
    144.31000000 -9.99489525e-01 -1.00050940e+00
    144.41000000 -9.99504591e-01 -1.00049435e+00
    144.51000000 -9.99529533e-01 -1.00046942e+00
    144.61000000 -9.99563745e-01 -1.00043522e+00
    144.71000000 -9.99606441e-01 -1.00039253e+00
    144.81000000 -9.99656672e-01 -1.00034231e+00
    144.91000000 -9.99713345e-01 -1.00028565e+00
    145.01000000 -9.99775248e-01 -1.00022375e+00
    145.11000000 -9.99841075e-01 -1.00015794e+00
    145.21000000 -9.99909455e-01 -1.00008957e+00
    145.31000000 -9.99978978e-01 -1.00002005e+00
    145.41000000 -1.00004822e+00 -9.99950816e-01
    145.51000000 -1.00011580e+00 -9.99883253e-01
    145.61000000 -1.00018034e+00 -9.99818717e-01
    145.71000000 -1.00024058e+00 -9.99758484e-01
    145.81000000 -1.00029535e+00 -9.99703731e-01
    145.91000000 -1.00034357e+00 -9.99655512e-01
    146.01000000 -1.00038436e+00 -9.99614740e-01
    146.11000000 -1.00041694e+00 -9.99582166e-01
    146.21000000 -1.00044074e+00 -9.99558370e-01
    146.31000000 -1.00045538e+00 -9.99543746e-01
    146.41000000 -1.00046063e+00 -9.99538502e-01
    146.51000000 -1.00045649e+00 -9.99542650e-01
    146.61000000 -1.00044313e+00 -9.99556015e-01
    146.71000000 -1.00042092e+00 -9.99578234e-01
    146.81000000 -1.00039039e+00 -9.99608771e-01
    146.91000000 -1.00035225e+00 -9.99646924e-01
    147.01000000 -1.00030734e+00 -9.99691846e-01
    147.11000000 -1.00025663e+00 -9.99742558e-01
    147.21000000 -1.00020122e+00 -9.99797976e-01
    147.31000000 -1.00014228e+00 -9.99856930e-01
    147.41000000 -1.00008102e+00 -9.99918190e-01
    147.51000000 -1.00001873e+00 -9.99980490e-01
    147.61000000 -9.99956671e-01 -1.00004256e+00
    147.71000000 -9.99896099e-01 -1.00010314e+00
    147.81000000 -9.99838227e-01 -1.00016102e+00
    147.91000000 -9.99784204e-01 -1.00021505e+00
    148.01000000 -9.99735085e-01 -1.00026418e+00
    148.11000000 -9.99691817e-01 -1.00030745e+00
    148.21000000 -9.99655219e-01 -1.00034406e+00
    148.31000000 -9.99625965e-01 -1.00037332e+00
    148.41000000 -9.99604576e-01 -1.00039471e+00
    148.51000000 -9.99591405e-01 -1.00040789e+00
    148.61000000 -9.99586638e-01 -1.00041267e+00
    148.71000000 -9.99590286e-01 -1.00040902e+00
    148.81000000 -9.99602191e-01 -1.00039713e+00
    148.91000000 -9.99622029e-01 -1.00037729e+00
    149.01000000 -9.99649319e-01 -1.00035001e+00
    149.11000000 -9.99683434e-01 -1.00031590e+00
    149.21000000 -9.99723614e-01 -1.00027573e+00
    149.31000000 -9.99768984e-01 -1.00023037e+00
    149.41000000 -9.99818575e-01 -1.00018078e+00
    149.51000000 -9.99871340e-01 -1.00012802e+00
    149.61000000 -9.99926178e-01 -1.00007319e+00
    149.71000000 -9.99981959e-01 -1.00001742e+00
    149.81000000 -1.00003754e+00 -9.99961838e-01
    149.91000000 -1.00009181e+00 -9.99907579e-01
    150.01000000 -1.00014367e+00 -9.99855725e-01
    150.11000000 -1.00019210e+00 -9.99807302e-01
    150.21000000 -1.00023615e+00 -9.99763257e-01
    150.31000000 -1.00027497e+00 -9.99724438e-01
    150.41000000 -1.00030784e+00 -9.99691580e-01
    150.51000000 -1.00033413e+00 -9.99665290e-01
    150.61000000 -1.00035339e+00 -9.99646035e-01
    150.71000000 -1.00036530e+00 -9.99634135e-01
    150.81000000 -1.00036968e+00 -9.99629760e-01
    150.91000000 -1.00036652e+00 -9.99632923e-01
    151.01000000 -1.00035597e+00 -9.99643487e-01
    151.11000000 -1.00033829e+00 -9.99661163e-01
    151.21000000 -1.00031394e+00 -9.99685524e-01
    151.31000000 -1.00028346e+00 -9.99716011e-01
    151.41000000 -1.00024753e+00 -9.99751943e-01
    151.51000000 -1.00020694e+00 -9.99792541e-01
    151.61000000 -1.00016255e+00 -9.99836934e-01
    151.71000000 -1.00011530e+00 -9.99884186e-01
    151.81000000 -1.00006618e+00 -9.99933310e-01
    151.91000000 -1.00001621e+00 -9.99983291e-01
    152.01000000 -9.99966395e-01 -1.00003311e+00
    152.11000000 -9.99917754e-01 -1.00008176e+00
    152.21000000 -9.99871259e-01 -1.00012826e+00
    152.31000000 -9.99827831e-01 -1.00017169e+00
    152.41000000 -9.99788320e-01 -1.00021120e+00
    152.51000000 -9.99753488e-01 -1.00024604e+00
    152.61000000 -9.99723994e-01 -1.00027554e+00
    152.71000000 -9.99700382e-01 -1.00029916e+00
    152.81000000 -9.99683072e-01 -1.00031647e+00
    152.91000000 -9.99672352e-01 -1.00032719e+00
    153.01000000 -9.99668373e-01 -1.00033118e+00
    153.11000000 -9.99671148e-01 -1.00032841e+00
    153.21000000 -9.99680553e-01 -1.00031901e+00
    153.31000000 -9.99696332e-01 -1.00030323e+00
    153.41000000 -9.99718100e-01 -1.00028147e+00
    153.51000000 -9.99745358e-01 -1.00025422e+00
    153.61000000 -9.99777497e-01 -1.00022208e+00
    153.71000000 -9.99813819e-01 -1.00018576e+00
    153.81000000 -9.99853545e-01 -1.00014604e+00
    153.91000000 -9.99895838e-01 -1.00010375e+00
    154.01000000 -9.99939816e-01 -1.00005978e+00
    154.11000000 -9.99984570e-01 -1.00001503e+00
    154.21000000 -1.00002919e+00 -9.99970414e-01
    154.31000000 -1.00007277e+00 -9.99926839e-01
    154.41000000 -1.00011443e+00 -9.99885176e-01
    154.51000000 -1.00015337e+00 -9.99846248e-01
    154.61000000 -1.00018880e+00 -9.99810818e-01
    154.71000000 -1.00022005e+00 -9.99779568e-01
    154.81000000 -1.00024654e+00 -9.99753089e-01
    154.91000000 -1.00026776e+00 -9.99731871e-01
    155.01000000 -1.00028334e+00 -9.99716291e-01
    155.11000000 -1.00029303e+00 -9.99706610e-01
    155.21000000 -1.00029668e+00 -9.99702965e-01
    155.31000000 -1.00029427e+00 -9.99705370e-01
    155.41000000 -1.00028593e+00 -9.99713717e-01
    155.51000000 -1.00027187e+00 -9.99727778e-01
    155.61000000 -1.00025244e+00 -9.99747211e-01
    155.71000000 -1.00022809e+00 -9.99771570e-01
    155.81000000 -1.00019935e+00 -9.99800313e-01
    155.91000000 -1.00016685e+00 -9.99832813e-01
    156.01000000 -1.00013129e+00 -9.99868374e-01
    156.11000000 -1.00009342e+00 -9.99906246e-01
    156.21000000 -1.00005404e+00 -9.99945638e-01
    156.31000000 -1.00001394e+00 -9.99985737e-01
    156.41000000 -9.99973958e-01 -1.00002572e+00
    156.51000000 -9.99934898e-01 -1.00006479e+00
    156.61000000 -9.99897543e-01 -1.00010214e+00
    156.71000000 -9.99862634e-01 -1.00013706e+00
    156.81000000 -9.99830852e-01 -1.00016884e+00
    156.91000000 -9.99802812e-01 -1.00019688e+00
    157.01000000 -9.99779044e-01 -1.00022066e+00
    157.11000000 -9.99759987e-01 -1.00023972e+00
    157.21000000 -9.99745980e-01 -1.00025373e+00
    157.31000000 -9.99737257e-01 -1.00026245e+00
    157.41000000 -9.99733941e-01 -1.00026577e+00
    157.51000000 -9.99736046e-01 -1.00026367e+00
    157.61000000 -9.99743474e-01 -1.00025624e+00
    157.71000000 -9.99756023e-01 -1.00024370e+00
    157.81000000 -9.99773386e-01 -1.00022634e+00
    157.91000000 -9.99795164e-01 -1.00020456e+00
    158.01000000 -9.99820872e-01 -1.00017886e+00
    158.11000000 -9.99849949e-01 -1.00014978e+00
    158.21000000 -9.99881773e-01 -1.00011796e+00
    158.31000000 -9.99915672e-01 -1.00008406e+00
    158.41000000 -9.99950940e-01 -1.00004880e+00
    158.51000000 -9.99986847e-01 -1.00001289e+00
    158.61000000 -1.00002266e+00 -9.99977083e-01
    158.71000000 -1.00005766e+00 -9.99942090e-01
    158.81000000 -1.00009113e+00 -9.99908615e-01
    158.91000000 -1.00012243e+00 -9.99877322e-01
    159.01000000 -1.00015093e+00 -9.99848822e-01
    159.11000000 -1.00017609e+00 -9.99823665e-01
    159.21000000 -1.00019743e+00 -9.99802327e-01
    159.31000000 -1.00021456e+00 -9.99785203e-01
    159.41000000 -1.00022716e+00 -9.99772599e-01
    159.51000000 -1.00023504e+00 -9.99764724e-01
    159.61000000 -1.00023808e+00 -9.99761691e-01
    159.71000000 -1.00023626e+00 -9.99763514e-01
    159.81000000 -1.00022967e+00 -9.99770107e-01
    159.91000000 -1.00021848e+00 -9.99781291e-01
    160.01000000 -1.00020298e+00 -9.99796793e-01
    160.11000000 -1.00018352e+00 -9.99816256e-01
    160.21000000 -1.00016054e+00 -9.99839246e-01
    160.31000000 -1.00013452e+00 -9.99865263e-01
    160.41000000 -1.00010604e+00 -9.99893750e-01
    160.51000000 -1.00007568e+00 -9.99924104e-01
    160.61000000 -1.00004410e+00 -9.99955692e-01
    160.71000000 -1.00001193e+00 -9.99987862e-01
    160.81000000 -9.99979839e-01 -1.00001996e+00
    160.91000000 -9.99948473e-01 -1.00005132e+00
    161.01000000 -9.99918462e-01 -1.00008134e+00
    161.11000000 -9.99890400e-01 -1.00010940e+00
    161.21000000 -9.99864836e-01 -1.00013497e+00
    161.31000000 -9.99842263e-01 -1.00015754e+00
    161.41000000 -9.99823110e-01 -1.00017670e+00
    161.51000000 -9.99807730e-01 -1.00019208e+00
    161.61000000 -9.99796397e-01 -1.00020341e+00
    161.71000000 -9.99789300e-01 -1.00021051e+00
    161.81000000 -9.99786541e-01 -1.00021327e+00
    161.91000000 -9.99788133e-01 -1.00021168e+00
    162.01000000 -9.99793999e-01 -1.00020582e+00
    162.11000000 -9.99803978e-01 -1.00019584e+00
    162.21000000 -9.99817827e-01 -1.00018199e+00
    162.31000000 -9.99835227e-01 -1.00016460e+00
    162.41000000 -9.99855789e-01 -1.00014404e+00
    162.51000000 -9.99879066e-01 -1.00012076e+00
    162.61000000 -9.99904560e-01 -1.00009527e+00
    162.71000000 -9.99931731e-01 -1.00006810e+00
    162.81000000 -9.99960012e-01 -1.00003982e+00
    162.91000000 -9.99988821e-01 -1.00001101e+00
    163.01000000 -1.00001757e+00 -9.99982267e-01
    163.11000000 -1.00004567e+00 -9.99954166e-01
    163.21000000 -1.00007257e+00 -9.99927271e-01
    163.31000000 -1.00009772e+00 -9.99902115e-01
    163.41000000 -1.00012065e+00 -9.99879190e-01
    163.51000000 -1.00014090e+00 -9.99858939e-01
    163.61000000 -1.00015810e+00 -9.99841745e-01
    163.71000000 -1.00017192e+00 -9.99827926e-01
    163.81000000 -1.00018212e+00 -9.99817729e-01
    163.91000000 -1.00018853e+00 -9.99811324e-01
    164.01000000 -1.00019105e+00 -9.99808803e-01
    164.11000000 -1.00018967e+00 -9.99810180e-01
    164.21000000 -1.00018447e+00 -9.99815388e-01
    164.31000000 -1.00017557e+00 -9.99824282e-01
    164.41000000 -1.00016321e+00 -9.99836647e-01
    164.51000000 -1.00014766e+00 -9.99852197e-01
    164.61000000 -1.00012927e+00 -9.99870586e-01
    164.71000000 -1.00010845e+00 -9.99891414e-01
    164.81000000 -1.00008563e+00 -9.99914233e-01
    164.91000000 -1.00006130e+00 -9.99938561e-01
    165.01000000 -1.00003597e+00 -9.99963891e-01
    165.11000000 -1.00001017e+00 -9.99989700e-01
    165.21000000 -9.99984408e-01 -1.00001546e+00
    165.31000000 -9.99959222e-01 -1.00004065e+00
    165.41000000 -9.99935110e-01 -1.00006476e+00
    165.51000000 -9.99912553e-01 -1.00008732e+00
    165.61000000 -9.99891990e-01 -1.00010788e+00
    165.71000000 -9.99873820e-01 -1.00012605e+00
    165.81000000 -9.99858386e-01 -1.00014149e+00
    165.91000000 -9.99845974e-01 -1.00015390e+00
    166.01000000 -9.99836805e-01 -1.00016307e+00
    166.11000000 -9.99831033e-01 -1.00016885e+00
    166.21000000 -9.99828741e-01 -1.00017114e+00
    166.31000000 -9.99829939e-01 -1.00016994e+00
    166.41000000 -9.99834571e-01 -1.00016531e+00
    166.51000000 -9.99842506e-01 -1.00015738e+00
    166.61000000 -9.99853552e-01 -1.00014633e+00
    166.71000000 -9.99867453e-01 -1.00013243e+00
    166.81000000 -9.99883900e-01 -1.00011599e+00
    166.91000000 -9.99902534e-01 -1.00009735e+00
    167.01000000 -9.99922955e-01 -1.00007693e+00
    167.11000000 -9.99944733e-01 -1.00005516e+00
    167.21000000 -9.99967412e-01 -1.00003248e+00
    167.31000000 -9.99990525e-01 -1.00000937e+00
    167.41000000 -1.00001360e+00 -9.99986295e-01
    167.51000000 -1.00003617e+00 -9.99963728e-01
    167.61000000 -1.00005778e+00 -9.99942120e-01
    167.71000000 -1.00007800e+00 -9.99921898e-01
    167.81000000 -1.00009644e+00 -9.99903458e-01
    167.91000000 -1.00011274e+00 -9.99887156e-01
    168.01000000 -1.00012660e+00 -9.99873302e-01
    168.11000000 -1.00013775e+00 -9.99862150e-01
    168.21000000 -1.00014600e+00 -9.99853901e-01
    168.31000000 -1.00015121e+00 -9.99848693e-01
    168.41000000 -1.00015330e+00 -9.99846601e-01
    168.51000000 -1.00015227e+00 -9.99847637e-01
    168.61000000 -1.00014816e+00 -9.99851748e-01
    168.71000000 -1.00014109e+00 -9.99858821e-01
    168.81000000 -1.00013122e+00 -9.99868683e-01
    168.91000000 -1.00011880e+00 -9.99881107e-01
    169.01000000 -1.00010409e+00 -9.99895816e-01
    169.11000000 -1.00008742e+00 -9.99912488e-01
    169.21000000 -1.00006914e+00 -9.99930767e-01
    169.31000000 -1.00004965e+00 -9.99950266e-01
    169.41000000 -1.00002934e+00 -9.99970578e-01
    169.51000000 -1.00000863e+00 -9.99991283e-01
    169.61000000 -9.99987957e-01 -1.00001196e+00
    169.71000000 -9.99967732e-01 -1.00003218e+00
    169.81000000 -9.99948361e-01 -1.00005156e+00
    169.91000000 -9.99930229e-01 -1.00006969e+00
    170.01000000 -9.99913689e-01 -1.00008623e+00
    170.11000000 -9.99899063e-01 -1.00010086e+00
    170.21000000 -9.99886627e-01 -1.00011329e+00
    170.31000000 -9.99876610e-01 -1.00012331e+00
    170.41000000 -9.99869193e-01 -1.00013073e+00
    170.51000000 -9.99864499e-01 -1.00013542e+00
    170.61000000 -9.99862597e-01 -1.00013733e+00
    170.71000000 -9.99863496e-01 -1.00013643e+00
    170.81000000 -9.99867151e-01 -1.00013277e+00
    170.91000000 -9.99873461e-01 -1.00012646e+00
    171.01000000 -9.99882270e-01 -1.00011766e+00
    171.11000000 -9.99893376e-01 -1.00010655e+00
    171.21000000 -9.99906531e-01 -1.00009340e+00
    171.31000000 -9.99921447e-01 -1.00007848e+00
    171.41000000 -9.99937806e-01 -1.00006212e+00
    171.51000000 -9.99955261e-01 -1.00004467e+00
    171.61000000 -9.99973448e-01 -1.00002648e+00
    171.71000000 -9.99991990e-01 -1.00000794e+00
    171.81000000 -1.00001051e+00 -9.99989421e-01
    171.91000000 -1.00002863e+00 -9.99971300e-01
    172.01000000 -1.00004599e+00 -9.99953939e-01
    172.11000000 -1.00006225e+00 -9.99937684e-01
    172.21000000 -1.00007708e+00 -9.99922852e-01
    172.31000000 -1.00009021e+00 -9.99909729e-01
    172.41000000 -1.00010137e+00 -9.99898566e-01
    172.51000000 -1.00011037e+00 -9.99889567e-01
    172.61000000 -1.00011704e+00 -9.99882895e-01
    172.71000000 -1.00012128e+00 -9.99878660e-01
    172.81000000 -1.00012301e+00 -9.99876926e-01
    172.91000000 -1.00012224e+00 -9.99877701e-01
    173.01000000 -1.00011899e+00 -9.99880946e-01
    173.11000000 -1.00011337e+00 -9.99886570e-01
    173.21000000 -1.00010550e+00 -9.99894436e-01
    173.31000000 -1.00009558e+00 -9.99904362e-01
    173.41000000 -1.00008382e+00 -9.99916126e-01
    173.51000000 -1.00007047e+00 -9.99929472e-01
    173.61000000 -1.00005583e+00 -9.99944114e-01
    173.71000000 -1.00004020e+00 -9.99959742e-01
    173.81000000 -1.00002391e+00 -9.99976030e-01
    173.91000000 -1.00000730e+00 -9.99992640e-01
    174.01000000 -9.99990711e-01 -1.00000923e+00
    174.11000000 -9.99974470e-01 -1.00002548e+00
    174.21000000 -9.99958908e-01 -1.00004104e+00
    174.31000000 -9.99944332e-01 -1.00005561e+00
    174.41000000 -9.99931029e-01 -1.00006892e+00
    174.51000000 -9.99919256e-01 -1.00008069e+00
    174.61000000 -9.99909235e-01 -1.00009071e+00
    174.71000000 -9.99901152e-01 -1.00009880e+00
    174.81000000 -9.99895153e-01 -1.00010480e+00
    174.91000000 -9.99891336e-01 -1.00010861e+00
    175.01000000 -9.99889759e-01 -1.00011019e+00
    175.11000000 -9.99890431e-01 -1.00010952e+00
    175.21000000 -9.99893315e-01 -1.00010664e+00
    175.31000000 -9.99898331e-01 -1.00010162e+00
    175.41000000 -9.99905357e-01 -1.00009460e+00
    175.51000000 -9.99914229e-01 -1.00008572e+00
    175.61000000 -9.99924751e-01 -1.00007520e+00
    175.71000000 -9.99936691e-01 -1.00006326e+00
    175.81000000 -9.99949795e-01 -1.00005016e+00
    175.91000000 -9.99963785e-01 -1.00003617e+00
    176.01000000 -9.99978369e-01 -1.00002159e+00
    176.11000000 -9.99993245e-01 -1.00000671e+00
    176.21000000 -1.00000811e+00 -9.99991846e-01
    176.31000000 -1.00002266e+00 -9.99977294e-01
    176.41000000 -1.00003661e+00 -9.99963347e-01
    176.51000000 -1.00004968e+00 -9.99950280e-01
    176.61000000 -1.00006161e+00 -9.99938350e-01
    176.71000000 -1.00007217e+00 -9.99927787e-01
    176.81000000 -1.00008117e+00 -9.99918792e-01
    176.91000000 -1.00008843e+00 -9.99911531e-01
    177.01000000 -1.00009383e+00 -9.99906134e-01
    177.11000000 -1.00009727e+00 -9.99902692e-01
    177.21000000 -1.00009870e+00 -9.99901255e-01
    177.31000000 -1.00009813e+00 -9.99901833e-01
    177.41000000 -1.00009557e+00 -9.99904393e-01
    177.51000000 -1.00009110e+00 -9.99908865e-01
    177.61000000 -1.00008482e+00 -9.99915138e-01
    177.71000000 -1.00007689e+00 -9.99923068e-01
    177.81000000 -1.00006749e+00 -9.99932477e-01
    177.91000000 -1.00005680e+00 -9.99943160e-01
    178.01000000 -1.00004507e+00 -9.99954889e-01
    178.11000000 -1.00003255e+00 -9.99967414e-01
    178.21000000 -1.00001949e+00 -9.99980475e-01
    178.31000000 -1.00000616e+00 -9.99993801e-01
    178.41000000 -9.99992845e-01 -1.00000712e+00
    178.51000000 -9.99979804e-01 -1.00002016e+00
    178.61000000 -9.99967302e-01 -1.00003266e+00
    178.71000000 -9.99955586e-01 -1.00004438e+00
    178.81000000 -9.99944886e-01 -1.00005508e+00
    178.91000000 -9.99935409e-01 -1.00006456e+00
    179.01000000 -9.99927335e-01 -1.00007263e+00
    179.11000000 -9.99920813e-01 -1.00007915e+00
    179.21000000 -9.99915960e-01 -1.00008401e+00
    179.31000000 -9.99912858e-01 -1.00008711e+00
    179.41000000 -9.99911552e-01 -1.00008842e+00
    179.51000000 -9.99912051e-01 -1.00008792e+00
    179.61000000 -9.99914326e-01 -1.00008564e+00
    179.71000000 -9.99918314e-01 -1.00008166e+00
    179.81000000 -9.99923916e-01 -1.00007605e+00
    179.91000000 -9.99931004e-01 -1.00006897e+00
    180.01000000 -9.99939419e-01 -1.00006055e+00
    180.11000000 -9.99948978e-01 -1.00005099e+00
    180.21000000 -9.99959474e-01 -1.00004050e+00
    180.31000000 -9.99970687e-01 -1.00002928e+00
    180.41000000 -9.99982381e-01 -1.00001759e+00
    180.51000000 -9.99994316e-01 -1.00000566e+00
    180.61000000 -1.00000625e+00 -9.99993725e-01
    180.71000000 -1.00001793e+00 -9.99982040e-01
    180.81000000 -1.00002914e+00 -9.99970834e-01
    180.91000000 -1.00003964e+00 -9.99960331e-01
    181.01000000 -1.00004924e+00 -9.99950736e-01
    181.11000000 -1.00005774e+00 -9.99942233e-01
    181.21000000 -1.00006499e+00 -9.99934986e-01
    181.31000000 -1.00007085e+00 -9.99929127e-01
    181.41000000 -1.00007521e+00 -9.99924762e-01
    181.51000000 -1.00007801e+00 -9.99921965e-01
    181.61000000 -1.00007920e+00 -9.99920776e-01
    181.71000000 -1.00007877e+00 -9.99921203e-01
    181.81000000 -1.00007675e+00 -9.99923223e-01
    181.91000000 -1.00007320e+00 -9.99926778e-01
    182.01000000 -1.00006819e+00 -9.99931780e-01
    182.11000000 -1.00006186e+00 -9.99938115e-01
    182.21000000 -1.00005434e+00 -9.99945641e-01
    182.31000000 -1.00004578e+00 -9.99954192e-01
    182.41000000 -1.00003639e+00 -9.99963587e-01
    182.51000000 -1.00002635e+00 -9.99973626e-01
    182.61000000 -1.00001588e+00 -9.99984098e-01
    182.71000000 -1.00000519e+00 -9.99994789e-01
    182.81000000 -9.99994499e-01 -1.00000548e+00
    182.91000000 -9.99984027e-01 -1.00001595e+00
    183.01000000 -9.99973983e-01 -1.00002600e+00
    183.11000000 -9.99964565e-01 -1.00003541e+00
    183.21000000 -9.99955959e-01 -1.00004402e+00
    183.31000000 -9.99948331e-01 -1.00005165e+00
    183.41000000 -9.99941826e-01 -1.00005815e+00
    183.51000000 -9.99936563e-01 -1.00006342e+00
    183.61000000 -9.99932639e-01 -1.00006734e+00
    183.71000000 -9.99930117e-01 -1.00006986e+00
    183.81000000 -9.99929037e-01 -1.00007094e+00
    183.91000000 -9.99929405e-01 -1.00007057e+00
    184.01000000 -9.99931199e-01 -1.00006878e+00
    184.11000000 -9.99934369e-01 -1.00006561e+00
    184.21000000 -9.99938837e-01 -1.00006114e+00
    184.31000000 -9.99944499e-01 -1.00005548e+00
    184.41000000 -9.99951229e-01 -1.00004875e+00
    184.51000000 -9.99958880e-01 -1.00004110e+00
    184.61000000 -9.99967288e-01 -1.00003269e+00
    184.71000000 -9.99976274e-01 -1.00002371e+00
    184.81000000 -9.99985652e-01 -1.00001433e+00
    184.91000000 -9.99995227e-01 -1.00000475e+00
    185.01000000 -1.00000480e+00 -9.99995179e-01
    185.11000000 -1.00001419e+00 -9.99985796e-01
    185.21000000 -1.00002319e+00 -9.99976794e-01
    185.31000000 -1.00003163e+00 -9.99968351e-01
    185.41000000 -1.00003935e+00 -9.99960633e-01
    185.51000000 -1.00004619e+00 -9.99953790e-01
    185.61000000 -1.00005203e+00 -9.99947951e-01
    185.71000000 -1.00005676e+00 -9.99943223e-01
    185.81000000 -1.00006029e+00 -9.99939693e-01
    185.91000000 -1.00006256e+00 -9.99937420e-01
    186.01000000 -1.00006355e+00 -9.99936437e-01
    186.11000000 -1.00006323e+00 -9.99936752e-01
    186.21000000 -1.00006164e+00 -9.99938344e-01
    186.31000000 -1.00005881e+00 -9.99941170e-01
    186.41000000 -1.00005482e+00 -9.99945159e-01
    186.51000000 -1.00004976e+00 -9.99950220e-01
    186.61000000 -1.00004375e+00 -9.99956238e-01
    186.71000000 -1.00003690e+00 -9.99963084e-01
    186.81000000 -1.00002938e+00 -9.99970609e-01
    186.91000000 -1.00002133e+00 -9.99978654e-01
    187.01000000 -1.00001293e+00 -9.99987052e-01
    187.11000000 -1.00000436e+00 -9.99995628e-01
    187.21000000 -9.99995777e-01 -1.00000421e+00
    187.31000000 -9.99987369e-01 -1.00001262e+00
    187.41000000 -9.99979300e-01 -1.00002069e+00
    187.51000000 -9.99971730e-01 -1.00002826e+00
    187.61000000 -9.99964808e-01 -1.00003518e+00
    187.71000000 -9.99958669e-01 -1.00004132e+00
    187.81000000 -9.99953427e-01 -1.00004656e+00
    187.91000000 -9.99949181e-01 -1.00005081e+00
    188.01000000 -9.99946007e-01 -1.00005398e+00
    188.11000000 -9.99943958e-01 -1.00005603e+00
    188.21000000 -9.99943065e-01 -1.00005692e+00
    188.31000000 -9.99943335e-01 -1.00005665e+00
    188.41000000 -9.99944749e-01 -1.00005524e+00
    188.51000000 -9.99947269e-01 -1.00005272e+00
    188.61000000 -9.99950831e-01 -1.00004916e+00
    188.71000000 -9.99955355e-01 -1.00004463e+00
    188.81000000 -9.99960737e-01 -1.00003925e+00
    188.91000000 -9.99966861e-01 -1.00003313e+00
    189.01000000 -9.99973596e-01 -1.00002639e+00
    189.11000000 -9.99980798e-01 -1.00001919e+00
    189.21000000 -9.99988318e-01 -1.00001167e+00
    189.31000000 -9.99995999e-01 -1.00000399e+00
    189.41000000 -1.00000368e+00 -9.99996303e-01
    189.51000000 -1.00001122e+00 -9.99988769e-01
    189.61000000 -1.00001845e+00 -9.99981537e-01
    189.71000000 -1.00002524e+00 -9.99974751e-01
    189.81000000 -1.00003145e+00 -9.99968543e-01
    189.91000000 -1.00003695e+00 -9.99963035e-01
    190.01000000 -1.00004166e+00 -9.99958330e-01
    190.11000000 -1.00004547e+00 -9.99954516e-01
    190.21000000 -1.00004833e+00 -9.99951662e-01
    190.31000000 -1.00005017e+00 -9.99949815e-01
    190.41000000 -1.00005099e+00 -9.99949003e-01
    190.51000000 -1.00005076e+00 -9.99949232e-01
    190.61000000 -1.00004950e+00 -9.99950487e-01
    190.71000000 -1.00004726e+00 -9.99952733e-01
    190.81000000 -1.00004408e+00 -9.99955914e-01
    190.91000000 -1.00004003e+00 -9.99959957e-01
    191.01000000 -1.00003522e+00 -9.99964770e-01
    191.11000000 -1.00002974e+00 -9.99970250e-01
    191.21000000 -1.00002371e+00 -9.99976277e-01
    191.31000000 -1.00001727e+00 -9.99982725e-01
    191.41000000 -1.00001053e+00 -9.99989459e-01
    191.51000000 -1.00000365e+00 -9.99996339e-01
    191.61000000 -9.99996765e-01 -1.00000323e+00
    191.71000000 -9.99990014e-01 -1.00000998e+00
    191.81000000 -9.99983531e-01 -1.00001646e+00
    191.91000000 -9.99977447e-01 -1.00002254e+00
    192.01000000 -9.99971880e-01 -1.00002811e+00
    192.11000000 -9.99966938e-01 -1.00003305e+00
    192.21000000 -9.99962715e-01 -1.00003728e+00
    192.31000000 -9.99959290e-01 -1.00004070e+00
    192.41000000 -9.99956723e-01 -1.00004327e+00
    192.51000000 -9.99955058e-01 -1.00004493e+00
    192.61000000 -9.99954321e-01 -1.00004567e+00
    192.71000000 -9.99954516e-01 -1.00004548e+00
    192.81000000 -9.99955631e-01 -1.00004436e+00
    192.91000000 -9.99957633e-01 -1.00004236e+00
    193.01000000 -9.99960474e-01 -1.00003952e+00
    193.11000000 -9.99964087e-01 -1.00003590e+00
    193.21000000 -9.99968392e-01 -1.00003160e+00
    193.31000000 -9.99973294e-01 -1.00002670e+00
    193.41000000 -9.99978688e-01 -1.00002130e+00
    193.51000000 -9.99984461e-01 -1.00001553e+00
    193.61000000 -9.99990490e-01 -1.00000950e+00
    193.71000000 -9.99996653e-01 -1.00000334e+00
    193.81000000 -1.00000282e+00 -9.99997171e-01
    193.91000000 -1.00000887e+00 -9.99991121e-01
    194.01000000 -1.00001468e+00 -9.99985311e-01
    194.11000000 -1.00002014e+00 -9.99979857e-01
    194.21000000 -1.00002513e+00 -9.99974864e-01
    194.31000000 -1.00002956e+00 -9.99970431e-01
    194.41000000 -1.00003335e+00 -9.99966640e-01
    194.51000000 -1.00003643e+00 -9.99963563e-01
    194.61000000 -1.00003874e+00 -9.99961255e-01
    194.71000000 -1.00004024e+00 -9.99959755e-01
    194.81000000 -1.00004091e+00 -9.99959085e-01
    194.91000000 -1.00004074e+00 -9.99959250e-01
    195.01000000 -1.00003975e+00 -9.99960239e-01
    195.11000000 -1.00003797e+00 -9.99962024e-01
    195.21000000 -1.00003543e+00 -9.99964561e-01
    195.31000000 -1.00003220e+00 -9.99967790e-01
    195.41000000 -1.00002835e+00 -9.99971639e-01
    195.51000000 -1.00002397e+00 -9.99976025e-01
    195.61000000 -1.00001914e+00 -9.99980853e-01
    195.71000000 -1.00001397e+00 -9.99986021e-01
    195.81000000 -1.00000857e+00 -9.99991420e-01
    195.91000000 -1.00000305e+00 -9.99996940e-01
    196.01000000 -9.99997528e-01 -1.00000247e+00
    196.11000000 -9.99992106e-01 -1.00000789e+00
    196.21000000 -9.99986899e-01 -1.00001310e+00
    196.31000000 -9.99982008e-01 -1.00001799e+00
    196.41000000 -9.99977531e-01 -1.00002246e+00
    196.51000000 -9.99973553e-01 -1.00002644e+00
    196.61000000 -9.99970151e-01 -1.00002984e+00
    196.71000000 -9.99967388e-01 -1.00003261e+00
    196.81000000 -9.99965312e-01 -1.00003468e+00
    196.91000000 -9.99963960e-01 -1.00003603e+00
    197.01000000 -9.99963351e-01 -1.00003664e+00
    197.11000000 -9.99963491e-01 -1.00003650e+00
    197.21000000 -9.99964370e-01 -1.00003562e+00
    197.31000000 -9.99965961e-01 -1.00003403e+00
    197.41000000 -9.99968226e-01 -1.00003177e+00
    197.51000000 -9.99971112e-01 -1.00002888e+00
    197.61000000 -9.99974555e-01 -1.00002544e+00
    197.71000000 -9.99978479e-01 -1.00002152e+00
    197.81000000 -9.99982799e-01 -1.00001720e+00
    197.91000000 -9.99987425e-01 -1.00001257e+00
    198.01000000 -9.99992260e-01 -1.00000773e+00
    198.11000000 -9.99997204e-01 -1.00000279e+00
    198.21000000 -1.00000215e+00 -9.99997841e-01
    198.31000000 -1.00000701e+00 -9.99992983e-01
    198.41000000 -1.00001168e+00 -9.99988315e-01
    198.51000000 -1.00001606e+00 -9.99983931e-01
    198.61000000 -1.00002008e+00 -9.99979916e-01
    198.71000000 -1.00002365e+00 -9.99976347e-01
    198.81000000 -1.00002670e+00 -9.99973294e-01
    198.91000000 -1.00002918e+00 -9.99970811e-01
    199.01000000 -1.00003105e+00 -9.99968945e-01
    199.11000000 -1.00003227e+00 -9.99967726e-01
    199.21000000 -1.00003282e+00 -9.99967174e-01
    199.31000000 -1.00003270e+00 -9.99967291e-01
    199.41000000 -1.00003193e+00 -9.99968071e-01
    199.51000000 -1.00003051e+00 -9.99969489e-01
    199.61000000 -1.00002848e+00 -9.99971511e-01
    199.71000000 -1.00002591e+00 -9.99974091e-01
    199.81000000 -1.00002283e+00 -9.99977169e-01
    199.91000000 -1.00001932e+00 -9.99980680e-01
